29
38
47
26
14
9
14
11
9
13
12
19
36
27
32
34
42
40
38
46
55
77
68
93
94
83
133
130
127
162
144
158
221
235
249
287
307
325
372
394
417
439
508
445
481
497
397
394
441
402
334
291
277
267
218
242
273
335
322
364
425
460
463
533
576
630
698
738
833
858
857
900
926
927
885
858
895
811
757
767
687
677
648
623
616
627
687
690
739
749
794
831
819
847
842
837
816
721
692
684
634
522
500
471
377
374
312
294
258
202
194
182
178
137
143
119
104
110
114
103
85
102
78
73
105
89
85
90
101
113
109
108
129
126
116
140
169
148
171
179
195
171
216
219
258
252
281
294
280
332
357
369
378
405
441
458
546
517
515
611
589
620
664
703
763
767
829
848
855
900
925
1001
979
1057
1095
1074
1156
1173
1243
1193
1291
1297
1320
1416
1482
1474
1543
1635
1708
1818
1942
1927
2045
2124
2286
2420
2566
2603
2671
2879
2972
3149
3243
3415
3586
3684
3816
4016
4147
4353
4261
4576
4565
4773
4899
4878
4959
4831
4941
5061
5068
4987
4994
5000
4823
4608
4595
4579
4551
4334
4162
4053
3914
3572
3495
3355
3199
2891
2682
2539
2388
2176
1983
1866
1712
1586
1366
1305
1145
1049
947
869
723
674
654
500
487
422
356
331
286
250
212
203
187
147
122
122
115
103
85
64
81
75
67
66
68
49
57
56
51
45
48
46
52
48
37
45
47
45
40
38
44
38
36
34
40
37
40
43
47
31
31
17
29
34
28
39
27
33
34
36
29
37
29
31
24
39
31
25
27
32
29
38
28
23
22
35
33
29
23
26
21
25
27
33
30
33
26
28
33
25
29
28
25
20
24
18
27
22
32
29
25
28
28
20
19
22
36
24
30
27
33
24
23
25
31
15
27
30
28
26
34
37
20
19
28
26
32
24
25
24
35
21
32
31
20
26
17
30
30
23
37
28
34
28
26
17
26
28
21
23
22
24
29
25
24
22
25
30
33
23
19
15
19
28
24
24
25
26
20
20
22
17
21
15
20
21
24
20
31
19
26
19
25
21
16
18
22
23
29
29
12
21
23
23
29
21
20
18
17
20
23
22
18
13
23
21
18
28
17
23
16
27
28
15
27
28
20
17
21
19
17
22
16
32
11
25
19
17
27
23
17
13
13
22
21
21
19
21
18
17
15
14
21
15
17
18
22
14
21
20
17
17
20
22
22
14
14
17
18
11
13
11
23
26
20
19
18
12
17
12
10
24
14
25
12
17
17
15
11
14
17
12
15
12
21
8
19
19
18
11
15
19
14
16
14
13
8
11
11
20
18
27
16
21
16
19
10
10
14
9
8
18
9
12
21
11
22
10
18
15
17
15
8
18
16
12
16
18
19
16
19
17
16
21
19
13
23
10
13
20
8
10
20
17
5
15
18
19
16
5
11
15
12
19
17
7
17
15
13
11
12
13
18
14
20
17
12
11
13
13
20
11
12
19
16
11
9
16
9
17
18
14
11
12
12
14
17
20
16
13
19
12
9
8
12
15
12
11
15
16
17
8
14
18
20
15
17
21
8
10
13
15
14
10
14
11
14
11
21
18
14
15
10
15
14
8
11
22
15
17
18
16
12
14
17
9
18
9
12
16
5
19
18
9
14
17
11
11
14
8
13
8
10
10
14
13
11
16
19
14
16
17
15
13
11
8
7
13
14
17
10
9
20
9
10
19
11
16
11
14
11
11
15
15
12
17
13
15
16
15
8
10
9
14
11
11
15
18
15
16
17
10
14
12
18
14
14
16
11
12
14
12
12
14
14
13
18
6
10
17
15
12
19
16
12
13
17
11
8
21
9
17
18
12
20
19
15
14
9
12
18
11
14
4
9
6
15
12
11
11
11
15
10
10
13
5
7
9
10
13
17
12
18
13
7
15
19
19
16
14
13
13
16
11
20
9
7
16
16
10
17
10
13
16
13
12
16
14
14
9
15
15
13
6
8
8
9
8
12
17
13
15
13
8
13
10
13
15
12
16
12
15
13
15
8
17
11
10
10
17
11
18
9
18
9
14
12
13
12
21
20
8
17
11
21
8
4
14
6
18
11
10
13
8
15
11
8
11
7
14
11
11
13
14
19
8
12
10
21
9
12
11
11
15
14
18
12
14
13
18
15
11
18
12
13
11
19
14
12
16
22
10
10
15
13
15
19
10
16
13
16
16
18
13
10
7
9
15
13
9
6
9
11
11
10
13
7
11
15
15
7
19
13
17
12
11
9
9
11
16
11
11
15
16
11
14
12
9
10
11
7
14
11
13
13
12
13
8
16
11
10
13
16
17
3
13
20
12
12
6
11
7
11
8
8
7
9
11
10
13
12
7
11
17
9
13
12
7
6
5
8
11
15
9
16
13
15
14
11
10
8
11
7
10
10
8
6
14
7
13
7
8
7
12
7
6
10
13
6
6
9
16
11
11
18
17
12
11
13
9
8
10
9
8
4
5
10
6
8
12
11
10
11
7
15
9
6
12
10
12
12
10
10
10
13
12
4
6
11
7
7
11
4
9
5
11
5
9
12
9
12
10
8
8
11
7
9
18
10
11
5
7
8
9
14
10
9
12
9
17
7
9
7
7
12
14
10
4
7
5
9
8
10
8
15
6
9
15
10
7
9
8
11
7
12
12
5
8
5
7
10
3
7
12
6
10
16
8
9
10
15
6
11
9
7
4
10
7
9
15
11
9
9
8
9
7
6
13
11
5
6
8
10
11
11
6
8
11
4
8
6
8
9
8
8
19
7
10
14
11
6
11
8
5
6
11
7
11
4
9
7
13
7
4
9
9
1
9
8
5
5
11
6
6
12
8
8
7
6
8
6
7
6
10
14
8
11
4
9
6
7
7
8
6
5
7
9
12
8
6
6
11
9
9
6
5
9
4
6
10
7
12
9
5
10
15
11
10
11
6
6
4
16
3
12
7
10
7
6
6
6
9
5
9
8
8
10
10
8
7
13
9
8
13
17
9
11
8
10
8
9
9
8
5
6
7
9
7
10
4
11
7
8
8
4
9
8
8
10
5
10
5
9
11
7
5
6
5
9
6
10
3
9
7
9
8
10
10
6
8
6
11
4
2
10
3
4
8
7
7
7
6
6
8
7
8
6
9
8
6
6
6
7
6
10
4
6
10
7
5
7
8
8
7
5
13
7
7
7
6
6
7
5
7
3
7
9
8
5
4
8
6
7
11
9
7
6
8
3
3
8
5
4
7
7
4
9
7
4
5
9
6
10
7
9
5
9
8
13
7
5
8
6
8
6
6
7
8
4
8
3
10
5
5
7
8
11
8
8
6
7
4
6
5
5
10
8
4
10
10
4
10
4
3
5
9
4
6
7
8
5
6
6
7
10
7
6
7
7
6
3
10
5
0
5
8
4
10
6
5
8
7
6
9
5
5
5
1
6
7
5
7
3
6
6
2
9
9
5
1
8
6
4
2
8
2
8
6
1
5
3
5
6
3
4
6
6
9
6
11
5
6
7
5
6
8
4
12
7
9
7
8
12
3
8
4
5
9
8
7
5
9
5
9
6
5
10
6
5
7
12
4
9
6
15
5
3
5
5
8
9
7
5
7
6
6
3
3
7
6
6
6
5
5
9
8
5
8
6
11
4
4
8
5
8
3
1
6
7
2
4
6
4
7
4
2
3
7
4
6
5
7
6
4
4
4
8
7
8
5
8
9
7
7
4
5
6
4
5
5
8
12
7
3
7
6
5
6
7
6
9
6
13
2
7
8
4
5
5
7
6
6
6
6
5
4
6
5
7
4
2
5
4
6
5
2
6
6
13
6
6
7
8
6
8
2
5
8
4
9
1
4
9
6
5
5
6
6
5
6
9
4
4
3
6
4
5
11
5
3
2
7
6
4
5
3
2
7
4
9
6
5
7
2
5
4
3
5
8
16
6
6
5
6
6
4
5
7
10
9
2
5
5
3
7
6
3
7
1
1
7
4
7
6
1
4
7
2
4
5
5
5
0
3
5
5
4
3
7
6
4
4
5
3
4
4
4
5
6
10
8
6
5
7
5
4
6
7
7
5
5
6
9
4
7
4
7
6
3
4
2
3
3
2
4
2
7
4
5
1
6
2
4
8
0
5
5
5
7
4
5
4
2
4
2
6
5
4
3
2
4
3
2
7
5
4
3
4
5
3
4
6
7
1
3
2
4
3
5
6
1
8
3
1
6
9
3
7
5
6
4
5
1
9
6
5
5
6
5
3
2
7
8
9
6
2
5
6
3
2
2
5
0
2
4
4
6
7
7
4
4
7
3
3
6
3
5
1
2
5
3
3
5
3
5
2
2
2
4
3
2
4
5
2
5
3
8
3
7
1
1
2
5
4
5
8
3
3
2
4
2
5
2
7
6
3
10
1
2
4
3
2
3
1
1
0
5
1
7
6
4
3
4
1
6
2
4
4
6
3
5
4
2
3
1
9
3
4
4
4
4
5
4
1
3
4
4
2
5
8
2
8
5
1
7
4
3
3
1
5
7
4
7
3
5
5
1
8
4
2
6
1
6
7
4
3
3
2
6
4
4
1
4
4
1
5
3
2
8
4
4
7
7
1
6
2
5
1
11
5
5
4
2
1
4
4
2
2
3
3
8
5
2
2
4
5
2
4
7
8
6
2
3
6
6
3
5
3
2
3
4
10
0
4
3
2
1
9
2
7
6
7
6
4
6
3
3
3
6
5
5
1
2
3
6
4
1
5
5
1
6
4
3
4
7
6
6
9
4
6
1
2
1
4
6
2
9
2
7
2
4
2
6
2
2
5
4
4
8
4
6
5
5
3
1
3
5
8
2
6
3
2
2
4
2
1
3
4
5
2
5
5
3
3
2
5
5
2
2
5
3
5
5
3
4
2
4
6
4
2
1
3
2
3
2
5
4
1
6
3
0
4
3
3
2
4
7
0
3
6
3
4
0
8
3
3
2
5
2
1
3
4
5
3
2
3
2
2
5
7
3
2
0
3
4
10
6
2
2
2
1
2
7
4
2
4
1
4
6
5
2
3
5
1
5
5
3
2
9
2
6
3
3
3
4
4
3
2
5
5
3
8
4
4
1
1
4
1
6
3
4
7
4
0
5
2
3
1
2
5
1
2
4
3
1
5
3
7
5
0
4
7
2
2
3
4
5
2
4
3
4
6
7
7
4
1
2
5
4
1
5
3
5
2
3
4
0
3
3
9
5
3
5
3
4
5
4
2
6
6
5
3
1
4
3
8
3
2
6
5
4
3
4
1
4
3
8
1
4
2
1
4
2
5
2
4
7
2
4
7
4
3
1
5
1
5
4
2
5
7
6
2
6
3
5
6
1
2
5
2
6
4
2
3
4
2
4
6
4
4
3
5
3
4
4
3
5
4
4
5
2
7
6
5
5
0
4
2
7
3
3
10
4
5
6
2
3
0
3
8
4
5
3
4
4
3
1
5
7
2
8
8
6
2
5
3
8
2
5
16
5
4
5
3
3
6
2
8
5
8
4
6
2
5
8
5
6
7
6
4
8
6
5
4
5
10
4
9
6
6
5
4
6
10
4
7
8
4
8
12
5
2
7
7
10
11
3
6
7
4
1
10
8
6
9
5
7
9
2
5
11
6
7
9
9
12
5
7
9
4
11
6
11
8
7
15
11
4
4
9
10
7
10
12
13
8
6
6
8
8
8
10
10
9
18
13
12
8
9
7
6
14
14
13
15
4
8
13
7
14
14
14
5
7
6
15
9
10
8
8
9
6
9
8
9
9
4
12
5
13
5
5
8
4
12
11
9
8
10
7
15
8
8
4
10
14
8
10
13
7
7
8
7
14
9
5
7
10
7
9
10
10
12
7
7
12
8
9
10
10
7
12
5
9
5
8
10
2
15
13
5
9
7
6
12
8
9
6
6
6
7
8
11
10
9
5
5
7
7
9
4
8
3
7
6
6
9
7
7
3
6
5
11
5
3
5
6
5
4
4
5
2
6
5
9
6
5
5
7
8
5
5
4
3
7
3
4
8
4
2
3
4
5
4
6
2
3
4
4
4
2
5
6
3
3
5
4
6
3
4
7
4
1
2
4
4
2
5
3
4
1
6
3
3
3
7
6
3
1
4
3
4
3
4
2
2
2
5
1
2
4
0
1
0
2
1
1
1
1
2
1
0
5
4
4
1
2
0
3
3
1
3
1
1
0
1
1
5
0
1
1
0
4
2
2
4
1
0
0
1
3
1
1
1
0
1
1
2
3
1
3
2
0
1
1
0
1
1
0
2
1
1
1
2
3
3
2
2
3
0
2
3
2
2
1
3
1
1
0
0
4
3
0
2
2
0
1
4
0
3
1
1
2
1
0
2
0
0
0
2
0
1
4
1
1
3
3
1
2
1
1
2
3
1
2
2
1
0
4
0
1
2
1
1
1
0
1
3
1
0
1
1
3
1
2
2
1
1
1
1
1
0
2
1
1
2
0
1
2
0
1
0
3
0
3
1
1
0
3
0
1
1
1
0
2
0
0
2
2
1
2
2
3
1
1
2
0
1
0
0
0
2
2
1
1
2
2
2
2
1
0
2
3
1
1
1
1
4
1
1
0
1
1
1
2
3
2
1
1
2
0
2
3
1
3
3
2
1
1
2
1
0
3
1
1
2
2
1
4
0
4
0
1
0
1
2
1
3
1
2
1
2
1
1
0
2
1
2
1
1
2
1
1
2
4
0
1
2
1
1
0
0
0
3
2
2
0
0
1
0
1
2
0
1
1
1
1
2
3
1
1
3
3
3
2
3
2
2
0
2
0
0
2
1
0
2
4
2
2
1
0
3
2
0
0
2
2
4
1
2
1
3
1
2
1
3
3
0
2
1
3
4
1
2
0
1
0
0
0
1
1
3
5
1
2
2
4
2
1
2
2
0
0
3
2
3
0
0
2
0
1
0
1
0
1
3
0
3
0
2
2
0
5
3
1
1
1
2
2
2
2
1
4
1
0
0
0
0
0
1
1
0
2
1
3
0
1
0
3
2
4
1
2
1
0
1
2
2
1
1
3
2
0
2
1
2
0
5
2
1
1
0
1
1
1
1
2
0
2
1
2
0
2
2
3
1
3
1
1
0
0
2
0
2
0
3
3
1
1
2
1
4
3
2
2
1
0
2
3
0
0
1
2
2
1
2
3
2
0
1
1
2
2
0
1
4
2
2
2
0
0
3
1
2
1
3
1
1
1
1
4
1
0
1
1
0
1
3
1
2
0
0
1
3
1
1
1
0
0
0
0
3
2
4
2
3
0
2
3
1
1
1
1
2
1
0
0
2
1
1
1
1
2
3
0
1
0
3
2
2
1
2
2
0
1
0
0
0
4
2
2
6
0
2
0
0
3
2
1
2
1
1
1
1
2
0
0
2
2
2
1
5
0
1
0
1
1
1
1
1
2
1
3
2
1
0
1
3
2
0
1
4
0
2
1
0
0
1
1
2
3
1
0
1
1
1
1
1
3
1
0
2
0
1
0
0
1
1
4
3
3
3
1
3
1
2
1
0
1
0
1
2
2
1
0
2
1
2
0
2
3
1
0
3
1
0
2
2
1
1
2
3
2
1
1
0
3
0
1
0
1
4
1
1
1
1
3
3
4
2
1
1
0
2
0
2
1
2
0
3
2
0
1
1
2
2
3
1
2
2
3
2
1
1
0
1
0
1
2
1
4
2
0
0
2
3
1
0
1
3
0
2
1
0
2
1
3
2
1
2
3
2
2
1
2
1
1
0
4
3
0
2
1
0
0
0
1
2
0
0
3
2
2
3
0
2
1
4
2
0
1
1
1
1
0
2
0
0
2
2
3
0
1
1
0
2
1
3
3
1
1
2
0
4
1
0
3
2
1
1
2
4
1
0
2
3
1
2
2
0
3
1
0
1
2
1
3
3
1
1
2
5
0
3
2
0
1
1
0
2
1
2
0
0
2
0
2
1
2
1
0
2
1
0
2
2
4
0
0
1
0
0
3
2
2
0
0
1
0
0
2
2
1
4
0
3
0
1
1
2
1
0
4
1
1
0
1
3
0
0
4
2
0
0
1
1
3
0
0
3
1
0
2
3
1
2
1
2
0
1
1
1
0
1
2
2
2
0
0
1
1
0
3
2
2
0
0
2
2
3
1
0
0
0
1
1
0
2
1
1
3
1
1
2
1
1
0
1
1
1
0
1
2
0
1
1
2
1
0
0
3
1
0
1
1
2
1
3
0
1
2
1
0
1
0
1
2
1
1
0
1
0
1
3
3
1
1
1
1
1
3
1
2
3
0
1
1
2
0
2
2
1
1
3
1
0
0
4
4
1
0
0
0
0
0
1
1
1
0
1
2
1
3
1
1
1
0
0
0
2
1
1
0
0
0
3
0
0
2
2
1
3
2
2
1
1
0
2
1
2
1
2
2
1
0
2
0
3
1
1
2
0
1
1
0
2
0
3
0
1
1
0
0
0
0
1
1
1
1
1
1
0
1
2
1
5
1
1
1
0
4
0
1
0
1
0
2
0
2
1
1
1
1
2
0
2
1
3
1
2
2
0
0
2
1
0
1
1
3
2
2
0
1
0
2
0
0
1
0
0
2
0
1
0
2
0
1
1
2
0
1
1
2
0
1
1
3
2
0
0
0
0
1
1
2
0
0
4
1
0
1
2
1
2
0
1
1
0
1
0
1
0
1
0
1
1
0
2
0
1
0
1
0
1
0
0
1
0
3
0
1
1
0
0
1
2
1
1
0
1
0
0
2
1
0
0
0
0
0
1
0
1
3
0
1
2
3
0
1
0
3
2
0
1
2
4
0
2
1
1
1
0
1
1
1
4
2
1
0
0
0
0
0
0
0
0
1
0
1
3
1
1
0
0
1
1
2
0
0
1
2
0
0
0
0
1
2
1
0
0
2
1
1
0
2
0
1
3
1
1
2
0
2
0
2
0
0
0
1
4
3
0
1
0
0
1
0
3
0
1
3
1
0
0
0
1
0
3
0
0
0
2
1
0
3
2
0
0
3
2
0
1
2
0
0
1
0
0
1
0
2
1
0
1
1
2
2
1
0
3
1
2
2
1
1
2
0
0
1
0
2
1
0
1
4
2
1
0
0
3
1
2
1
1
0
2
0
1
0
1
0
0
0
2
2
1
0
1
2
1
0
1
1
0
3
1
0
1
1
2
1
0
0
1
2
1
2
3
0
1
0
3
1
1
2
0
0
1
2
1
0
2
2
3
4
0
2
0
2
1
0
3
0
2
0
3
2
1
0
0
2
0
2
0
0
1
0
1
1
0
0
0
0
0
2
2
2
0
1
0
0
2
0
1
1
1
1
0
1
1
3
1
1
1
0
0
1
0
1
0
1
0
1
0
3
0
3
0
0
1
0
0
0
0
0
0
2
0
1
0
1
0
0
2
0
1
1
1
0
1
2
2
1
0
0
0
2
1
1
0
0
1
1
0
2
1
1
1
1
2
2
1
3
1
0
1
1
0
1
1
1
1
3
2
2
1
1
1
1
1
0
0
0
2
0
1
0
0
1
3
1
0
0
1
1
1
2
2
1
1
1
0
3
0
2
1
1
3
0
0
2
0
3
1
0
0
0
1
1
0
1
1
2
1
1
0
1
4
1
0
1
1
1
0
0
0
1
0
0
1
3
0
3
2
2
1
1
3
0
1
1
1
2
0
3
0
3
0
1
0
1
0
0
0
0
3
1
2
2
0
0
1
4
1
2
1
1
0
2
0
1
0
2
0
1
1
2
0
0
1
0
1
1
3
1
2
0
0
0
0
1
1
0
0
0
2
0
0
3
0
1
1
1
1
0
0
0
2
0
1
2
3
0
0
1
3
2
2
3
2
3
0
1
0
3
0
0
0
1
1
2
0
4
2
1
1
0
1
1
0
0
0
3
0
0
4
1
0
1
1
0
0
2
0
4
4
0
0
3
1
3
1
4
2
2
1
0
3
2
2
2
1
4
1
1
3
1
3
3
1
2
1
1
1
3
1
0
0
1
0
2
1
0
2
0
0
3
0
0
1
2
3
1
0
2
3
2
0
0
4
0
3
0
1
2
0
1
1
0
3
0
1
0
1
1
4
1
4
1
1
2
1
2
0
0
1
6
3
2
2
1
1
1
2
2
1
0
4
2
2
3
4
1
0
1
1
1
2
2
3
1
3
0
2
0
1
1
1
3
0
2
3
1
2
2
2
1
2
0
4
1
0
0
0
3
0
0
0
1
1
3
2
1
2
0
0
3
0
1
2
1
1
0
3
0
1
0
2
3
1
2
0
0
0
1
0
0
0
0
2
0
1
0
2
1
1
0
3
2
2
0
3
1
0
0
1
1
1
1
2
0
1
2
0
1
0
2
1
1
0
0
0
1
0
1
2
0
1
2
0
0
1
0
1
0
1
0
1
2
1
0
3
1
0
0
1
1
1
1
1
0
1
1
2
0
1
1
4
1
2
1
1
3
0
0
2
0
0
3
0
0
2
1
1
0
0
1
0
0
2
1
1
1
3
0
0
0
2
0
2
1
1
0
0
1
0
2
1
0
2
0
0
1
0
1
2
1
0
0
1
1
0
1
0
0
1
0
0
0
1
0
0
1
0
1
0
0
1
0
2
0
0
1
0
0
2
0
1
0
1
0
0
0
1
0
2
1
0
2
0
1
0
0
1
0
0
1
1
0
1
2
1
0
0
0
0
1
2
0
1
1
0
1
0
0
1
0
0
0
0
0
1
0
0
0
0
0
0
1
0
1
0
1
0
1
0
1
1
0
2
0
0
0
1
0
0
1
0
1
2
0
1
1
0
0
1
2
3
0
0
1
1
1
0
0
0
0
0
0
0
1
2
1
1
1
1
0
2
0
1
0
1
0
0
1
1
1
1
1
1
2
1
0
0
0
2
1
1
0
0
1
0
0
1
0
0
0
0
4
0
1
0
1
0
1
1
1
1
1
0
0
0
0
1
0
1
2
3
1
2
1
1
0
0
0
0
0
0
0
0
0
0
0
2
0
3
0
2
0
0
1
2
0
0
1
0
1
0
1
4
1
1
0
0
2
1
1
0
2
0
3
0
0
0
1
2
1
2
3
1
0
0
0
0
0
1
2
2
2
1
2
1
1
1
0
2
0
0
0
2
3
0
1
3
0
0
2
1
0
1
0
2
4
1
2
0
0
3
0
1
0
2
0
0
1
1
1
1
0
2
1
0
1
0
0
1
0
2
1
1
0
2
1
0
4
2
4
4
1
1
0
2
0
2
1
0
1
0
2
2
2
2
1
1
1
0
1
3
1
0
1
1
1
2
1
0
0
0
1
0
3
0
2
1
1
2
1
3
1
1
2
1
0
0
2
1
0
1
0
1
0
3
0
1
0
1
0
1
1
1
0
1
1
2
1
0
2
0
2
3
2
1
1
4
4
1
1
1
2
1
1
3
1
0
0
2
0
0
0
0
1
2
1
0
3
1
0
4
1
1
1
1
1
1
1
0
0
0
2
1
1
0
1
1
2
2
2
0
1
0
0
1
3
0
0
0
1
0
0
0
1
0
0
1
1
2
2
0
2
1
3
1
3
0
0
0
3
0
0
0
2
2
0
1
0
1
1
2
0
1
0
1
0
0
0
0
1
0
1
2
0
0
0
0
0
0
2
1
0
0
0
0
2
0
1
2
1
2
0
0
2
0
1
0
1
0
0
0
0
1
0
0
0
0
1
0
1
0
1
0
1
0
1
0
0
1
0
0
0
1
0
0
0
1
1
0
0
0
0
2
3
0
0
1
0
0
0
1
0
0
1
1
2
1
1
2
1
0
0
0
0
2
1
0
0
0
0
0
0
1
0
0
1
1
0
1
0
0
0
0
2
1
1
1
3
0
0
0
0
1
0
0
0
0
0
2
0
0
1
0
0
0
0
1
0
0
0
1
1
2
1
0
0
0
0
0
1
0
0
0
0
2
1
0
0
0
1
0
0
2
1
0
1
0
1
0
0
0
0
0
1
0
0
0
1
0
0
0
1
0
0
0
1
0
0
0
1
0
1
1
0
1
0
0
1
0
0
1
0
0
1
0
1
0
0
0
0
0
0
0
0
1
0
0
0
0
0
0
0
0
0
0
0
0
0
4
0
1
1
0
0
0
0
0
1
1
0
0
0
0
3
1
1
1
1
1
1
1
1
0
0
0
3
1
0
1
0
1
1
0
0
1
0
2
0
1
2
2
1
0
0
2
0
1
0
0
0
0
0
1
0
0
0
3
1
0
1
2
0
2
0
0
1
2
1
0
1
2
0
0
1
2
1
1
1
0
0
0
0
1
0
0
1
0
0
0
0
1
0
1
1
0
1
0
2
0
0
1
0
0
1
0
0
1
1
1
1
0
1
0
1
0
0
0
0
2
0
0
1
1
0
0
1
2
1
1
0
0
0
1
0
0
1
0
0
1
0
0
1
0
0
2
3
1
2
2
0
0
1
0
0
0
1
1
0
1
1
0
1
0
2
1
1
0
0
0
2
0
0
1
1
0
0
0
0
0
1
1
1
0
1
0
0
1
0
0
0
1
0
0
0
0
1
1
0
0
1
0
0
0
3
1
2
2
1
0
0
1
0
1
2
0
0
0
0
0
2
0
0
1
0
1
1
1
0
0
0
1
0
2
1
0
0
0
2
2
1
0
1
0
0
0
1
0
1
0
1
0
1
1
0
1
0
0
1
0
0
0
1
0
0
1
1
1
1
1
1
0
0
0
0
1
1
0
1
0
0
0
0
0
0
1
1
1
0
0
1
1
0
1
0
0
0
0
0
1
0
1
0
2
1
0
1
0
0
0
0
1
1
0
0
1
0
0
0
1
0
0
0
1
0
1
0
1
0
0
1
0
0
1
1
0
0
0
1
0
0
0
0
0
0
0
0
1
1
0
0
1
0
0
0
0
0
0
0
0
0
0
1
1
0
2
0
0
1
0
0
0
1
0
0
0
0
0
0
0
0
0
1
0
1
1
0
0
0
0
0
0
0
0
0
0
0
0
0
0
0
0
0
0
1
0
1
0
0
0
0
0
1
0
0
0
0
0
0
1
0
0
0
0
0
0
0
0
0
0
0
0
0
0
0
0
0
0
1
0
0
0
0
0
0
0
0
0
0
0
0
0
0
1
0
0
1
1
0
1
0
0
0
0
0
0
0
0
0
0
0
1
0
0
0
0
0
0
0
0
0
0
0
0
0
0
0
0
0
0
0
0
0
0
0
0
0
0
0
1
1
0
0
0
0
0
0
0
0
0
0
0
0
0
1
0
1
0
0
0
0
0
0
0
0
0
1
0
0
0
0
0
0
0
0
1
0
1
0
0
1
0
0
0
0
0
0
0
0
0
0
0
0
1
1
0
0
0
0
0
0
0
0
0
0
0
0
0
0
0
0
0
0
0
0
1
0
0
0
0
0
0
0
1
0
0
1
0
0
0
0
0
0
0
0
1
0
0
2
0
1
0
0
0
2
0
0
0
0
0
1
0
1
0
0
1
1
0
0
1
0
0
0
0
0
0
0
0
0
0
1
0
0
0
0
0
0
1
0
0
0
0
0
0
0
0
0
0
0
0
0
0
0
1
1
0
0
0
0
0
0
0
0
0
0
0
0
0
0
0
0
1
1
0
0
0
1
0
0
0
0
0
1
1
0
0
0
0
0
0
0
0
0
1
0
1
0
1
0
0
0
0
0
0
0
1
0
0
0
0
0
0
0
0
0
0
0
0
0
0
0
0
0
0
0
0
0
0
0
0
0
0
0
0
0
0
0
0
0
0
0
0
0
0
0
0
0
0
0
0
0
0
0
0
0
0
0
0
0
0
0
0
0
0
0
0
0
0
0
0
0
0
0
0
0
0
0
0
0
0
0
1
0
0
0
0
0
0
0
0
0
0
0
0
0
0
0
0
0
0
0
0
0
0
0
2
0
0
0
0
0
0
0
1
0
0
0
0
0
0
0
0
0
0
0
0
0
0
0
0
1
0
0
0
0
0
0
0
0
0
0
0
1
0
0
0
0
0
0
0
0
0
0
0
1
0
0
1
0
0
0
0
1
0
1
0
0
0
0
0
0
0
0
0
0
0
0
0
0
0
0
0
0
0
0
0
0
0
0
0
0
0
0
0
0
0
0
0
0
0
0
0
0
0
0
0
0
0
0
0
0
0
0
0
0
0
0
0
0
0
0
0
1
0
0
0
0
1
0
0
0
0
0
0
1
0
0
1
0
0
0
0
0
0
0
0
0
0
0
0
0
0
0
0
0
0
0
0
0
0
0
0
0
0
0
0
0
0
0
0
0
0
0
0
0
0
0
0
0
0
0
0
0
0
0
1
0
0
0
0
0
0
0
0
0
0
0
0
0
0
0
0
0
0
0
0
0
0
1
0
0
0
0
0
1
0
0
0
0
0
0
1
0
0
0
0
1
0
0
0
0
0
0
0
0
0
0
0
0
0
0
0
0
0
0
0
0
1
0
0
0
0
0
0
0
1
0
0
0
1
0
0
0
0
0
0
0
0
0
0
1
0
1
0
0
0
0
0
0
1
0
0
0
0
0
0
0
0
0
0
0
1
0
0
1
0
0
0
0
0
0
0
0
0
1
0
0
0
0
0
0
0
0
0
0
0
2
0
1
1
1
0
0
0
0
0
0
0
0
0
0
0
0
0
1
0
0
0
0
0
0
0
0
0
0
0
0
0
0
0
0
0
0
0
0
3
0
0
0
0
0
0
0
0
0
1
1
1
0
0
1
1
0
0
0
0
0
0
0
0
0
0
0
1
0
0
0
0
1
1
0
0
0
0
0
0
0
0
0
0
0
0
1
0
0
0
0
0
0
0
0
0
0
0
0
0
0
0
0
0
0
0
0
0
0
0
0
0
0
0
0
0
2
0
0
0
0
0
0
0
0
0
0
0
0
0
0
0
0
0
0
0
1
0
0
1
2
0
0
0
0
0
0
0
0
0
0
0
0
0
0
0
0
0
0
0
0
0
0
0
0
0
0
0
0
0
0
0
0
0
0
0
0
0
0
0
0
0
0
0
1
0
0
0
0
0
0
0
0
0
0
0
0
0
0
0
0
0
0
0
0
0
0
0
0
0
0
0
1
0
0
0
0
0
0
0
0
0
1
0
0
0
0
0
0
0
1
0
0
0
0
0
0
0
1
0
0
0
0
0
0
0
0
0
0
0
0
0
0
0
0
0
0
0
0
0
0
0
0
0
0
0
0
0
0
0
0
0
0
0
0
0
1
0
0
0
0
0
0
0
0
0
0
0
0
0
0
0
0
0
0
0
0
0
1
0
0
0
0
0
0
0
0
0
0
0
1
0
0
0
0
0
0
0
0
2
0
0
0
0
1
0
1
0
0
0
0
0
0
0
0
0
0
0
0
0
1
0
0
0
0
0
0
0
0
0
0
0
0
0
1
0
0
0
1
0
0
0
0
0
0
0
0
0
0
0
0
0
0
0
1
0
0
0
0
0
0
0
0
0
1
0
0
2
2
0
1
2
1
0
3
4
2
0
0
0
3
2
2
1
2
5
2
3
1
0
7
7
6
5
6
8
9
7
8
13
5
10
5
1
2
1
1
5
0
1
0
1
0
0
1
1
3
0
0
3
3
1
11
15
26
16
8
3
1
1
0
0
0
0
0
0
0
0
0
0
0
0
0
0
0
0
0
0
0
0
0
0
0
0
0
0
0
0
0
0
0
0
0
0
0
0
0
0
0
0
0
0
0
0
0
0
0
0
0
0
0
0
0
0
0
0
0
0
0
0
0
0
0
0
0
0
0
0
0
0
0
0
0
0
0
0
0
0
0
0
0
0
0
0
0
0
0
0
0
0
0
0
0
0
0
0
0
0
0
0
0
0
0
0
0
0
0
0
0
0
0
0
0
0
0
0
0
0
0
0
0
0
0
0
0
0
0
0
0
0
0
0
0
0
0
0
0
0
0
0
0
0
0
0
0
0
0
0
0
0
0
0
0
0
0
0
0
0
0
0
0
0
0
0
0
0
0
0
0
0
0
0
0
0
0
0
0
0
0
0
0
0
0
0
0
0
0
0
0
0
0
0
0
0
0
0
0
0
0
0
0
0
0
0
0
0
0
0
0
0
0
0
0
0
0
0
0
0
0
0
0
0
0
0
0
0
0
0
0
0
0
0
0
0
0
0
0
0
0
0
0
0
0
0
0
0
0
0
0
0
0
0
0
0
0
0
0
0
0
0
0
0
0
0
0
0
0
0
0
0
0
0
0
0
0
0
0
0
0
0
0
0
0
0
0
0
0
0
0
0
0
0
0
0
0
0
0
0
0
0
0
0
0
0
0
0
0
0
0
0
0
0
0
0
0
0
0
0
0
0
0
0
0
0
0
0
0
0
0
0
0
0
0
0
0
0
0
0
0
0
0
0
0
0
0
0
0
0
0
0
0
0
0
0
0
0
0
0
0
0
0
0
0
0
0
0
0
0
0
0
0
0
0
0
0
0
0
0
0
0
0
0
0
0
0
0
0
0
0
0
0
0
0
0
0
0
0
0
0
0
0
0
0
0
0
0
0
0
0
0
0
0
0
0
0
0
0
0
0
0
0
0
0
0
0
0
0
0
0
0
0
0
0
0
0
0
0
0
0
0
0
0
0
0
0
0
0
0
0
0
0
0
0
0
0
0
0
0
0
0
0
0
0
0
0
0
0
0
0
0
0
0
0
0
0
0
0
0
0
0
0
0
0
0
0
0
0
0
0
0
0
0
0
0
0
0
0
0
0
0
0
0
0
0
0
0
0
0
0
0
0
0
0
0
0
0
0
0
0
0
0
0
0
0
0
0
0
0
0
0
0
0
0
0
0
0
0
0
0
0
0
0
0
0
0
0
0
0
0
0
0
0
0
0
0
0
0
0
0
0
0
0
0
0
0
0
0
0
0
0
0
0
0
0
0
0
0
0
0
0
0
0
0
0
0
0
0
0
0
0
0
0
0
0
0
0
0
0
0
0
0
0
0
0
0
0
0
0
0
0
0
0
0
0
0
0
0
0
0
0
0
0
0
0
0
0
0
0
0
0
0
0
0
0
0
0
0
0
0
0
0
0
0
0
0
0
0
0
0
0
0
0
0
0
0
0
0
0
0
0
0
0
0
0
0
0
0
0
0
0
0
0
0
0
0
0
0
0
0
0
0
0
0
0
0
0
0
0
0
0
0
0
0
0
0
0
0
0
0
0
0
0
0
0
0
0
0
0
0
0
0
0
0
0
0
0
0
0
0
0
0
0
0
0
0
0
0
0
0
0
0
0
0
0
0
0
0
0
0
0
0
0
0
0
0
0
0
0
0
0
0
0
0
0
0
0
0
0
0
0
0
0
0
0
0
0
0
0
0
0
0
0
0
0
0
0
0
0
0
0
0
0
0
0
0
0
0
0
0
0
0
0
0
0
0
0
0
0
0
0
0
0
0
0
0
0
0
0
0
0
0
0
0
0
0
0
0
0
0
0
0
0
0
0
0
0
0
0
0
0
0
0
0
0
0
0
0
0
0
0
0
0
0
0
0
0
0
0
0
0
0
0
0
0
0
0
0
0
0
0
0
0
0
0
0
0
0
0
0
0
0
0
0
0
0
0
0
0
0
0
0
0
0
0
0
0
0
0
0
0
0
0
0
0
0
0
0
0
0
0
0
0
0
0
0
0
0
0
0
0
0
0
0
0
0
0
0
0
0
0
0
0
0
0
0
0
0
0
0
0
0
0
0
0
0
0
0
0
0
0
0
0
0
0
0
0
0
0
0
0
0
0
0
0
0
0
0
0
0
0
0
0
0
0
0
0
0
0
0
0
0
0
0
0
0
0
0
0
0
0
0
0
0
0
0
0
0
0
0
0
0
0
0
0
0
0
0
0
0
0
0
0
0
0
0
0
0
0
0
0
0
0
0
0
0
0
0
0
0
0
0
0
0
0
0
0
0
0
0
0
0
0
0
0
0
0
0
0
0
0
0
0
0
0
0
0
0
0
0
0
0
0
0
0
0
0
0
0
0
0
0
0
0
0
0
0
0
0
0
0
0
0
0
0
0
0
0
0
0
0
0
0
0
0
0
0
0
0
0
0
0
0
0
0
0
0
0
0
0
0
0
0
0
0
0
0
0
0
0
0
0
0
0
0
0
0
0
0
0
0
0
0
0
0
0
0
0
0
0
0
0
0
0
0
0
0
0
0
0
0
0
0
0
0
0
0
0
0
0
0
0
0
0
0
0
0
0
0
0
0
0
0
0
0
0
0
0
0
0
0
0
0
1
0
0
0
1
0
0
0
0
0
0
0
1
0
0
0
0
0
0
0
0
0
0
0
0
0
0
0
0
0
0
0
0
0
0
0
0
0
0
0
0
0
1
0
0
0
0
0
0
1
0
0
0
1
0
0
0
0
1
0
0
0
0
0
0
0
0
0
2
0
0
0
0
0
0
0
0
0
0
0
0
0
0
0
0
0
0
1
0
0
1
1
0
0
0
0
0
0
1
1
2
3
5
2
8
19
