9
16
31
26
29
42
49
59
58
51
69
63
71
61
78
66
79
64
53
82
69
78
70
59
72
77
58
54
75
69
78
74
65
75
69
70
80
67
66
75
75
61
82
65
58
76
63
64
48
77
73
69
89
69
66
61
79
64
95
76
78
66
69
65
63
70
73
54
62
64
76
71
64
80
74
76
88
81
75
56
73
82
71
61
80
68
82
75
70
86
76
73
83
79
85
56
83
84
70
66
70
74
69
74
77
63
70
77
60
71
61
81
70
73
67
76
69
67
62
72
77
73
73
69
75
78
67
64
76
69
84
59
83
72
91
67
75
52
63
95
72
69
81
99
76
84
87
72
69
72
84
66
74
73
76
80
72
84
87
79
63
86
71
83
87
74
81
74
68
76
84
73
69
84
78
73
59
85
71
82
92
75
66
83
74
70
63
80
78
82
79
70
74
72
76
92
90
75
76
79
92
63
87
78
84
73
84
87
72
76
88
77
87
78
60
91
73
71
92
73
75
64
80
83
84
93
80
79
74
81
93
92
80
86
89
81
85
87
103
84
75
80
83
91
97
83
91
88
94
92
90
86
82
75
104
100
80
83
80
84
90
84
86
86
99
81
96
78
76
91
101
79
82
115
106
86
99
93
88
109
86
99
115
99
82
92
71
71
81
97
91
85
89
86
91
88
89
97
84
96
90
83
91
80
92
115
92
106
100
83
92
100
116
108
99
98
114
104
95
86
102
86
78
86
97
92
104
102
93
112
94
88
103
98
92
86
101
103
109
106
98
94
101
106
98
82
93
95
102
104
109
90
100
83
84
106
100
105
104
85
102
93
96
96
106
78
80
86
97
93
93
100
87
111
89
95
88
87
84
98
106
91
99
94
84
113
102
79
114
95
100
99
112
96
103
77
89
95
86
95
90
106
84
95
95
90
83
103
88
115
101
89
88
88
100
102
95
103
83
93
94
93
94
85
107
97
89
103
81
92
99
98
80
86
119
99
87
93
83
88
98
94
85
91
93
81
95
96
77
89
100
94
93
97
87
98
85
101
98
94
107
90
105
101
92
111
83
81
88
107
95
90
90
88
92
74
81
94
97
103
97
99
94
105
94
80
95
102
86
83
95
104
78
86
96
87
108
99
97
66
75
98
105
87
90
84
105
104
78
115
94
109
81
83
99
111
102
90
108
96
93
96
79
96
92
107
91
90
97
112
115
82
102
82
99
90
87
82
106
75
98
87
84
88
98
98
96
96
88
87
108
115
83
80
90
83
89
98
102
105
89
85
95
94
103
102
97
88
106
99
94
79
90
85
93
81
97
91
86
93
112
83
122
109
108
85
100
99
98
106
98
94
108
104
87
90
83
100
110
88
94
98
103
87
90
86
103
82
92
97
78
98
97
113
100
121
93
88
113
92
80
98
94
93
98
97
88
93
103
87
98
87
92
101
92
100
95
102
90
95
111
94
105
100
97
97
72
98
103
89
94
87
92
90
101
118
103
79
94
100
104
93
89
95
82
105
75
95
98
95
106
98
97
81
115
88
94
105
86
118
114
105
98
101
99
95
89
121
94
102
94
82
93
85
85
74
82
85
97
80
101
113
83
93
102
93
105
105
96
96
88
106
96
100
94
87
94
94
101
114
89
103
90
100
100
89
98
107
117
87
104
95
90
81
110
96
102
97
112
92
93
92
108
95
99
78
88
104
108
106
116
105
118
90
96
101
107
94
90
100
106
118
98
96
81
89
107
78
101
104
88
89
100
84
114
89
93
93
103
90
81
118
102
95
83
84
99
116
93
105
88
91
83
126
98
101
112
101
73
101
89
108
91
90
104
118
95
110
98
91
96
99
102
104
89
90
102
88
95
106
101
100
110
95
114
96
102
98
103
80
90
94
92
90
114
98
102
77
95
96
111
109
109
102
118
102
113
90
95
110
111
106
104
102
120
107
112
119
92
117
119
85
107
96
112
118
105
110
104
99
104
116
120
96
106
107
114
129
115
131
110
121
115
107
122
130
114
106
115
116
112
110
112
113
110
110
108
100
111
120
112
96
110
110
134
101
106
123
120
112
123
116
132
119
102
113
110
127
129
118
142
105
113
121
124
111
106
115
120
135
113
123
117
127
123
122
136
115
122
123
120
121
141
139
112
123
147
134
137
128
126
142
118
116
111
135
126
126
149
124
129
95
115
122
116
153
106
133
125
120
103
107
107
123
106
102
129
132
115
122
116
117
113
121
129
114
115
121
123
124
125
124
141
111
108
103
127
121
123
112
137
117
105
116
134
126
129
116
126
115
120
112
127
114
140
115
117
115
125
113
133
111
134
125
133
104
111
100
124
125
111
114
121
118
111
119
124
115
116
109
125
117
104
117
96
134
122
113
122
101
88
99
110
119
99
113
113
121
107
120
128
115
115
120
101
119
118
114
113
109
111
91
112
128
115
113
106
111
116
107
111
115
113
122
126
113
92
106
102
100
129
117
99
120
111
113
120
112
92
111
108
120
97
98
107
122
116
103
111
105
112
114
83
114
96
112
97
120
93
82
101
116
98
103
110
97
109
99
100
114
89
99
113
104
85
111
111
113
89
99
92
108
97
97
107
106
107
102
100
92
81
108
100
100
100
92
113
108
107
95
101
97
87
86
90
92
81
106
102
92
102
80
117
111
112
107
99
110
102
101
96
100
90
96
99
102
106
104
95
101
98
90
98
114
93
103
92
109
96
95
93
113
101
107
100
97
103
96
100
105
88
100
97
115
102
113
87
105
86
99
93
119
89
96
111
111
93
96
96
94
106
103
86
104
84
86
99
87
92
96
75
86
74
101
79
70
103
89
94
95
86
90
97
102
89
92
82
96
106
83
113
89
91
89
97
91
106
93
96
80
100
96
90
83
86
96
89
83
98
92
85
92
105
89
110
100
106
84
99
105
95
74
95
81
91
110
104
104
77
83
96
91
104
89
98
106
111
91
90
96
82
105
89
85
88
62
93
94
100
108
80
86
100
103
82
107
77
84
86
87
105
89
78
91
80
96
102
96
87
83
90
85
102
69
91
103
113
88
90
77
98
92
98
90
79
86
83
89
80
85
97
86
90
77
94
76
102
78
98
96
92
74
92
90
86
111
70
84
86
74
99
88
72
101
100
80
78
104
87
86
91
77
94
90
94
91
89
97
75
85
74
93
95
61
73
68
84
87
101
77
88
78
98
85
103
81
96
92
75
71
85
79
90
84
93
94
80
71
88
71
85
79
80
73
80
96
94
73
71
79
104
88
79
87
117
95
97
81
80
78
72
88
105
78
88
85
98
93
81
70
71
73
70
84
85
87
87
99
104
88
82
72
95
83
87
99
103
84
73
92
77
78
87
81
72
70
90
100
67
80
69
82
78
69
83
82
82
74
101
86
84
83
79
86
75
85
96
73
80
80
81
86
81
78
76
71
92
87
70
82
97
82
74
83
91
79
80
67
98
91
67
64
73
85
80
79
88
75
76
78
62
80
71
86
84
80
73
75
91
84
72
94
95
86
91
95
96
81
69
69
62
76
88
76
89
78
97
85
87
80
71
65
80
100
78
94
83
70
93
81
79
81
84
80
81
78
85
68
90
73
90
85
66
86
69
89
78
72
58
59
69
83
93
91
87
83
74
98
72
88
77
78
89
70
85
70
78
85
82
77
67
79
85
83
79
79
81
69
76
75
64
76
90
85
82
89
73
91
65
74
73
74
74
84
58
77
76
78
82
82
90
83
90
87
65
81
78
78
91
81
81
82
64
75
75
81
77
81
79
72
79
78
73
92
82
57
66
90
76
82
93
94
75
80
75
82
71
83
71
68
82
67
82
76
78
78
86
66
68
77
74
71
72
72
87
67
76
63
61
74
61
72
78
72
74
72
73
73
69
82
89
87
78
72
85
83
89
76
65
81
63
73
72
81
81
88
86
76
70
75
73
74
83
67
66
66
73
92
78
65
72
69
76
77
101
94
82
70
79
70
70
74
74
78
68
76
67
81
63
68
79
75
75
78
87
68
78
72
79
95
85
68
70
75
85
83
68
66
80
79
83
94
79
80
73
79
71
69
72
87
74
82
75
83
89
67
76
63
59
74
82
78
64
90
74
78
64
83
71
73
73
77
83
66
58
75
73
71
76
75
78
82
81
87
75
65
79
80
75
81
85
69
87
83
73
81
79
89
68
83
65
74
74
74
88
77
73
93
77
97
72
81
65
64
71
79
71
77
79
75
88
65
74
64
85
70
81
69
74
69
62
83
68
69
79
67
81
83
94
78
81
78
85
74
85
70
68
84
72
79
73
86
56
68
68
84
85
64
86
61
74
85
68
69
77
68
81
81
68
72
72
86
79
75
69
78
63
53
86
80
75
90
78
58
65
89
75
61
89
70
75
72
56
68
88
66
83
79
69
70
78
89
75
67
71
77
66
66
72
73
73
64
61
80
82
87
100
84
73
72
74
67
74
72
80
73
75
75
80
84
80
80
84
83
66
84
55
69
69
69
68
64
78
72
63
71
75
67
74
78
77
67
79
81
61
72
63
74
60
60
73
64
75
83
73
65
67
78
66
77
72
80
70
64
72
81
73
72
81
71
71
56
62
74
65
70
67
77
71
72
63
64
68
79
85
72
70
59
64
83
63
72
55
72
82
82
80
82
60
62
61
73
67
68
76
80
65
80
68
70
86
68
74
64
62
75
71
79
83
79
80
57
76
64
88
71
75
78
60
76
84
66
72
63
68
66
74
77
80
65
77
84
73
61
86
69
63
72
95
81
82
51
78
69
64
86
64
67
76
70
73
67
75
73
75
89
78
76
65
80
76
61
75
76
65
71
65
92
67
79
68
74
89
81
66
73
56
65
81
65
62
80
61
69
84
62
69
73
73
71
79
72
61
74
75
77
95
70
76
71
86
70
73
78
85
66
68
72
80
76
74
70
57
73
70
56
89
82
73
80
57
65
77
71
73
79
62
72
81
81
66
70
86
72
62
75
60
73
75
80
72
76
79
74
64
72
59
66
70
89
76
68
72
65
85
71
60
78
65
63
74
79
66
58
73
73
73
72
81
74
66
69
77
74
65
71
68
70
81
80
78
75
54
85
60
55
81
68
78
74
68
55
63
79
73
53
83
59
73
72
82
94
76
71
60
90
55
75
86
73
76
77
68
86
73
85
65
70
71
75
66
81
85
82
67
78
82
68
64
75
70
81
66
68
83
72
72
58
70
59
59
77
76
55
66
69
72
73
65
86
69
87
70
87
57
71
61
74
63
79
52
69
69
68
60
60
78
68
69
71
73
75
80
53
67
62
85
65
70
71
78
79
66
67
73
61
59
67
66
88
80
79
64
67
77
77
59
66
70
71
87
77
75
80
72
79
79
74
68
77
58
66
71
85
63
64
74
70
83
72
81
59
73
48
66
67
52
75
62
85
85
78
67
74
71
68
68
62
67
63
63
78
86
71
74
72
72
76
86
69
75
60
76
66
83
66
73
87
76
86
69
68
73
68
91
81
80
78
71
82
78
76
79
72
88
67
70
59
89
70
62
79
79
68
60
68
79
72
70
67
68
71
74
62
57
64
64
59
64
70
69
75
66
72
71
90
68
66
68
57
71
67
87
65
58
65
66
74
66
80
60
79
68
72
85
54
82
70
92
75
69
78
62
69
71
78
83
76
52
73
62
64
69
73
69
74
83
70
69
78
60
67
66
57
82
75
63
90
76
62
78
52
76
72
75
73
68
73
75
60
71
77
77
79
83
63
81
63
75
87
76
75
69
85
74
70
75
77
65
76
59
71
65
72
75
79
73
68
73
77
76
66
74
65
76
78
74
63
69
69
79
79
71
80
59
66
74
72
64
81
67
62
62
61
70
67
74
64
72
63
67
61
79
88
59
71
88
63
66
74
80
74
61
70
51
78
77
82
63
77
71
81
58
79
80
82
83
76
86
78
60
69
72
72
72
71
87
66
74
80
91
71
71
76
80
94
65
71
67
71
80
66
61
71
90
70
82
72
79
69
76
66
69
76
76
66
69
75
62
70
67
58
71
79
67
74
78
64
78
57
72
58
67
70
76
72
77
63
62
93
75
74
68
50
67
77
65
59
81
70
65
71
77
78
66
85
73
70
53
77
77
74
70
76
57
62
49
73
72
90
69
67
62
90
54
91
63
66
78
71
63
82
77
81
73
86
93
63
69
71
80
86
72
68
69
68
79
76
84
81
85
58
82
74
72
85
67
91
81
72
79
67
88
76
73
65
75
73
64
67
74
74
70
71
63
78
68
68
59
69
59
68
85
80
77
75
78
88
71
65
83
88
66
66
77
76
70
70
66
76
58
70
78
72
90
78
68
71
71
90
80
87
91
86
74
93
58
78
73
87
74
82
83
65
77
63
78
66
71
82
71
68
79
54
71
68
72
75
77
56
76
89
65
62
65
86
53
73
66
73
68
71
76
72
74
64
80
86
76
81
72
78
75
71
84
56
84
72
67
69
78
59
69
67
77
79
72
79
74
69
70
79
46
80
72
83
76
68
80
81
76
71
70
81
76
66
74
89
77
80
67
74
74
87
63
75
65
74
69
71
63
73
67
76
71
70
65
88
64
73
61
79
82
82
76
79
74
60
76
70
73
83
76
88
64
62
76
73
64
79
56
74
79
86
85
74
61
83
50
72
67
70
68
82
67
79
75
79
88
83
72
64
64
71
76
82
75
73
67
70
80
56
78
78
81
66
73
79
75
88
72
82
68
65
71
73
74
74
81
67
71
70
99
78
77
68
67
84
68
61
90
82
79
78
83
75
70
76
91
80
75
67
78
73
81
63
61
82
64
77
85
70
93
68
77
76
67
73
66
66
81
95
72
51
80
79
80
79
85
82
77
83
81
70
75
83
82
90
66
87
80
84
64
81
100
74
67
70
64
81
80
97
85
88
71
73
69
60
78
69
72
76
74
73
73
87
72
83
83
62
77
78
85
78
96
61
62
72
65
93
86
82
72
66
90
91
73
77
75
77
86
71
90
70
87
89
82
70
66
73
79
76
85
69
69
79
80
78
83
77
69
81
75
76
88
76
84
69
85
83
91
81
73
64
67
81
83
66
66
81
80
65
100
93
72
67
71
70
91
75
66
75
74
71
92
88
72
79
73
77
60
84
88
84
77
60
75
69
65
92
82
100
71
75
71
60
69
71
70
70
81
71
81
81
83
69
79
76
73
71
72
84
83
74
80
84
70
81
82
67
75
80
103
76
77
80
77
82
88
79
68
74
100
82
75
90
84
82
90
93
68
72
63
78
73
77
80
81
52
86
86
91
83
76
84
78
78
83
93
87
83
80
80
79
77
85
74
75
64
81
93
75
73
71
81
92
58
67
82
86
62
73
82
82
85
80
83
78
80
85
74
78
68
82
81
85
72
57
88
99
80
81
90
82
75
78
82
77
97
80
86
58
82
90
78
84
88
81
69
78
76
78
75
75
88
75
91
81
73
92
83
75
84
85
88
91
67
77
70
69
75
93
88
86
70
87
94
78
79
71
89
73
67
74
84
76
68
86
63
76
94
87
94
76
75
74
93
69
81
78
95
47
70
97
75
82
73
73
78
84
75
74
66
72
89
100
86
68
76
73
84
97
80
70
94
82
82
80
73
96
98
84
78
73
72
71
94
86
85
81
81
92
83
98
76
84
76
81
91
69
78
94
85
87
85
80
82
97
64
62
94
90
77
76
74
85
98
92
74
91
76
75
83
93
86
85
76
82
87
101
92
75
91
96
97
93
90
99
73
82
84
80
87
90
84
77
95
90
97
87
87
79
79
83
83
90
84
75
74
106
91
93
73
77
70
85
81
107
75
99
81
82
78
76
77
86
85
88
87
84
85
74
98
75
93
84
82
67
102
79
91
81
85
105
80
67
85
80
75
92
80
94
98
68
81
83
57
80
83
88
84
90
77
81
80
90
77
90
73
80
107
80
108
83
88
80
90
79
84
92
84
89
70
88
76
98
83
78
89
80
90
78
77
93
89
81
84
82
63
83
72
88
88
93
98
85
91
73
98
92
93
97
105
68
74
72
83
90
77
90
99
87
86
69
88
96
75
82
95
81
95
81
80
81
77
74
103
75
69
90
80
78
83
83
99
89
98
99
78
88
80
84
71
94
79
91
77
83
92
85
82
84
81
87
77
77
90
88
78
75
110
89
91
89
74
81
89
91
78
85
100
80
99
99
83
102
81
95
73
93
89
86
82
83
66
96
103
80
71
94
82
88
85
87
104
78
90
93
84
86
97
66
91
78
104
87
99
97
88
75
84
92
88
87
71
92
82
96
92
94
81
89
95
83
80
92
76
91
93
77
86
92
85
88
113
104
75
94
87
95
97
88
82
83
88
111
74
74
92
104
96
93
83
86
95
105
81
95
85
68
95
87
82
90
85
85
84
88
77
95
85
92
83
102
79
84
90
92
102
88
90
109
100
85
106
77
80
83
96
98
81
85
82
94
91
85
84
79
75
89
84
85
88
97
59
84
100
80
94
86
94
89
92
86
84
80
109
85
102
83
89
101
94
77
95
106
86
87
101
92
100
85
86
66
99
93
99
77
101
68
108
83
68
86
81
91
93
103
78
84
94
92
105
96
77
94
81
91
82
98
109
87
87
87
88
81
103
94
105
73
80
91
70
91
92
86
89
77
83
94
89
85
77
89
74
97
90
77
72
81
90
95
92
86
86
82
93
83
99
98
97
89
84
83
79
98
84
93
80
83
84
80
73
87
74
84
96
82
77
86
84
66
92
79
66
79
82
75
84
72
110
89
109
89
69
77
87
87
94
70
90
86
88
104
91
84
93
76
79
85
102
92
82
70
95
94
79
72
89
78
79
85
111
87
84
76
83
94
78
74
78
86
84
89
86
88
83
89
99
82
76
78
66
87
94
72
74
84
75
100
82
83
100
81
76
92
75
69
86
85
87
82
82
70
76
68
77
76
86
80
73
59
77
88
76
73
81
94
84
69
90
83
76
77
84
85
70
67
91
74
78
82
89
65
92
89
85
76
91
75
79
74
80
73
72
74
84
80
85
87
73
70
74
77
97
87
68
85
81
79
78
83
78
77
68
67
70
74
66
63
77
83
68
79
91
76
79
85
102
70
83
78
77
84
79
75
79
74
91
77
72
70
70
87
83
75
64
76
60
84
78
80
79
85
65
66
55
73
84
64
75
71
92
80
77
61
80
79
70
64
81
59
79
71
74
66
66
80
75
67
71
76
70
66
64
74
74
68
70
72
76
63
80
61
72
70
64
74
80
73
69
67
77
65
62
71
75
80
60
67
62
73
59
56
83
60
57
71
54
71
76
77
68
49
72
79
73
70
60
59
76
57
62
71
70
64
75
64
71
80
67
68
79
66
66
86
73
60
61
50
76
64
79
67
63
66
64
76
74
65
57
85
68
61
67
61
68
66
65
57
61
80
65
62
66
54
62
68
73
61
71
61
72
61
63
59
71
63
54
61
58
70
78
82
51
64
45
44
66
55
60
80
68
67
49
67
63
54
57
56
47
63
54
60
57
60
50
67
69
51
56
54
58
60
80
64
67
68
50
56
56
70
75
55
63
54
57
59
66
75
65
52
66
69
60
60
52
68
60
57
76
55
64
54
67
48
66
62
58
61
52
50
80
70
66
53
60
60
59
71
62
69
64
60
66
53
68
58
57
70
56
53
54
59
78
64
71
59
64
59
50
54
53
53
51
51
63
53
52
67
62
65
68
59
59
57
60
77
57
45
52
51
67
75
62
59
60
58
60
62
45
41
52
61
73
56
56
64
57
64
60
54
58
63
49
47
76
52
52
48
43
55
60
46
58
52
57
56
64
64
59
58
67
65
62
62
59
60
60
67
61
61
50
61
81
51
60
54
52
60
56
48
62
54
43
60
43
68
58
39
63
50
61
49
48
54
61
40
46
42
51
59
41
45
61
65
47
62
55
45
51
55
47
55
65
64
64
50
54
44
53
65
48
59
51
52
57
58
60
56
51
57
55
50
52
39
56
49
75
51
43
61
41
63
61
55
65
50
61
64
58
50
52
48
53
61
49
71
54
54
41
48
50
73
42
50
49
52
61
49
47
49
48
55
51
56
53
64
58
49
48
47
57
51
59
68
62
60
51
54
54
40
69
56
49
57
52
53
57
60
61
66
52
47
55
73
60
56
51
53
65
46
53
52
51
44
65
55
42
64
54
55
57
56
48
39
45
47
49
51
68
57
44
55
55
68
44
66
61
50
59
47
47
55
57
50
61
57
44
51
47
57
51
42
63
49
49
61
47
52
67
62
58
41
49
51
55
51
58
60
43
53
61
46
41
55
55
38
67
54
45
46
43
68
50
58
36
60
47
54
61
45
51
53
61
58
51
44
52
52
46
53
61
50
56
52
52
57
49
67
49
54
47
52
49
45
49
52
47
53
72
40
52
61
56
58
45
56
42
51
43
55
53
60
61
58
46
44
44
50
34
64
63
48
71
55
45
72
43
48
45
51
71
47
61
52
50
51
50
55
57
36
56
52
68
55
51
53
69
61
74
49
50
49
55
57
66
51
47
51
53
65
62
61
65
38
52
54
58
52
54
53
62
64
44
52
56
65
55
57
66
60
71
58
53
67
61
64
66
51
49
53
57
59
50
53
69
54
59
53
67
66
59
54
50
48
57
61
62
71
54
70
70
62
65
60
53
70
70
60
67
78
67
56
66
61
76
54
52
68
67
66
70
55
67
64
86
60
63
77
73
60
84
71
57
68
81
60
70
66
64
80
80
82
69
75
66
77
88
76
84
81
65
76
78
76
71
81
67
81
72
74
80
68
78
66
88
80
79
63
81
86
72
79
82
82
90
93
96
71
77
94
82
93
77
95
97
109
100
92
75
82
92
83
93
90
94
112
100
84
97
110
92
104
97
101
103
90
104
97
91
113
98
83
108
118
104
117
113
119
98
112
84
97
128
106
113
111
111
112
100
111
121
109
115
117
117
114
118
117
119
137
109
111
105
96
114
116
132
128
130
119
124
110
127
132
123
122
135
106
138
127
116
128
100
146
131
129
138
138
117
141
132
128
164
126
132
149
136
155
149
147
143
139
150
155
138
134
145
132
157
162
155
148
156
168
167
150
128
132
184
139
148
173
151
158
140
144
174
154
152
158
178
170
157
146
158
158
160
169
145
179
173
157
164
142
167
178
159
154
166
163
162
152
157
176
169
171
152
186
171
139
165
188
185
174
190
178
150
182
161
190
163
179
169
181
159
163
157
172
157
177
191
200
182
192
180
184
172
182
161
183
191
162
169
174
187
173
183
178
174
196
175
168
173
166
205
167
180
194
183
210
167
153
161
189
192
169
186
177
177
187
157
173
141
191
184
170
155
179
183
181
183
174
158
200
181
174
167
163
152
164
169
175
180
172
154
186
156
162
172
192
156
160
174
200
152
177
162
152
183
163
175
146
160
159
167
158
170
182
159
159
166
173
150
142
162
165
184
168
188
162
118
132
147
153
153
143
161
149
163
156
140
155
117
148
158
144
154
120
140
145
140
131
163
147
141
126
163
132
141
153
132
116
137
145
147
147
134
136
107
132
116
144
112
122
114
127
127
125
128
123
115
124
130
114
141
103
113
93
106
120
119
130
128
124
111
117
95
116
98
111
100
92
107
100
100
85
101
110
119
73
109
103
105
108
92
87
100
84
105
97
100
97
87
84
102
104
105
82
84
82
76
73
74
66
78
56
83
74
73
81
84
84
85
78
87
75
88
80
74
85
74
75
72
67
78
63
58
71
64
52
56
71
65
60
58
59
71
72
69
59
46
62
53
64
62
62
60
67
64
43
56
59
42
66
72
45
54
44
53
46
40
57
47
53
41
55
51
45
47
36
44
40
42
46
42
49
38
35
31
46
57
31
44
47
40
47
44
45
47
42
40
43
53
46
34
41
46
44
39
37
43
37
33
49
30
36
37
43
40
37
29
55
43
42
39
34
49
25
36
30
32
37
38
39
34
42
30
36
43
33
35
32
28
37
26
28
44
39
37
41
36
26
32
31
41
47
37
34
34
44
36
32
28
30
33
37
38
31
39
32
33
31
26
25
38
30
36
32
40
33
32
30
52
33
33
41
30
42
30
32
33
39
20
40
39
33
36
39
35
37
46
34
37
37
44
36
32
36
43
37
38
32
47
41
34
31
36
42
38
42
51
56
48
42
48
38
31
52
41
44
38
27
53
46
37
46
37
40
28
52
32
45
42
53
36
62
52
50
42
53
48
41
45
59
46
59
52
46
55
50
52
52
43
47
58
43
75
57
53
60
44
73
66
51
45
53
59
68
65
59
52
63
57
72
52
71
61
55
57
66
59
72
68
62
62
71
72
63
68
58
75
74
66
75
82
81
61
73
78
75
73
77
89
63
67
71
77
70
66
87
60
70
55
75
67
79
80
78
76
69
69
76
83
76
92
77
94
81
76
75
85
100
89
108
88
89
85
83
88
90
78
113
92
94
95
98
75
93
84
96
117
100
117
98
91
119
96
109
79
84
84
100
96
105
103
113
105
99
93
117
110
113
95
120
99
118
105
117
102
109
107
118
105
105
121
115
105
96
102
116
120
113
97
146
126
99
105
101
113
97
112
112
128
133
104
127
90
106
117
110
103
124
128
134
119
112
115
122
124
127
129
120
128
110
126
126
143
130
130
137
119
116
114
127
153
133
135
125
141
158
116
125
136
125
140
159
125
126
151
145
133
151
128
146
134
108
138
133
123
143
146
131
162
142
137
134
148
127
158
139
155
147
129
143
133
117
121
164
138
157
126
130
126
128
137
126
134
140
168
143
152
124
130
139
132
137
147
154
144
109
128
127
143
139
128
122
146
118
139
143
116
130
140
128
150
130
153
133
143
164
141
143
135
128
147
138
143
121
146
141
119
144
135
154
138
118
121
122
138
117
137
136
125
120
137
102
112
132
121
152
143
130
138
135
126
134
118
124
118
149
132
124
120
132
117
102
117
130
114
101
138
111
128
136
120
111
99
117
123
104
121
117
125
122
118
103
114
102
87
103
120
126
118
110
127
87
94
130
102
105
102
99
110
117
100
83
102
112
94
87
78
110
86
106
83
118
128
91
102
82
99
90
86
80
92
108
101
83
89
95
82
109
100
64
91
111
88
81
94
103
77
98
87
91
83
89
76
80
76
78
65
71
78
73
69
53
87
68
68
68
71
73
80
55
67
74
65
55
63
48
61
53
69
50
51
50
49
64
56
76
62
67
66
71
64
72
52
65
58
68
55
54
44
55
53
44
51
40
51
47
39
55
38
40
53
53
35
48
46
44
44
37
40
32
46
37
37
50
45
37
40
37
37
35
41
43
45
32
29
23
35
30
23
32
32
34
39
42
46
43
26
26
26
35
20
37
30
28
29
28
40
24
35
27
38
25
29
21
14
32
28
24
18
28
19
25
30
18
20
10
21
24
22
28
32
26
19
24
18
28
25
16
12
18
21
20
15
23
15
19
14
14
19
17
17
15
20
21
13
18
16
10
13
15
16
14
15
16
7
15
9
16
19
11
14
15
13
17
18
8
11
12
14
12
18
8
9
5
14
14
7
11
9
9
13
6
13
13
7
9
10
9
13
10
5
9
9
10
9
4
9
4
8
9
5
7
12
4
7
5
4
3
8
9
3
5
3
4
6
7
7
7
5
9
4
6
14
10
11
8
4
6
11
3
3
6
3
6
4
6
5
3
6
9
12
9
3
4
5
3
6
10
6
6
6
5
5
2
7
3
5
6
7
2
4
4
4
4
5
4
3
4
6
4
3
2
3
10
5
5
3
5
6
2
3
4
7
4
2
3
1
2
5
6
5
3
4
1
2
2
7
3
4
1
3
4
2
4
4
8
4
10
0
1
2
0
3
1
2
6
7
2
2
6
2
3
1
4
2
5
0
1
5
1
1
0
1
2
4
4
2
1
3
2
4
5
2
5
2
3
2
5
2
7
3
3
2
3
3
5
0
2
5
1
3
1
1
2
1
4
2
4
3
2
6
2
3
5
1
2
1
1
3
4
3
0
1
4
2
3
2
0
1
6
1
1
3
4
1
2
0
1
1
3
1
6
7
1
4
3
3
4
2
5
2
0
0
6
1
3
3
1
2
2
1
0
1
2
1
0
3
1
0
5
1
0
2
1
3
1
3
3
1
3
1
1
1
0
1
2
3
2
1
1
1
2
1
3
3
2
2
3
2
0
1
0
2
3
1
0
1
1
1
2
2
1
2
0
0
1
0
1
2
3
1
2
1
0
1
2
0
1
2
0
1
0
3
0
3
1
2
2
1
2
0
0
3
2
2
0
3
2
1
0
3
3
0
0
0
0
2
0
2
2
0
2
0
1
1
4
1
1
1
1
2
2
1
2
1
3
1
1
0
2
1
0
1
0
1
0
3
0
1
1
0
0
1
1
0
0
2
1
0
5
0
1
0
1
1
0
2
1
0
0
2
1
0
3
1
0
2
2
1
0
1
2
3
2
3
0
1
1
1
2
0
2
2
1
1
0
0
2
0
0
2
4
2
1
2
0
0
0
0
2
2
1
0
0
0
0
0
1
0
0
0
2
2
1
1
0
0
2
1
1
1
1
1
1
0
1
0
3
1
2
0
0
0
0
1
2
2
3
1
0
1
2
0
0
2
1
2
0
0
3
0
1
1
0
0
1
0
0
2
0
1
1
0
2
0
2
1
0
0
1
0
2
2
0
1
0
1
1
0
1
0
0
4
1
1
0
1
2
1
0
0
0
1
2
0
1
1
3
0
0
1
1
1
2
0
1
1
2
1
1
0
1
1
2
1
0
0
0
3
1
0
2
0
0
2
0
0
0
0
0
2
2
1
1
1
1
1
0
1
1
1
0
3
1
0
0
1
0
1
4
2
1
2
0
2
0
0
0
0
0
0
0
0
2
0
2
1
1
1
0
1
0
0
0
0
3
0
5
0
0
1
1
1
2
0
0
0
1
2
0
0
0
1
0
0
0
1
1
0
0
4
1
1
1
0
0
0
0
1
0
1
0
1
2
0
0
0
2
1
2
2
1
1
0
1
0
2
1
0
3
0
0
0
1
0
0
1
0
0
0
0
2
0
1
0
0
0
1
2
0
0
0
0
1
1
0
2
0
2
2
1
0
1
0
1
1
1
1
2
2
1
1
0
1
0
0
0
0
0
0
2
3
0
0
1
1
1
0
0
1
0
0
0
0
2
0
0
0
0
1
3
0
2
0
0
2
1
1
0
1
0
0
1
1
1
0
2
2
0
4
2
0
1
0
1
1
1
0
2
1
2
1
0
0
0
0
2
3
3
5
3
2
2
7
7
3
6
1
5
5
9
3
5
7
18
15
9
10
12
22
20
25
23
24
27
20
25
14
27
31
27
24
20
20
22
27
39
32
23
29
27
40
45
29
39
39
36
42
46
34
37
28
26
38
18
12
8
2
3
4
3
1
1
0
3
2
2
3
2
7
8
16
29
14
6
7
0
0
0
0
0
0
0
0
0
0
0
0
0
0
0
0
0
0
0
0
0
0
0
0
0
0
0
0
0
0
0
0
0
0
0
0
0
0
0
0
0
0
0
0
0
0
0
0
0
0
0
0
0
0
0
0
0
0
0
0
0
0
0
0
0
0
0
0
0
0
0
0
0
0
0
0
0
0
0
0
0
0
0
0
0
0
0
0
0
0
0
0
0
0
0
0
0
1
0
0
0
0
0
0
0
0
0
0
0
0
0
0
0
0
0
0
0
0
0
0
0
0
0
0
0
0
0
0
0
0
0
0
0
0
0
0
0
0
0
0
0
0
0
0
0
0
0
0
0
0
0
0
0
0
0
0
0
0
0
0
0
0
0
0
0
0
0
0
0
0
0
0
0
0
0
0
0
0
0
0
0
0
0
0
0
0
0
0
0
0
0
0
0
0
0
0
0
0
0
0
0
0
0
0
0
0
0
0
0
0
0
0
0
0
0
0
0
0
0
0
0
0
0
0
0
0
0
0
0
0
0
0
0
0
0
0
0
0
0
0
0
0
0
0
0
0
0
0
0
0
0
0
0
0
0
0
0
0
0
0
0
0
0
0
0
0
0
0
0
0
0
0
0
0
0
0
0
0
0
0
0
0
0
0
0
0
0
0
0
0
0
0
0
0
0
0
0
0
0
0
0
0
0
0
0
0
0
0
0
0
0
0
0
0
0
0
0
0
0
0
0
0
0
0
0
0
0
0
0
0
0
0
0
0
0
0
0
0
0
0
0
0
0
0
0
0
0
0
0
0
0
0
0
0
0
0
0
0
0
0
0
0
0
0
0
0
0
0
0
0
0
0
0
0
0
0
0
0
0
0
0
0
0
0
0
0
0
0
0
0
0
0
0
0
0
0
0
0
0
0
0
0
0
0
0
0
0
0
0
0
0
0
0
0
0
0
0
0
0
0
0
0
0
0
0
0
0
0
0
0
0
0
0
0
0
0
0
0
0
0
0
0
0
0
0
0
0
0
0
0
0
0
0
0
0
0
0
0
0
0
0
0
0
0
0
0
0
0
0
0
0
0
0
0
0
0
0
0
0
0
0
0
0
0
0
0
0
0
0
0
0
0
0
0
0
0
0
0
0
0
0
0
0
0
0
0
0
0
0
0
0
0
0
0
0
0
0
0
0
0
0
0
0
0
0
0
0
0
0
0
0
0
0
0
0
0
0
0
0
0
0
0
0
0
0
0
0
0
0
0
0
0
0
0
0
0
0
0
0
0
0
0
0
0
0
0
0
0
0
0
0
0
0
0
0
0
0
0
0
0
0
0
0
0
0
0
0
0
0
0
0
0
0
0
0
0
0
0
0
0
0
0
0
0
0
0
0
0
0
0
0
0
0
0
0
0
0
0
0
0
0
0
0
0
0
0
0
0
0
0
0
0
0
0
0
0
0
0
0
0
0
0
0
0
0
0
0
0
0
0
0
0
0
0
0
0
0
0
0
0
0
0
0
0
0
0
0
0
0
0
0
0
0
0
0
0
0
0
0
0
0
0
0
0
0
0
0
0
0
0
0
0
0
0
0
0
0
0
0
0
0
0
0
0
0
0
0
0
0
0
0
0
0
0
0
0
0
0
0
0
0
0
0
0
0
0
0
0
0
0
0
0
0
0
0
0
0
0
0
0
0
0
0
0
0
0
0
0
0
0
0
0
0
0
0
0
0
0
0
0
0
0
0
0
0
0
0
0
0
0
0
0
0
0
0
0
0
0
0
0
0
0
0
0
0
0
0
0
0
0
0
0
0
0
0
0
0
0
0
0
0
0
0
0
0
0
0
0
0
0
0
0
0
0
0
0
0
0
0
0
0
0
0
0
0
0
0
0
0
0
0
0
0
0
0
0
0
0
0
0
0
0
0
0
0
0
0
0
0
0
0
0
0
0
0
0
0
0
0
0
0
0
0
0
0
0
0
0
0
0
0
0
0
0
0
0
0
0
0
0
0
0
0
0
0
0
0
0
0
0
0
0
0
0
0
0
0
0
0
0
0
0
0
0
0
0
0
0
0
0
0
0
0
0
0
0
0
0
0
0
0
0
0
0
0
0
0
0
0
0
0
0
0
0
0
0
0
0
0
0
0
0
0
0
0
0
0
0
0
0
0
0
0
0
0
0
0
0
0
0
0
0
0
0
0
0
0
0
0
0
0
0
0
0
0
0
0
0
0
0
0
0
0
0
0
0
0
0
0
0
0
0
0
0
0
0
0
0
0
0
0
0
0
0
0
0
0
0
0
0
0
0
0
0
0
0
0
0
0
0
0
0
0
0
0
0
0
0
0
0
0
0
0
0
0
0
0
0
0
0
0
0
0
0
0
0
0
0
0
0
0
0
0
0
0
0
0
0
0
0
0
0
0
0
0
0
0
0
0
0
0
0
0
0
0
0
0
0
0
0
0
0
0
0
0
0
0
0
0
0
0
0
0
0
0
0
0
0
0
0
0
0
0
0
0
0
0
0
0
0
0
0
0
0
0
0
0
0
0
0
0
0
0
0
0
0
0
0
0
0
0
0
0
0
0
0
0
0
0
0
0
0
0
0
0
0
0
0
0
0
0
0
0
0
0
0
0
0
0
0
0
0
0
0
0
0
0
0
0
0
0
0
0
0
0
0
0
0
0
0
0
0
0
0
0
0
0
0
0
0
0
0
0
0
0
0
0
1
0
0
0
0
0
0
0
1
0
0
0
0
1
0
1
0
0
0
1
0
0
1
0
0
0
0
0
0
0
0
0
0
0
0
1
0
1
1
0
0
0
0
1
0
0
0
0
1
1
0
1
0
0
0
1
0
0
1
0
0
0
0
0
0
0
0
0
1
0
1
0
0
0
0
0
0
1
0
0
1
0
1
1
0
0
0
2
0
0
0
2
0
0
1
0
1
1
1
1
0
0
0
1
1
1
1
1
0
1
0
0
0
0
1
1
2
3
3
9
6
5
6
