27
22
22
14
6
6
6
7
12
15
16
11
13
14
19
14
16
18
26
30
38
38
33
46
51
57
80
53
84
90
91
112
137
137
150
182
191
191
234
227
247
250
286
253
257
229
238
234
212
215
171
174
160
134
139
149
165
182
204
251
238
259
268
341
298
363
375
402
376
405
433
441
465
448
447
417
446
413
411
395
360
379
393
364
361
372
437
440
409
437
522
509
523
532
568
596
606
528
641
587
545
569
543
531
506
532
490
456
462
442
429
409
376
368
393
346
347
312
328
275
273
277
224
228
214
178
159
166
162
118
98
109
105
80
77
85
57
61
48
59
61
76
65
51
43
60
60
64
68
72
54
65
66
79
83
74
77
95
102
118
115
101
104
111
155
146
141
151
187
160
184
205
219
225
233
246
254
283
307
346
306
340
336
348
409
385
389
420
452
447
507
520
505
543
550
564
584
624
608
628
674
689
667
728
727
753
805
773
829
807
864
878
871
1002
983
1017
1065
1100
1169
1225
1291
1335
1338
1515
1491
1585
1619
1684
1814
1891
1922
2061
2158
2262
2343
2358
2444
2594
2764
2622
2737
2878
2814
2996
2924
3043
3062
3178
3153
3270
3240
3150
3035
3228
3049
3149
2981
2949
2870
2768
2808
2680
2658
2423
2362
2366
2254
2185
1995
1967
1749
1746
1710
1540
1484
1429
1282
1153
1064
1039
909
840
755
654
632
632
501
463
436
397
332
298
245
239
222
193
160
168
166
128
117
84
86
90
103
83
49
81
66
53
44
43
38
37
44
36
35
39
45
36
43
43
32
41
35
28
33
37
41
27
40
31
31
37
29
36
33
26
25
26
38
24
23
30
33
36
34
29
22
28
25
42
17
29
30
29
31
44
22
24
28
23
25
33
26
34
21
26
24
27
31
30
22
22
32
25
17
25
31
29
18
33
23
22
20
30
23
25
28
18
27
34
28
26
31
27
25
21
31
16
27
21
29
23
23
21
33
24
35
27
24
33
21
30
22
25
27
17
15
27
26
25
24
30
24
20
27
23
31
22
15
26
22
26
34
24
27
20
21
29
42
28
20
15
24
28
21
28
21
24
19
21
27
23
19
32
16
22
19
29
24
19
20
24
27
18
28
21
19
33
21
19
30
24
22
26
25
27
24
27
22
25
24
30
21
27
38
22
29
26
30
20
21
20
20
26
24
24
22
24
23
24
23
25
9
16
25
25
27
21
23
19
14
21
19
20
21
23
30
22
25
19
21
28
19
20
21
20
22
19
18
17
20
24
23
21
21
26
22
21
23
19
18
22
26
35
16
26
25
18
26
18
10
23
27
15
21
17
16
19
18
22
24
20
21
22
21
16
23
11
22
22
19
24
23
17
16
18
14
14
13
16
21
20
15
16
15
16
19
21
21
17
16
15
19
22
24
22
9
17
23
15
13
18
20
24
11
18
16
18
26
19
15
17
13
22
22
21
27
14
17
18
13
16
18
23
22
23
17
19
12
15
24
17
21
17
27
15
17
12
13
14
10
19
15
16
17
6
16
13
22
20
20
29
17
16
10
17
14
23
24
13
15
13
18
29
13
14
18
24
12
13
14
15
14
12
16
18
17
14
12
13
16
18
22
16
18
15
22
16
15
16
22
15
16
15
14
15
18
14
16
13
12
19
13
14
14
16
9
13
21
11
19
17
16
21
17
17
16
14
15
12
18
20
14
17
11
17
11
13
26
14
13
12
14
12
11
10
13
18
8
16
6
16
14
14
19
13
16
16
12
14
11
23
13
17
21
19
13
12
10
19
19
11
16
7
18
22
18
9
13
20
19
11
13
16
12
17
15
18
16
13
10
14
17
14
10
16
16
16
8
10
6
23
8
10
21
16
22
13
10
8
15
10
21
14
9
14
18
19
16
15
13
11
15
14
7
10
7
19
14
17
13
16
15
7
10
12
11
11
10
13
11
11
18
16
19
12
16
14
11
17
12
7
20
14
10
17
14
17
13
10
16
12
7
13
18
15
11
12
14
14
14
11
14
11
15
15
15
8
12
13
10
10
13
10
15
5
10
9
9
16
10
12
14
11
13
13
11
16
10
16
10
5
19
15
8
10
14
9
14
18
13
11
13
12
12
14
14
9
9
7
13
11
9
9
11
5
9
12
8
19
12
9
8
16
12
8
9
10
13
8
10
11
13
19
10
12
10
18
9
13
11
12
10
14
13
7
12
9
8
12
14
8
18
13
14
12
11
7
9
8
21
11
13
11
12
15
10
21
9
14
11
13
11
17
11
10
15
16
15
16
12
10
8
10
12
7
12
11
9
9
7
12
12
11
10
9
11
11
9
6
10
8
15
18
12
14
9
13
10
15
12
7
9
9
11
11
13
7
12
11
12
7
15
15
7
17
12
8
5
15
5
13
17
8
11
10
15
12
9
10
12
10
10
10
4
8
10
6
17
12
9
8
9
12
6
14
11
10
9
13
9
11
11
7
12
13
15
6
7
11
11
15
8
10
11
9
14
7
8
7
11
13
7
8
5
10
5
5
6
10
5
11
6
12
14
3
8
6
10
9
8
8
12
5
6
8
6
7
4
7
6
7
8
10
5
9
9
6
4
7
7
7
7
8
4
7
4
7
11
9
7
6
6
7
8
5
5
2
14
7
11
6
4
11
6
6
9
10
9
7
8
12
10
4
6
8
7
13
7
10
5
5
7
12
7
6
9
9
5
8
10
5
5
13
6
11
9
4
9
5
6
6
8
14
7
9
4
8
7
7
9
2
8
8
10
5
4
13
6
7
7
14
4
8
9
6
8
14
8
3
5
5
6
5
4
4
10
3
5
6
7
9
8
7
9
5
6
6
10
8
10
8
8
8
11
5
8
9
10
5
12
8
3
5
2
10
4
8
7
6
9
11
6
8
7
9
5
8
5
9
9
8
5
10
10
8
10
6
2
6
8
11
8
3
12
6
1
7
6
9
3
10
1
7
6
4
9
5
7
3
7
8
7
6
8
6
5
7
4
8
2
4
2
5
10
7
6
4
10
5
4
5
4
5
5
8
10
7
7
8
7
5
5
3
4
8
4
4
4
8
8
5
5
9
8
4
6
5
5
2
8
7
5
4
5
5
6
4
5
7
6
5
4
10
6
5
5
6
6
5
8
4
5
8
12
4
7
4
6
4
5
10
7
4
3
6
5
6
3
3
4
12
7
9
6
5
6
7
7
4
5
2
10
7
6
5
8
5
5
5
5
3
5
6
3
2
8
9
4
7
6
7
6
5
9
8
7
4
3
6
5
5
6
5
1
8
14
5
2
4
7
8
5
2
7
6
4
5
6
4
9
8
3
10
7
3
3
4
3
2
10
13
5
9
5
0
13
4
12
5
9
8
3
7
7
6
5
5
1
3
10
4
6
6
5
8
8
3
5
5
2
3
7
4
4
1
4
6
4
10
7
3
8
8
5
6
7
5
5
5
7
7
4
5
10
3
5
6
2
5
3
5
3
8
9
4
4
5
2
8
8
4
4
5
3
6
7
6
4
1
4
1
3
1
4
4
8
7
5
7
3
5
3
5
5
7
4
5
2
3
7
1
4
1
8
2
9
4
7
3
5
7
4
9
2
2
8
3
6
8
6
1
8
5
8
3
3
3
7
2
5
4
4
1
6
8
6
4
7
2
7
6
5
3
8
7
4
4
5
2
4
3
4
6
3
3
7
5
2
4
4
9
7
6
7
5
5
6
8
7
3
3
3
7
2
1
5
2
6
2
6
6
3
4
10
3
4
1
3
2
5
2
5
3
8
7
5
9
4
1
5
5
4
5
4
3
2
4
3
5
3
4
3
5
5
6
3
3
4
3
4
7
0
2
3
5
6
0
1
3
3
5
6
6
9
5
2
5
2
5
5
2
6
4
3
5
5
3
4
9
6
2
2
3
1
4
6
4
4
2
1
3
1
6
0
4
2
3
4
6
8
2
7
5
6
5
3
2
6
3
9
2
3
0
7
0
2
7
3
4
3
3
2
8
3
7
2
5
2
2
2
2
2
3
4
3
3
4
3
5
6
3
1
3
8
2
2
4
5
6
4
7
2
2
3
6
5
6
5
7
3
6
2
4
3
4
2
4
4
2
3
5
5
3
6
6
2
4
1
3
4
3
5
3
7
6
3
3
4
6
4
6
6
4
4
2
3
4
4
4
2
3
1
0
2
5
5
3
4
2
2
3
3
7
5
3
4
5
6
3
1
4
2
3
2
1
5
5
5
3
1
4
1
5
3
2
2
2
3
4
4
1
3
10
5
1
2
4
5
2
3
2
2
8
3
6
5
3
4
1
2
3
7
0
0
3
2
3
2
2
3
3
2
4
1
4
2
4
2
5
1
2
2
4
1
3
3
2
1
1
2
0
4
4
2
4
3
2
1
3
4
5
3
3
3
2
1
1
3
4
3
2
1
8
2
5
6
0
8
2
4
3
2
3
6
5
1
5
2
4
3
4
2
3
3
3
2
4
5
3
3
3
7
4
3
3
7
2
6
6
2
1
0
1
3
3
3
4
1
5
3
2
3
3
6
3
2
2
7
2
2
2
5
6
1
1
4
1
4
2
2
1
2
3
1
1
2
1
4
2
2
4
3
3
3
6
2
2
5
1
3
4
3
3
2
0
4
7
4
5
1
0
6
3
2
2
2
3
4
6
4
2
4
1
2
4
3
4
2
4
4
2
4
2
4
2
5
4
1
1
2
2
2
3
1
3
2
2
2
4
6
5
5
4
6
2
5
2
1
1
4
0
4
3
0
2
3
2
6
0
4
2
4
2
3
7
3
2
4
3
1
2
2
2
3
1
9
3
1
0
3
1
0
3
1
2
5
2
5
1
2
3
4
3
2
3
1
3
4
3
2
2
3
2
5
3
2
0
3
5
1
3
1
2
1
4
2
2
2
4
0
6
2
3
5
2
3
1
2
4
2
1
5
0
0
5
1
1
7
3
0
2
1
0
2
0
2
3
2
2
4
2
3
4
4
2
3
4
5
4
1
2
3
2
5
2
3
2
1
4
1
4
1
2
1
2
4
3
5
1
1
3
1
2
3
4
4
0
3
2
4
0
2
0
4
3
1
2
0
4
2
2
1
2
3
1
3
1
3
2
2
3
6
2
1
5
3
1
0
1
3
0
1
3
2
2
4
1
0
4
4
1
1
3
4
1
2
5
2
2
4
2
1
1
0
2
4
0
1
2
1
0
3
0
4
0
1
1
0
3
3
1
1
5
2
2
3
2
3
2
3
2
2
2
2
0
0
1
0
2
1
3
3
6
2
2
1
2
2
1
2
2
4
1
1
1
1
1
1
1
3
2
1
3
3
3
2
2
3
0
2
2
5
1
1
0
1
0
1
2
4
4
2
1
0
2
2
2
3
1
3
6
1
2
2
1
1
2
2
2
2
1
0
6
7
1
4
4
1
4
0
7
3
5
1
2
3
0
2
2
2
2
1
0
1
3
4
5
2
2
4
4
2
3
1
3
0
4
2
4
4
0
0
2
2
3
0
4
0
2
2
2
1
4
2
4
1
1
0
3
5
1
2
3
3
4
5
1
1
2
5
2
2
0
1
3
3
2
2
2
1
3
0
3
0
5
3
2
4
3
5
2
3
3
2
1
2
0
3
1
3
3
2
0
6
1
2
3
2
3
4
2
1
1
2
4
0
3
0
4
2
1
1
2
0
1
2
1
3
0
3
1
0
3
5
3
2
1
1
3
0
0
0
1
3
3
1
2
1
4
1
0
0
4
6
3
2
0
2
6
4
1
4
2
1
1
5
3
2
2
2
0
2
0
3
1
1
0
0
3
2
1
3
4
2
2
2
2
1
2
2
1
3
3
0
2
2
5
5
1
1
1
2
2
1
0
4
2
2
6
2
6
0
5
1
1
3
0
1
2
1
5
4
4
4
2
1
2
6
2
6
4
2
2
3
1
1
4
2
2
4
4
3
1
7
1
2
4
3
3
3
2
2
2
3
2
6
2
6
4
0
3
3
1
2
3
2
3
2
5
6
8
5
0
3
4
1
2
1
3
0
3
3
3
4
5
3
2
3
1
4
3
2
5
3
4
3
3
4
5
6
4
2
3
3
7
5
6
1
3
1
1
4
4
3
0
4
6
2
2
7
6
2
1
4
6
3
2
6
3
1
6
4
3
7
5
3
5
1
4
0
0
2
4
6
3
7
2
2
4
5
4
5
1
4
2
1
3
2
1
5
2
7
3
4
2
6
3
6
5
6
4
5
5
4
7
3
1
1
3
5
1
6
7
5
3
2
4
3
5
3
2
3
6
4
6
4
6
5
6
12
3
6
5
1
5
6
8
6
4
9
1
2
4
10
6
1
1
4
3
8
5
8
4
7
6
6
6
5
5
10
3
13
4
4
10
4
3
9
3
6
5
8
9
4
3
3
4
8
10
3
3
2
6
2
0
4
9
8
7
8
5
5
4
8
9
8
9
3
8
6
5
10
6
6
5
11
7
2
10
7
4
6
8
8
7
3
6
5
5
6
3
4
6
8
5
3
10
5
9
4
10
1
4
7
4
7
6
3
8
7
3
4
6
2
6
5
6
5
5
4
2
6
5
4
10
4
9
3
2
5
5
2
0
6
6
7
3
0
2
4
2
4
1
3
7
0
5
4
4
6
3
1
4
2
4
7
4
2
5
5
3
3
4
4
3
3
3
6
1
5
7
12
5
2
7
9
3
3
5
3
4
3
2
4
7
3
1
3
0
3
5
3
7
3
3
5
1
5
2
4
3
3
3
1
2
0
4
2
2
2
3
3
2
3
0
0
2
2
4
2
2
0
1
1
1
2
1
4
1
0
1
4
1
1
2
0
3
2
1
2
1
1
1
1
0
2
3
2
2
2
1
2
1
1
2
0
2
1
2
0
1
3
3
2
1
1
0
1
0
0
0
1
2
2
1
0
1
2
0
2
0
2
2
0
2
0
0
2
2
0
0
1
1
2
1
1
2
1
2
1
0
1
0
2
2
2
1
1
3
1
0
0
1
1
1
0
1
0
1
2
1
1
1
2
1
0
3
1
2
1
1
1
2
0
0
2
2
2
1
3
0
0
4
0
0
1
0
2
1
1
2
0
0
1
1
3
1
0
0
0
2
0
0
0
1
2
1
0
0
0
0
1
2
1
0
3
2
2
2
0
0
0
0
0
0
1
0
0
2
0
0
2
1
0
1
3
1
0
0
0
2
0
1
2
0
0
2
0
1
1
2
2
2
0
0
3
2
2
0
2
0
0
0
0
0
0
0
0
1
2
2
1
0
0
0
0
2
0
1
1
0
1
2
1
1
0
1
1
0
0
0
0
0
0
0
1
1
1
0
1
0
0
1
1
0
2
3
1
1
2
1
0
2
3
3
0
1
0
1
0
2
1
0
2
0
0
1
0
1
0
1
0
2
0
3
0
1
0
1
2
1
2
2
0
1
1
0
1
0
1
1
0
0
1
0
3
0
1
0
2
2
1
0
1
1
3
0
3
2
1
0
0
0
0
0
0
1
2
2
1
2
1
1
3
1
0
1
0
0
0
0
1
0
1
0
0
0
0
0
1
4
1
2
2
1
3
0
2
1
4
1
0
2
1
0
2
0
1
0
1
0
0
0
2
2
0
0
0
1
0
3
1
2
0
2
0
1
1
0
0
0
1
0
1
1
0
2
2
2
2
1
2
0
0
0
0
0
0
1
0
0
1
0
0
1
0
0
2
1
2
0
0
0
3
0
1
0
1
0
1
1
1
0
1
3
2
1
0
1
1
2
2
0
5
2
0
2
0
0
0
0
2
1
0
1
1
1
2
0
1
0
1
0
2
1
1
2
2
1
1
0
1
1
1
2
0
1
1
0
0
0
0
0
0
0
2
0
1
0
1
0
0
2
1
0
1
0
1
0
0
0
1
3
1
1
0
2
0
0
1
1
1
1
1
0
1
1
0
1
0
0
4
0
1
0
1
1
0
0
1
2
0
1
0
1
0
2
1
1
0
2
2
1
2
0
1
0
0
3
1
0
2
1
0
2
1
1
0
0
0
2
1
0
1
0
0
1
3
1
1
2
0
1
2
2
0
0
1
0
0
1
0
0
0
0
2
0
4
0
0
2
1
0
1
1
1
1
0
1
0
1
0
1
2
2
1
0
1
0
0
1
1
0
1
0
1
0
1
2
0
0
0
3
0
0
0
2
0
1
0
1
1
2
0
0
2
1
1
2
1
6
1
0
1
1
1
3
1
0
1
0
1
0
0
0
1
0
0
1
0
1
2
1
3
2
0
0
0
2
2
1
2
1
0
0
0
1
0
0
1
1
0
2
0
2
2
0
2
1
2
0
1
1
2
2
0
1
2
0
1
0
1
3
1
1
0
2
0
0
0
1
0
0
0
0
0
1
1
2
1
0
1
0
2
2
1
0
0
1
1
0
1
0
2
0
1
1
1
0
2
0
0
1
0
0
0
2
2
0
2
0
0
0
1
0
2
0
0
0
0
0
1
2
2
2
1
0
1
2
1
3
1
0
1
1
0
0
1
1
1
1
1
2
2
1
2
1
0
0
0
0
0
0
1
0
0
0
0
0
0
0
0
1
0
2
0
0
1
3
1
1
2
0
0
0
0
1
0
0
0
0
3
1
1
0
0
1
0
0
0
2
2
0
1
1
0
0
0
0
1
0
1
2
1
1
1
1
2
2
1
0
1
0
0
1
2
1
3
2
0
1
3
1
1
0
0
0
0
1
2
0
1
1
1
1
0
0
0
1
0
2
1
0
3
0
0
1
0
2
1
3
1
0
0
0
0
0
0
2
0
2
0
4
1
0
0
0
0
0
1
2
0
0
0
0
1
0
1
2
1
0
2
0
1
1
0
1
0
0
2
1
1
2
1
1
1
2
0
0
1
0
0
1
0
0
1
1
2
3
0
1
1
1
1
0
2
0
1
0
0
0
1
0
2
1
0
1
2
2
1
0
1
0
0
1
0
1
3
0
2
0
1
1
0
0
1
0
0
2
1
0
1
1
0
1
1
1
2
2
1
1
0
1
0
0
2
2
0
1
0
0
0
3
1
0
0
2
0
1
1
0
1
0
1
1
2
0
1
0
0
0
2
0
1
1
2
1
1
0
0
0
1
4
0
0
2
0
1
2
1
1
0
0
1
1
2
2
1
0
3
0
1
2
0
1
0
0
1
1
0
0
2
2
1
0
0
2
0
0
1
1
0
0
0
0
1
0
0
0
0
0
3
2
1
0
1
2
1
1
0
0
1
1
0
2
1
0
1
1
2
0
1
1
2
3
0
2
0
1
0
5
1
2
2
0
2
1
0
0
1
1
0
0
0
2
0
0
0
0
0
0
0
1
0
0
1
1
0
1
0
0
1
2
0
0
0
0
0
2
1
1
0
0
2
2
0
0
1
1
1
0
1
0
1
0
0
1
0
1
0
0
0
2
1
2
1
0
0
1
1
2
0
1
1
1
2
1
1
0
0
0
0
0
1
1
0
0
0
0
2
2
0
1
1
1
2
0
0
1
0
0
2
0
1
0
0
0
0
1
1
0
0
0
0
1
0
0
0
1
0
0
0
0
0
1
1
0
1
2
2
1
0
1
1
1
0
0
0
0
0
0
1
2
0
1
0
0
0
0
0
1
1
0
1
0
0
0
0
0
2
0
1
1
0
0
1
1
0
0
1
0
1
1
0
0
1
0
0
1
2
1
2
1
1
0
0
0
0
0
1
0
1
0
1
1
0
1
0
1
2
1
0
2
0
3
0
1
0
1
0
1
2
0
0
1
1
0
0
1
0
0
0
0
1
0
0
0
0
1
1
3
0
1
0
2
1
0
1
0
0
1
0
1
0
0
0
0
1
0
1
0
0
1
0
1
0
1
0
1
1
1
0
2
0
1
0
1
1
3
1
1
0
0
1
0
1
0
0
1
0
0
0
0
1
0
1
3
2
1
0
1
0
0
1
0
2
0
1
3
0
0
2
1
1
0
0
1
0
2
0
0
0
0
2
1
0
0
2
0
0
1
0
0
0
1
0
0
0
0
0
0
1
1
1
2
0
4
0
1
0
1
1
1
2
0
0
0
2
0
0
0
0
0
0
0
1
2
0
2
0
0
2
0
0
2
1
1
0
0
0
0
0
0
0
3
0
1
0
0
1
1
1
0
1
0
0
1
1
0
1
0
0
0
0
1
1
1
0
0
0
0
1
1
0
1
0
0
1
1
1
0
2
0
1
2
0
2
2
1
0
2
0
0
0
1
0
0
2
0
0
1
0
1
1
0
1
1
0
0
0
2
0
1
0
1
0
0
1
0
0
0
0
0
1
0
0
0
0
1
1
0
0
0
1
0
2
1
0
1
1
0
0
0
0
0
0
1
0
0
0
1
0
1
0
1
0
0
1
0
0
1
1
0
3
1
0
1
1
0
2
0
0
0
0
0
1
0
1
1
0
1
0
0
1
0
0
1
1
1
0
2
0
1
0
1
1
0
0
2
0
2
0
2
0
0
0
4
0
0
1
0
1
0
1
0
0
1
0
1
1
0
0
0
1
0
0
1
0
0
1
0
0
0
0
1
1
0
2
1
0
1
0
0
0
1
0
0
1
0
1
0
1
4
2
0
0
2
1
0
0
1
0
0
0
0
0
0
0
0
1
0
1
0
1
1
1
0
0
1
2
0
1
1
0
0
1
0
0
0
0
0
0
2
0
2
0
1
1
0
0
0
0
0
1
1
3
0
1
2
0
1
1
0
1
1
0
1
2
0
1
0
1
0
0
0
1
2
1
2
0
0
1
2
0
2
1
3
0
0
0
0
0
0
2
1
1
0
1
0
1
0
1
0
1
1
0
0
1
0
0
0
0
2
1
0
0
0
0
0
1
0
1
0
0
0
1
0
0
0
0
0
1
0
0
0
0
0
1
0
0
0
2
0
2
0
0
2
0
0
1
1
1
0
0
0
1
1
0
1
2
0
0
2
1
1
0
1
1
0
0
1
0
3
0
0
1
2
1
0
0
0
0
3
0
0
1
0
0
2
0
0
1
0
0
1
1
0
0
0
1
1
0
1
0
0
2
0
0
1
0
2
0
0
0
2
0
1
0
0
1
0
0
1
1
0
1
0
1
0
0
1
0
0
1
0
1
2
1
0
1
3
1
1
1
0
0
0
0
0
0
1
0
1
1
1
0
1
0
2
1
0
1
2
2
1
1
2
1
0
1
0
0
2
1
0
0
0
0
1
0
1
0
0
0
0
0
0
0
1
1
1
1
1
0
0
1
0
1
0
0
1
0
0
0
2
0
0
0
1
0
0
0
1
0
0
0
0
3
1
1
1
0
0
1
0
1
1
0
1
0
2
0
0
0
1
1
0
0
1
0
1
0
0
2
0
1
1
0
0
2
0
2
0
1
1
1
0
0
1
1
0
0
0
1
0
1
1
0
0
0
0
0
2
3
0
1
2
1
1
0
0
1
1
0
0
1
0
0
1
0
0
1
0
1
1
0
0
0
0
1
0
2
0
1
0
0
0
0
1
0
1
1
0
1
1
1
1
0
1
0
3
2
0
0
1
1
1
1
1
1
0
2
3
0
1
1
0
2
0
0
0
0
0
1
0
1
0
0
1
0
0
1
1
0
0
0
0
0
0
0
1
0
0
2
0
1
1
0
1
0
0
0
0
0
0
0
1
1
0
1
1
0
0
0
0
0
0
0
0
0
1
0
0
0
0
2
1
0
1
1
1
1
0
0
1
0
1
0
0
0
0
0
0
1
1
0
0
0
1
1
1
1
0
0
0
0
0
0
1
1
0
1
0
0
0
2
0
0
0
1
1
1
1
0
0
0
0
1
1
1
0
0
0
1
1
0
0
0
0
0
0
0
0
0
1
0
0
0
1
0
1
1
0
0
2
0
0
1
0
0
0
0
0
0
0
0
0
0
1
0
1
0
0
1
0
1
2
1
0
0
1
0
0
2
0
0
1
0
0
0
0
0
0
0
0
0
0
2
0
0
0
0
0
1
2
0
0
0
0
0
0
0
0
1
0
0
0
1
1
1
1
0
1
1
2
0
0
0
0
0
0
1
1
1
0
0
0
0
0
0
0
0
0
0
1
0
0
0
0
1
0
1
1
0
0
1
1
1
0
0
0
0
1
0
1
0
0
0
0
0
0
0
0
0
1
0
0
0
0
0
0
0
1
0
1
0
0
1
0
1
0
0
0
0
0
0
0
0
0
0
0
0
1
2
0
0
0
0
1
0
0
1
1
0
0
0
1
1
0
0
0
0
0
1
0
1
0
0
0
1
0
0
0
0
1
0
0
0
0
0
1
1
2
0
0
2
0
0
1
0
0
1
0
2
1
2
1
0
0
0
0
1
0
2
0
0
0
1
0
1
0
0
1
2
0
3
0
0
0
0
0
0
1
0
1
0
1
1
0
0
1
0
1
0
0
1
0
0
0
0
0
0
0
0
0
0
0
0
0
0
0
0
0
0
0
0
0
0
0
1
2
0
1
0
0
0
1
0
0
0
0
0
2
0
0
0
0
0
0
0
1
0
1
0
1
0
0
0
0
0
1
0
0
0
0
0
0
0
0
0
0
1
2
0
0
0
0
1
0
0
1
0
2
0
1
1
0
1
1
0
1
1
1
0
0
0
0
1
0
5
0
2
0
0
1
0
0
1
1
0
1
1
1
2
1
0
0
0
1
1
0
0
0
0
0
0
1
0
0
0
0
2
1
0
0
0
0
0
1
0
3
0
0
0
0
1
4
0
0
0
1
1
0
1
0
2
0
0
0
0
0
0
0
0
0
0
0
0
1
0
0
0
0
0
0
0
1
0
0
0
0
0
0
0
0
0
0
0
0
1
0
0
1
0
1
0
0
0
1
0
0
2
1
0
0
0
0
0
0
0
1
0
0
2
0
0
0
0
1
0
0
0
1
1
0
0
1
0
0
1
0
1
1
0
0
0
0
0
0
0
0
0
0
1
0
0
0
0
0
1
1
0
1
0
0
0
0
0
0
0
0
0
0
0
0
1
0
0
2
0
1
0
2
0
0
0
0
0
0
0
2
1
1
0
0
1
0
0
0
0
0
1
0
1
1
0
0
0
0
0
0
1
0
0
0
1
0
0
0
0
2
0
1
0
0
0
0
0
1
0
0
0
0
0
0
1
0
0
0
0
0
1
0
0
1
0
0
0
0
0
3
0
0
0
0
0
1
0
1
0
0
0
0
0
0
0
0
0
0
0
0
0
0
0
0
0
0
1
0
0
0
0
0
0
0
0
0
0
0
1
0
0
2
0
1
0
0
1
0
0
0
0
2
1
1
0
0
0
0
0
0
1
0
0
0
0
1
0
0
1
0
0
0
0
0
0
0
0
0
1
0
0
2
0
0
0
0
1
0
0
0
0
1
0
0
0
1
0
1
0
0
1
0
2
0
1
0
0
0
1
0
0
0
0
0
1
0
0
0
0
0
1
0
2
2
0
0
1
0
0
0
1
0
0
0
0
0
0
0
0
1
0
0
1
0
0
1
0
0
0
1
0
0
0
2
0
1
0
1
0
0
1
1
1
0
0
1
0
3
0
0
0
1
0
1
1
1
1
1
1
0
0
1
0
1
0
0
0
0
2
2
0
1
1
0
0
0
0
0
0
0
1
2
0
1
0
2
0
0
1
0
0
1
0
0
0
0
1
1
0
0
0
1
1
0
0
1
0
2
1
0
0
0
0
1
0
0
0
0
1
0
0
1
0
0
0
1
0
2
0
0
1
1
0
0
0
0
0
3
0
0
0
0
0
0
0
0
0
0
0
0
0
1
1
0
0
1
0
0
1
1
2
1
0
0
1
0
1
0
0
2
0
0
0
1
0
0
0
0
1
0
0
2
1
1
1
0
0
1
1
0
1
1
0
0
0
1
1
1
1
2
0
0
0
0
0
0
1
0
1
0
0
1
2
0
2
1
1
1
0
0
1
0
0
1
0
1
1
1
0
0
0
0
0
0
1
0
0
2
1
0
0
0
0
0
0
1
1
2
0
0
0
2
0
0
0
0
0
1
0
0
1
0
1
1
0
0
0
0
0
1
1
0
0
1
1
1
0
1
0
2
1
1
0
0
0
1
1
1
0
0
0
0
0
2
0
1
0
0
0
0
0
0
0
0
1
2
0
1
0
0
1
0
0
0
0
1
0
0
0
1
1
0
1
1
1
0
0
1
0
0
1
0
0
0
0
1
0
0
1
0
0
0
1
1
1
1
0
0
1
1
1
0
0
0
0
1
0
1
0
0
0
0
1
0
0
0
1
0
0
0
0
0
0
0
0
0
0
0
0
0
0
0
0
0
0
0
0
0
0
0
0
0
1
0
0
0
0
1
0
0
0
0
0
1
1
0
0
0
0
0
1
1
0
1
0
0
2
1
0
1
1
0
0
0
0
0
0
0
0
0
0
1
1
0
0
0
0
0
0
0
0
1
0
0
0
0
0
0
0
0
0
0
0
0
0
0
0
2
1
0
1
1
0
0
0
0
0
0
0
0
0
0
0
0
0
0
0
1
0
0
1
0
0
0
0
0
0
0
1
0
0
0
1
0
0
1
0
0
0
0
1
0
0
0
0
0
1
0
0
0
0
0
0
0
0
0
0
0
0
0
0
2
0
0
1
0
0
0
0
0
0
0
0
1
1
0
0
1
0
0
0
1
1
0
0
0
0
0
0
0
0
0
0
0
0
0
0
0
0
0
1
0
0
0
0
0
0
0
0
0
0
0
0
0
1
0
0
0
0
0
0
0
0
0
1
0
0
0
0
0
0
0
0
0
0
0
0
0
0
0
0
0
0
0
0
0
0
0
0
1
0
0
0
0
1
0
0
0
0
0
0
0
0
0
0
0
0
0
0
0
0
0
0
0
0
1
0
0
0
0
1
0
0
0
0
0
0
0
0
1
0
0
0
0
0
0
0
0
0
0
0
0
0
0
0
0
0
0
0
1
0
0
0
0
0
0
0
0
0
0
0
0
0
0
0
0
0
0
0
0
0
0
0
0
0
0
0
0
0
0
1
0
0
0
0
0
0
0
0
1
0
0
1
0
0
1
0
0
0
0
0
0
0
0
0
0
0
0
0
0
0
0
0
0
0
0
0
0
1
0
0
0
0
0
0
0
0
0
0
0
0
0
0
0
0
0
0
0
1
0
0
0
0
0
0
0
1
0
0
0
0
0
0
0
0
0
1
0
0
0
0
0
0
0
0
0
0
0
0
0
0
0
0
0
0
0
1
0
0
0
0
0
0
0
0
0
0
0
0
0
0
0
0
0
0
0
0
0
0
0
0
2
0
0
0
0
0
0
0
0
0
0
0
0
1
0
1
0
0
0
0
0
0
0
1
0
0
0
0
1
0
0
0
1
1
4
3
0
0
2
3
3
3
1
7
5
3
7
4
6
4
3
4
6
2
3
4
2
3
3
1
8
13
9
6
7
7
10
8
14
10
8
4
0
0
0
0
0
1
0
1
0
0
0
0
0
0
1
12
16
38
15
11
3
0
0
0
0
0
0
0
0
0
0
0
0
0
0
0
0
0
0
0
0
0
0
0
0
0
0
0
0
0
0
0
0
0
0
0
0
0
0
0
0
0
0
0
0
0
0
0
0
0
0
0
0
0
0
0
0
0
0
0
0
0
0
0
0
0
0
0
0
0
0
0
0
0
0
0
0
0
0
0
0
0
0
0
0
0
0
0
0
0
0
0
0
0
0
0
0
0
0
0
0
0
0
0
0
0
0
0
0
0
0
0
0
0
0
0
0
0
0
0
0
0
0
0
0
0
0
0
0
0
0
0
0
0
0
0
0
0
0
0
0
0
0
0
0
0
0
0
0
0
0
0
0
0
0
0
0
0
0
0
0
0
0
0
0
0
0
0
0
0
0
0
0
0
0
0
0
0
0
0
0
0
0
0
0
0
0
0
0
0
0
0
0
0
0
0
0
0
0
0
0
0
0
0
0
0
0
0
0
0
0
0
0
0
0
0
0
0
0
0
0
0
0
0
0
0
0
0
0
0
0
0
0
0
0
0
0
0
0
0
0
0
0
0
0
0
0
0
0
0
0
0
0
0
0
0
0
0
0
0
0
0
0
0
0
0
0
0
0
0
0
0
0
0
0
0
0
0
0
0
0
0
0
0
0
0
0
0
0
0
0
0
0
0
0
0
0
0
0
0
0
0
0
0
0
0
0
0
0
0
0
0
0
0
0
0
0
0
0
0
0
0
0
0
0
0
0
0
0
0
0
0
0
0
0
0
0
0
0
0
0
0
0
0
0
0
0
0
0
0
0
0
0
0
0
0
0
0
0
0
0
0
0
0
0
0
0
0
0
0
0
0
0
0
0
0
0
0
0
0
0
0
0
0
0
0
0
0
0
0
0
0
0
0
0
0
0
0
0
0
0
0
0
0
0
0
0
0
0
0
0
0
0
0
0
0
0
0
0
0
0
0
0
0
0
0
0
0
0
0
0
0
0
0
0
0
0
0
0
0
0
0
0
0
0
0
0
0
0
0
0
0
0
0
0
0
0
0
0
0
0
0
0
0
0
0
0
0
0
0
0
0
0
0
0
0
0
0
0
0
0
0
0
0
0
0
0
0
0
0
0
0
0
0
0
0
0
0
0
0
0
0
0
0
0
0
0
0
0
0
0
0
0
0
0
0
0
0
0
0
0
0
0
0
0
0
0
0
0
0
0
0
0
0
0
0
0
0
0
0
0
0
0
0
0
0
0
0
0
0
0
0
0
0
0
0
0
0
0
0
0
0
0
0
0
0
0
0
0
0
0
0
0
0
0
0
0
0
0
0
0
0
0
0
0
0
0
0
0
0
0
0
0
0
0
0
0
0
0
0
0
0
0
0
0
0
0
0
0
0
0
0
0
0
0
0
0
0
0
0
0
0
0
0
0
0
0
0
0
0
0
0
0
0
0
0
0
0
0
0
0
0
0
0
0
0
0
0
0
0
0
0
0
0
0
0
0
0
0
0
0
0
0
0
0
0
0
0
0
0
0
0
0
0
0
0
0
0
0
0
0
0
0
0
0
0
0
0
0
0
0
0
0
0
0
0
0
0
0
0
0
0
0
0
0
0
0
0
0
0
0
0
0
0
0
0
0
0
0
0
0
0
0
0
0
0
0
0
0
0
0
0
0
0
0
0
0
0
0
0
0
0
0
0
0
0
0
0
0
0
0
0
0
0
0
0
0
0
0
0
0
0
0
0
0
0
0
0
0
0
0
0
0
0
0
0
0
0
0
0
0
0
0
0
0
0
0
0
0
0
0
0
0
0
0
0
0
0
0
0
0
0
0
0
0
0
0
0
0
0
0
0
0
0
0
0
0
0
0
0
0
0
0
0
0
0
0
0
0
0
0
0
0
0
0
0
0
0
0
0
0
0
0
0
0
0
0
0
0
0
0
0
0
0
0
0
0
0
0
0
0
0
0
0
0
0
0
0
0
0
0
0
0
0
0
0
0
0
0
0
0
0
0
0
0
0
0
0
0
0
0
0
0
0
0
0
0
0
0
0
0
0
0
0
0
0
0
0
0
0
0
0
0
0
0
0
0
0
0
0
0
0
0
0
0
0
0
0
0
0
0
0
0
0
0
0
0
0
0
0
0
0
0
0
0
0
0
0
0
0
0
0
0
0
0
0
0
0
0
0
0
0
0
0
0
0
0
0
0
0
0
0
0
0
0
0
0
0
0
0
0
0
0
0
0
0
0
0
0
0
0
0
0
0
0
0
0
0
0
0
0
0
0
0
0
0
0
0
0
0
0
0
0
0
0
0
0
0
0
0
0
0
0
0
0
0
0
0
0
0
0
0
0
0
0
0
0
0
0
0
0
0
0
0
0
0
0
0
0
0
0
0
0
0
0
0
0
0
0
0
0
0
0
0
0
0
0
0
0
0
0
0
0
0
0
0
0
0
0
0
0
0
0
0
0
0
0
0
0
0
0
0
0
0
0
0
0
0
0
0
0
0
0
0
0
0
0
0
0
0
0
0
0
0
0
0
0
0
0
0
0
0
0
0
0
0
0
0
0
0
0
0
0
0
0
0
0
0
0
0
0
0
0
0
0
0
0
0
0
0
0
0
0
0
0
0
0
0
0
0
0
0
0
0
0
0
0
0
0
0
0
0
0
0
0
0
0
0
0
0
0
0
0
0
0
0
0
0
0
0
0
0
0
0
0
0
0
0
0
0
0
0
0
0
0
0
0
0
0
0
0
0
0
0
0
1
0
0
0
1
0
0
0
0
0
0
0
0
0
0
0
0
0
0
0
0
0
0
0
0
0
0
0
0
0
1
0
0
0
0
0
0
0
1
0
0
0
0
1
0
0
0
0
0
0
0
1
0
0
0
0
1
0
0
0
0
0
0
0
0
0
0
0
0
0
0
0
0
0
0
0
0
0
0
0
0
0
0
0
0
0
0
0
0
0
0
0
0
0
0
0
0
0
0
0
1
0
3
1
1
3
4
5
9
9
