15
26
22
19
8
6
6
3
7
3
4
10
13
14
10
15
12
9
16
15
23
18
27
29
25
32
32
45
40
63
46
53
82
89
113
96
116
107
133
146
160
171
185
173
192
195
217
175
176
133
141
125
110
97
87
98
122
114
148
138
163
165
209
211
240
251
299
270
290
308
296
323
330
374
352
294
298
283
288
288
252
240
240
261
310
266
297
304
352
370
403
387
389
416
460
449
455
486
437
441
451
480
476
418
429
434
430
408
423
438
404
415
427
408
396
417
412
406
425
416
422
389
377
363
352
358
318
296
282
275
242
263
228
211
202
157
143
154
108
117
103
105
83
77
80
82
73
48
64
56
43
42
51
48
55
60
48
41
45
61
57
53
58
55
58
45
65
69
64
64
69
69
82
76
83
103
107
109
115
143
124
121
145
141
152
182
156
206
204
203
186
250
255
238
227
276
297
312
300
336
356
393
396
395
440
419
451
476
480
499
498
503
490
549
561
556
581
547
579
624
682
631
656
680
745
764
702
775
835
851
866
883
926
970
1036
1042
1082
1192
1249
1295
1388
1353
1426
1526
1508
1665
1582
1730
1861
1900
1984
2000
2071
2097
2244
2260
2348
2435
2483
2487
2636
2564
2572
2631
2743
2654
2747
2773
2746
2713
2622
2661
2621
2564
2396
2532
2583
2440
2306
2201
2218
2136
2038
1930
1918
1742
1745
1641
1536
1340
1322
1224
1248
1083
974
1027
934
814
743
682
598
602
508
470
485
412
328
330
324
281
236
216
215
169
158
153
120
104
108
82
100
79
66
63
53
62
56
45
54
40
36
28
35
32
29
28
30
25
34
29
37
25
18
27
24
29
35
22
19
29
18
21
30
27
34
33
20
29
13
18
31
22
31
31
16
26
20
16
17
26
23
15
21
24
23
23
24
20
27
24
33
29
29
25
31
19
33
16
26
21
15
19
22
22
21
14
23
22
21
25
26
24
25
26
24
17
21
19
25
28
23
21
37
22
27
22
21
21
26
26
24
20
25
17
26
20
26
15
23
20
18
21
26
25
22
24
27
16
29
18
21
22
23
19
25
30
26
29
25
26
29
14
18
26
20
30
26
32
28
24
22
27
29
22
24
14
33
26
21
23
13
22
26
20
18
17
23
24
23
23
21
32
17
21
20
20
21
21
22
18
13
20
25
22
16
21
20
23
25
25
16
15
24
18
17
20
19
22
17
17
15
11
19
18
18
12
17
23
28
23
20
26
24
22
23
27
20
23
21
17
19
26
18
13
22
18
17
22
20
23
10
24
13
22
22
17
14
22
18
18
25
22
17
15
14
20
20
15
10
18
21
20
29
20
24
17
22
18
20
21
13
16
19
21
20
23
26
11
20
22
14
15
20
19
21
20
18
21
13
11
19
24
31
15
21
16
12
15
18
14
18
18
15
17
17
19
13
22
24
17
14
13
12
15
17
11
20
14
17
15
8
14
15
16
10
10
15
10
17
22
14
14
8
20
18
21
14
14
9
16
21
20
16
18
12
11
15
16
12
16
14
15
14
20
20
5
12
21
15
13
15
15
13
21
17
21
14
24
15
16
20
14
15
16
18
23
13
18
17
14
13
13
14
13
12
13
12
16
12
9
17
17
14
16
17
10
17
9
14
12
15
18
16
16
11
16
23
16
9
11
20
9
10
14
21
15
13
8
11
12
16
17
18
9
7
13
18
17
11
20
9
7
13
9
14
15
18
14
7
15
15
7
18
5
13
14
12
8
9
15
13
13
7
13
11
11
11
10
15
10
14
7
10
7
16
15
12
11
9
9
13
11
14
10
14
19
19
11
12
16
20
7
12
11
9
7
13
9
11
17
9
14
10
11
17
15
17
11
6
6
9
15
5
10
12
19
9
12
13
4
11
10
7
9
12
12
17
9
13
10
13
5
11
8
17
9
11
7
7
10
20
12
6
8
9
13
14
13
15
20
11
12
10
20
12
12
13
6
12
21
15
11
12
14
12
10
20
9
5
11
5
9
15
12
15
17
8
20
13
15
12
6
13
12
11
13
14
16
14
8
9
3
19
7
11
14
7
10
11
9
9
6
11
9
9
8
10
6
8
7
7
11
14
10
10
12
13
9
12
10
8
15
5
9
11
8
9
11
13
7
4
7
11
12
14
7
8
7
14
4
4
6
3
12
12
13
4
11
8
17
12
9
7
8
17
8
8
7
8
5
12
4
11
15
14
9
12
7
13
14
13
12
14
10
9
11
12
8
9
3
14
12
12
6
8
9
10
8
13
9
14
6
10
9
6
8
10
9
3
8
11
9
12
13
2
10
10
8
7
8
15
9
12
7
13
9
10
12
13
9
10
9
9
6
7
7
13
8
13
13
5
8
8
8
13
12
8
12
6
11
13
5
6
8
7
8
10
7
12
10
8
5
10
8
12
12
7
3
10
10
9
7
6
6
5
2
9
12
8
11
11
6
10
9
8
8
13
12
17
12
9
9
16
13
8
9
9
10
10
16
6
9
3
2
9
8
7
6
6
5
7
6
14
15
4
5
4
7
8
9
8
4
11
8
1
6
9
12
6
6
13
10
8
5
14
11
9
5
5
4
7
9
8
2
11
10
7
7
5
5
11
3
8
6
6
1
11
13
13
13
9
4
5
5
8
10
9
5
5
7
7
10
4
8
6
8
9
6
7
6
7
9
7
5
7
7
3
6
3
9
6
5
7
4
4
6
4
3
7
6
3
10
3
7
9
7
6
4
4
5
4
6
4
11
8
8
5
5
9
6
4
5
4
7
4
0
9
8
2
7
5
7
6
7
9
5
5
5
6
4
5
6
5
5
1
4
6
6
4
7
3
3
6
4
5
5
11
8
7
8
3
3
7
2
6
9
4
4
4
3
4
3
3
4
2
6
6
6
4
7
6
5
2
6
5
7
6
6
2
9
8
5
4
4
4
10
6
4
4
7
8
3
5
5
3
6
3
3
4
4
5
5
5
7
5
8
3
6
4
2
8
6
5
3
7
7
8
6
5
4
4
5
3
5
1
4
3
5
6
7
5
3
6
9
5
5
7
6
1
6
5
9
4
3
2
5
5
4
1
10
6
5
4
3
4
4
7
7
1
6
6
7
6
5
8
6
7
7
7
3
6
4
6
2
7
1
10
5
5
3
7
8
8
5
1
3
6
6
3
3
2
6
5
6
10
3
3
3
7
5
8
4
7
5
5
2
4
1
3
6
4
2
6
1
7
6
6
5
3
4
9
6
8
4
3
5
4
3
7
3
3
1
9
5
7
3
5
2
7
1
8
4
3
5
3
5
5
3
2
1
3
11
3
4
3
5
3
4
3
2
5
4
6
2
4
3
5
4
1
8
2
8
4
7
4
7
4
6
6
6
7
1
3
1
2
3
5
4
5
4
4
5
6
0
2
6
2
1
5
5
0
8
9
2
6
3
3
2
3
1
4
3
8
5
3
3
1
1
3
5
6
4
3
2
4
7
5
6
4
9
5
4
3
3
8
3
3
1
2
5
1
4
4
3
4
2
4
3
1
3
1
4
5
7
3
2
5
4
4
4
3
4
4
5
3
3
3
4
5
1
8
3
8
7
2
1
2
2
4
7
4
5
4
5
5
1
4
3
7
5
5
1
3
4
7
6
3
4
4
3
1
5
7
1
5
2
3
6
1
5
3
2
3
3
3
1
4
6
3
4
4
6
2
7
1
4
5
5
4
1
5
3
5
2
4
5
4
2
4
1
4
1
3
4
2
4
3
0
4
3
0
4
2
2
4
5
5
0
2
3
4
6
1
5
2
4
1
2
2
2
3
6
4
4
2
2
3
2
4
2
2
1
1
4
3
3
4
1
1
3
4
2
5
1
2
3
1
4
4
3
3
3
6
1
5
6
2
5
3
4
2
4
3
1
3
4
1
2
1
4
6
0
1
0
0
3
4
2
2
3
1
1
1
5
5
2
1
1
2
0
4
2
1
2
3
1
5
2
2
3
5
2
2
3
3
3
3
1
2
3
3
5
5
5
1
3
2
1
1
5
3
3
2
3
4
1
3
0
1
2
4
1
4
1
2
2
2
3
3
2
2
2
2
0
1
1
2
3
4
2
5
3
6
2
4
3
1
2
5
3
2
3
2
2
2
2
5
2
2
3
2
3
4
1
2
3
3
1
4
0
2
0
1
4
1
2
2
2
4
3
3
0
3
3
1
0
2
1
1
3
3
2
2
2
0
1
1
1
3
2
4
2
7
3
4
1
6
2
4
2
1
0
1
2
2
2
2
1
3
1
3
4
1
4
1
1
2
2
1
1
5
2
7
1
1
3
1
1
2
3
3
1
1
2
2
1
1
3
1
3
5
2
2
1
6
3
2
0
5
5
1
3
3
1
2
2
5
2
2
4
2
3
3
1
2
4
6
4
1
2
5
2
2
1
1
1
0
2
0
7
1
2
1
2
2
3
3
1
4
1
3
4
3
0
0
0
0
2
0
3
5
0
1
3
4
2
3
3
0
1
2
2
2
0
1
2
2
1
0
2
3
2
3
1
1
4
0
4
0
1
1
2
1
3
4
0
3
4
3
2
1
1
1
0
3
1
1
3
2
0
2
1
1
0
1
2
2
3
3
0
2
1
2
6
2
1
1
5
1
1
3
3
3
3
2
2
0
2
2
1
2
2
4
1
1
0
1
3
4
1
3
2
0
3
2
2
4
1
3
1
4
1
3
3
2
1
2
2
1
2
1
0
1
4
1
2
0
2
1
3
0
3
0
3
4
2
3
1
1
0
4
1
3
3
2
2
2
1
2
2
0
4
2
4
2
0
4
1
1
1
0
1
6
1
1
1
1
3
1
2
1
1
2
1
1
1
2
1
3
3
6
2
1
1
0
2
3
2
3
2
3
2
0
1
2
2
1
1
2
1
2
2
2
4
0
1
3
0
2
4
3
2
1
2
2
3
2
4
5
5
2
5
2
4
1
2
1
3
2
2
5
2
3
2
1
4
5
1
2
3
1
0
3
3
3
4
1
2
0
4
2
2
2
1
0
1
2
1
2
1
1
5
3
1
1
0
3
2
1
2
2
2
1
2
3
2
2
2
1
1
2
2
4
1
0
3
0
5
4
0
5
5
2
4
3
0
0
5
0
0
3
4
1
2
2
2
5
4
0
1
1
2
6
2
3
0
0
3
0
2
2
1
1
1
0
3
0
2
1
3
6
1
3
1
1
3
3
3
2
1
0
2
2
2
1
2
1
2
4
1
2
2
1
3
0
3
1
2
1
1
3
2
0
3
3
1
0
2
1
1
2
0
2
2
4
1
3
2
1
4
4
2
2
3
1
1
1
0
1
1
0
3
1
1
2
1
1
3
2
0
2
0
0
1
1
3
4
0
1
2
2
2
4
1
3
4
1
4
3
1
1
4
2
1
0
3
0
0
1
2
0
2
6
0
2
2
0
2
1
0
6
0
1
1
1
4
0
5
1
2
1
2
2
3
0
1
4
6
1
1
3
1
2
2
2
0
1
3
4
3
4
1
0
3
0
4
1
3
1
3
0
1
4
0
1
4
2
1
2
0
1
3
1
2
2
2
2
0
1
1
5
1
0
1
1
1
1
0
1
0
3
2
1
1
0
0
0
0
4
3
2
2
1
1
2
0
2
3
1
2
0
0
3
3
1
1
1
4
1
2
0
2
3
2
0
0
3
4
1
4
2
0
2
0
0
3
0
1
4
1
2
1
1
1
5
1
3
1
1
2
0
0
2
1
1
3
0
3
0
3
2
4
1
3
2
0
0
0
4
0
3
1
4
2
4
2
3
0
1
3
2
0
3
3
1
1
4
0
4
0
1
1
4
2
5
1
1
3
0
2
0
1
6
3
0
2
2
1
1
3
4
2
3
2
1
2
3
1
1
1
3
2
4
1
4
2
3
1
1
3
0
1
0
0
3
2
0
1
0
1
3
2
1
1
1
5
3
1
1
4
1
2
1
1
1
2
0
3
2
0
1
1
2
3
2
1
2
3
2
1
2
1
5
1
5
1
1
3
3
1
2
1
2
1
1
3
3
0
1
3
2
1
3
1
0
1
2
3
4
2
2
0
3
1
3
3
0
2
1
1
3
2
2
1
2
4
3
2
3
0
3
0
2
3
1
4
1
1
3
3
1
2
0
0
4
2
1
3
4
2
1
4
2
1
2
0
2
1
1
1
1
1
2
0
1
1
0
0
2
3
1
0
1
1
2
0
0
2
0
2
2
0
2
2
5
2
2
1
1
3
1
0
3
0
2
0
2
0
1
1
1
1
3
1
3
2
1
1
3
1
1
1
2
2
0
1
2
0
0
0
1
1
0
1
4
1
1
3
2
0
2
5
0
3
0
1
2
2
1
2
3
4
4
0
3
2
0
1
2
2
4
1
2
1
2
3
1
0
0
1
0
2
3
1
1
2
2
0
3
0
1
2
2
0
0
1
1
3
3
1
3
1
3
1
2
3
2
2
0
1
2
1
1
0
2
4
2
1
2
3
8
2
1
2
0
6
0
1
2
3
1
0
2
2
2
1
0
1
1
0
1
0
0
2
1
0
3
0
3
1
1
1
0
0
2
2
4
2
1
6
1
1
0
1
1
4
3
3
1
2
0
2
4
0
0
4
1
1
2
0
0
2
2
2
1
0
1
1
2
3
1
2
1
2
3
1
0
2
1
0
3
1
2
1
3
1
1
1
4
2
1
0
2
2
2
2
3
1
0
0
0
1
0
1
2
0
1
1
2
2
3
1
5
2
2
0
1
2
0
2
3
2
2
0
4
0
0
3
3
2
0
1
1
4
1
0
1
1
2
0
0
0
1
1
0
0
3
2
1
2
4
2
1
3
0
5
2
2
1
3
1
0
2
0
1
1
2
1
1
2
3
4
3
5
1
2
1
0
0
1
0
2
4
3
0
2
1
2
0
3
0
1
2
1
1
1
3
0
4
1
0
0
1
2
1
1
0
2
2
3
0
0
2
1
3
2
1
1
0
1
2
1
1
1
0
4
1
3
1
2
2
0
0
1
1
2
0
1
1
1
1
2
3
1
0
2
1
2
0
1
1
2
2
1
2
0
1
0
2
1
1
0
0
1
0
1
0
1
0
2
3
1
1
1
1
0
0
1
2
0
3
0
3
0
3
3
3
1
0
2
1
1
1
2
1
1
0
0
0
2
2
0
1
0
0
2
0
3
1
1
3
1
1
2
2
1
1
0
2
0
3
0
1
2
0
0
0
0
1
4
3
1
1
4
5
0
2
1
2
1
1
1
0
1
0
3
0
0
1
2
2
2
2
0
2
1
0
3
0
2
0
1
0
1
1
0
2
1
1
0
2
0
1
1
3
2
0
0
3
2
1
1
0
3
2
0
1
0
1
0
0
0
2
0
3
1
1
1
2
0
0
1
0
2
0
1
0
1
3
1
3
1
1
1
0
1
2
3
3
0
1
1
0
1
0
1
1
2
0
1
0
1
2
1
2
0
2
4
0
2
3
1
0
1
1
1
1
1
0
0
0
1
4
0
1
1
0
1
1
2
2
2
1
0
1
1
0
1
0
0
0
1
1
2
0
2
2
1
2
1
3
2
2
1
1
1
0
0
2
0
0
0
0
0
0
1
1
1
1
0
1
1
0
0
0
0
1
0
0
1
1
0
1
1
0
2
0
2
1
0
1
1
0
0
1
1
0
1
0
0
2
0
1
1
0
0
0
1
3
1
0
0
0
0
2
0
0
0
1
1
1
1
0
2
0
1
0
0
1
1
3
0
1
2
1
2
0
0
0
1
0
0
2
0
0
0
3
1
3
1
0
4
0
0
0
1
0
0
2
1
1
0
0
0
1
0
0
1
1
0
0
0
0
1
1
0
2
1
0
0
0
0
2
2
1
0
1
0
1
3
2
2
0
0
1
3
0
0
1
0
0
1
2
0
1
2
3
2
2
0
2
1
1
0
3
1
0
0
0
0
1
1
1
0
0
0
0
1
0
0
0
0
0
3
0
0
1
0
2
0
1
1
0
3
0
1
1
0
1
2
1
1
0
1
1
1
0
0
1
0
1
1
1
1
0
4
3
2
1
1
1
0
0
0
0
0
1
1
0
3
0
2
0
2
0
0
1
0
0
0
0
1
1
0
1
0
2
1
1
1
1
0
0
0
1
0
1
1
1
1
0
1
1
0
2
2
0
2
1
2
0
1
0
1
2
0
1
2
1
1
0
2
1
0
0
1
0
1
0
1
0
2
1
0
0
2
1
2
1
0
0
1
1
1
1
5
1
1
0
1
0
0
1
2
0
1
2
1
0
0
2
0
0
0
3
0
0
1
0
0
0
1
1
1
2
0
1
2
0
0
2
4
0
3
0
1
0
2
1
0
0
0
1
1
0
0
1
0
1
0
1
0
0
2
1
0
2
0
0
1
1
1
1
1
1
2
1
0
2
1
0
2
1
2
1
1
2
1
1
0
0
0
1
0
0
1
0
0
1
0
2
0
0
4
0
1
1
1
1
0
2
1
0
2
0
1
1
0
0
1
1
0
1
2
1
0
3
0
1
1
0
3
2
3
1
0
0
2
0
0
0
0
0
1
1
1
3
3
0
3
0
0
1
0
1
2
1
3
0
1
3
3
0
2
1
1
1
1
2
0
1
0
0
0
1
0
1
2
1
0
2
2
2
0
0
2
1
0
0
1
1
0
2
1
0
1
1
0
0
2
0
0
0
2
2
2
1
0
0
1
0
1
2
0
1
0
2
1
1
2
2
0
1
0
0
0
0
0
0
1
1
0
2
2
1
2
0
1
2
1
0
0
2
2
1
1
1
1
2
1
2
0
1
2
0
2
0
0
2
1
1
0
2
4
3
2
0
1
0
1
3
0
0
1
0
0
2
1
1
0
1
2
1
0
0
2
1
0
3
3
0
0
2
1
0
1
1
0
1
0
1
3
3
1
1
1
2
1
1
0
1
1
0
0
0
1
1
4
0
0
1
0
1
1
1
0
0
1
1
2
1
4
2
0
0
0
3
0
3
0
0
0
2
1
0
1
1
1
1
1
0
0
1
0
1
1
2
1
1
2
0
3
0
1
0
1
0
1
0
0
1
2
2
0
0
1
1
0
0
0
2
1
1
2
1
1
1
1
0
0
1
1
2
2
0
2
1
2
2
1
1
1
1
1
0
1
0
1
1
1
3
0
1
1
2
1
1
2
1
0
0
1
0
1
1
1
3
2
1
1
2
1
0
1
0
0
1
1
4
2
0
1
0
1
0
1
0
0
1
0
0
1
1
1
1
2
1
0
2
0
0
0
0
1
1
1
1
1
3
3
1
0
0
3
0
1
0
1
0
0
0
3
0
1
2
1
2
0
0
1
0
2
2
0
1
0
0
0
0
0
1
1
3
1
1
2
2
0
0
0
0
0
0
0
0
2
1
2
0
2
1
1
0
2
0
3
2
2
0
3
2
1
1
0
0
0
1
1
1
1
1
1
2
1
0
0
0
0
0
0
0
1
0
0
0
0
1
1
1
1
0
2
2
0
1
2
0
0
0
0
1
2
1
0
2
2
1
1
2
0
0
1
4
1
0
0
3
0
0
3
2
0
2
3
1
1
1
2
3
1
2
0
0
0
0
2
0
0
0
2
1
2
2
1
1
0
1
1
3
0
0
3
2
0
1
0
0
1
0
0
0
1
2
2
0
1
0
1
0
2
2
2
1
1
0
0
1
0
0
1
1
0
0
0
2
1
1
1
1
1
0
1
2
1
0
0
0
0
0
0
1
0
0
1
0
0
2
1
0
0
2
1
1
0
0
1
1
0
0
1
1
1
0
2
1
1
0
0
0
0
0
0
1
1
0
2
0
0
4
1
2
0
1
1
0
1
0
0
1
0
0
2
1
2
1
1
1
1
1
0
1
1
1
0
0
0
1
2
0
0
0
0
2
0
1
1
0
0
0
0
0
0
1
1
1
0
2
0
0
1
0
1
1
1
0
0
0
0
0
0
2
0
1
0
0
0
0
0
0
1
0
0
0
0
0
2
1
1
0
1
0
1
1
1
0
1
1
0
0
0
0
0
0
0
1
2
0
1
0
0
2
0
0
0
0
2
0
0
1
0
1
0
0
2
0
2
0
2
0
0
0
0
2
1
2
0
0
1
1
0
0
2
3
0
0
0
0
2
1
0
2
1
0
1
0
2
1
0
1
0
0
2
1
0
1
1
1
0
1
0
0
0
0
1
0
2
1
0
1
0
1
0
0
0
0
0
1
1
0
0
2
1
0
0
0
0
1
0
0
1
0
0
1
2
0
2
0
0
1
1
1
0
0
1
0
1
0
0
2
0
3
0
1
0
1
0
0
1
1
0
0
0
1
2
0
1
1
0
1
0
1
1
1
0
2
0
0
1
0
1
2
1
2
0
1
0
0
1
0
1
1
0
2
0
0
0
2
0
3
1
0
1
0
1
1
0
0
0
0
0
0
0
0
1
1
0
0
1
2
1
0
0
0
0
1
1
1
0
2
1
2
1
1
0
2
2
0
1
0
0
1
0
0
0
0
1
0
0
0
0
0
0
0
0
0
0
0
2
0
0
1
0
0
0
1
2
1
0
0
1
0
1
1
0
0
1
0
0
0
1
0
1
0
0
0
1
3
0
0
0
0
1
0
1
0
0
0
1
2
0
2
0
2
1
0
1
1
2
0
2
0
1
1
2
0
0
0
0
1
0
0
1
1
0
0
1
1
2
0
0
0
0
0
0
0
0
0
0
2
1
0
3
1
3
2
0
2
1
0
0
0
1
0
1
0
1
2
0
0
2
0
1
0
0
1
0
1
0
4
0
1
0
0
1
1
0
0
0
1
1
0
2
0
0
0
0
1
0
0
3
3
0
1
0
0
0
0
0
3
0
1
1
1
1
0
2
0
1
1
1
0
1
0
1
0
1
0
1
0
2
0
0
1
0
0
1
0
2
0
0
1
1
1
0
0
2
0
0
0
1
0
0
0
0
0
1
1
1
1
2
0
1
0
0
1
0
0
1
0
0
1
0
2
1
0
1
0
1
0
1
0
0
0
1
1
2
0
2
1
2
0
0
0
0
0
3
1
1
1
0
1
2
1
0
0
0
0
3
3
1
0
0
0
0
0
0
0
0
0
0
1
2
2
0
1
3
1
0
1
0
2
0
2
0
0
1
1
0
0
0
0
1
2
1
1
0
0
0
0
0
1
1
0
0
0
1
1
0
1
1
0
0
2
0
1
0
0
0
0
0
0
2
0
0
0
1
1
0
3
1
1
0
0
0
0
2
2
1
2
0
1
1
2
0
1
0
0
2
0
0
0
0
1
0
0
1
0
0
0
0
0
0
0
2
1
1
1
2
0
1
3
0
1
0
0
0
0
0
0
2
0
0
1
0
0
0
0
1
1
2
1
1
1
3
1
2
1
1
0
2
2
0
2
0
0
2
1
3
1
1
0
3
1
2
2
0
0
2
0
1
0
1
0
0
0
0
0
0
0
1
0
1
0
2
1
0
2
0
2
0
0
1
0
2
1
1
2
2
0
0
0
0
0
1
1
0
1
0
1
0
1
0
0
1
0
2
0
0
3
1
0
1
2
1
1
0
0
1
1
2
0
1
0
0
0
1
1
0
1
1
1
1
0
1
0
1
0
1
1
0
0
0
1
1
1
0
1
1
1
0
0
0
0
0
0
1
1
1
1
0
1
0
2
0
1
1
0
0
1
1
1
0
1
1
0
0
1
1
0
1
0
1
0
0
0
0
1
0
4
0
0
2
0
1
1
0
1
0
1
0
0
0
0
1
0
0
0
0
0
0
0
0
0
1
1
1
1
0
0
1
0
0
1
0
0
0
0
0
0
1
0
0
0
1
0
2
1
0
1
2
2
2
1
2
0
1
1
0
1
0
2
0
0
0
2
1
0
1
0
0
0
0
0
1
0
2
0
0
0
0
1
0
1
0
2
0
0
1
1
0
0
1
1
1
0
0
1
0
0
0
0
1
0
0
0
1
0
1
0
0
0
0
0
0
0
1
2
1
2
0
1
2
1
2
0
2
0
0
1
0
0
1
0
0
1
0
1
0
1
0
0
0
1
0
0
1
1
0
0
0
1
1
1
0
0
0
1
0
0
0
1
0
0
0
3
0
1
2
0
0
1
0
0
0
0
0
1
0
0
0
0
0
0
0
1
0
0
0
0
0
0
1
2
0
1
0
1
0
1
0
0
1
0
1
1
0
0
0
1
0
0
0
0
2
0
1
1
0
0
0
0
0
0
1
1
0
1
1
0
0
0
2
0
1
0
0
0
0
1
1
0
0
0
1
0
2
0
0
3
0
0
0
0
0
2
1
0
0
0
1
1
0
0
2
0
0
0
1
0
0
0
0
0
1
2
1
0
0
0
0
0
1
0
0
0
0
1
1
2
0
0
0
1
1
0
0
0
0
0
1
1
1
1
0
0
0
0
0
0
0
0
0
0
0
0
0
0
2
1
0
0
0
0
0
0
0
0
2
1
1
0
0
0
0
0
0
0
0
0
0
0
0
1
0
0
1
0
0
1
0
0
0
2
0
0
0
1
0
0
2
0
1
0
1
0
0
0
1
1
0
0
0
0
1
1
0
0
0
0
0
0
1
0
3
1
0
1
0
0
0
0
0
1
0
0
0
1
0
1
1
0
0
0
0
2
0
1
0
0
0
0
0
1
1
0
1
0
0
0
1
0
0
0
1
0
1
1
0
0
1
0
2
0
0
0
1
0
0
0
2
0
0
0
0
0
1
0
0
1
1
0
0
0
0
0
0
2
0
0
0
0
0
0
0
1
0
0
0
0
1
1
0
0
0
1
0
0
0
1
0
2
0
2
1
0
0
1
0
0
0
0
1
0
0
1
1
0
0
1
0
0
0
2
0
1
2
1
1
1
1
1
0
0
1
0
0
0
0
0
1
0
0
0
0
0
0
0
0
1
0
0
0
0
0
0
1
1
0
0
0
0
0
0
0
0
0
0
0
1
0
0
0
2
0
0
0
1
0
2
3
2
0
0
0
0
1
1
0
0
1
0
1
0
1
2
0
0
0
0
0
1
0
1
0
0
0
0
0
2
1
0
0
1
0
0
1
1
1
0
0
0
0
0
0
0
1
1
0
0
1
0
0
0
0
1
0
1
0
2
0
0
0
0
1
0
1
1
0
0
0
0
1
1
1
0
0
0
1
1
0
0
0
2
0
1
2
1
0
1
1
0
1
1
0
0
0
0
1
0
0
1
0
1
0
1
0
0
0
0
1
1
1
0
0
0
0
0
0
1
0
0
1
1
1
1
0
0
0
0
0
0
0
1
0
0
0
0
0
2
2
0
0
3
0
1
0
0
0
0
0
0
0
1
1
1
1
0
0
0
0
1
0
1
0
1
0
0
0
0
2
0
1
0
0
0
0
1
0
0
0
0
0
2
0
0
0
0
1
2
2
0
0
1
0
0
0
0
2
0
0
0
0
1
0
0
0
1
0
0
0
0
1
0
1
0
0
0
0
0
0
0
1
0
0
1
1
0
0
0
1
1
2
0
1
0
2
0
0
0
0
0
0
0
0
0
0
2
0
0
1
1
1
1
0
0
0
1
0
0
1
0
1
0
0
0
0
0
0
1
0
0
1
0
0
0
0
0
2
1
0
0
0
0
0
0
0
1
1
1
1
1
0
0
0
0
1
1
0
1
0
0
0
0
1
1
0
0
0
0
0
0
0
1
0
0
0
0
0
0
1
0
0
1
1
0
0
0
0
0
0
1
1
0
0
0
1
1
0
0
0
1
0
1
0
0
0
0
0
0
0
0
0
0
1
0
0
0
0
0
0
0
0
0
1
0
0
1
0
0
0
0
2
0
1
1
0
0
1
0
0
2
0
1
0
1
1
1
2
0
0
0
0
0
0
0
0
1
0
0
0
0
1
0
0
0
0
0
0
0
0
0
1
0
1
0
0
0
0
0
2
0
0
1
0
0
0
0
1
1
0
1
1
0
0
2
2
0
0
0
0
1
1
0
0
0
0
1
0
0
0
1
0
0
0
0
1
2
0
1
2
0
0
1
0
0
1
0
0
0
0
0
0
0
1
1
0
1
1
1
1
0
1
1
0
0
0
0
0
0
0
0
1
0
0
0
2
0
2
0
0
0
0
0
2
1
1
1
0
1
0
0
1
0
1
1
0
0
0
0
1
1
0
0
0
0
1
0
0
0
0
0
0
0
1
0
1
0
2
1
1
0
1
1
1
0
0
0
1
0
0
0
1
0
0
0
0
0
0
1
3
0
0
0
0
0
0
2
1
0
0
0
0
1
0
0
0
0
0
0
1
0
1
0
1
1
1
0
1
0
0
1
0
0
1
0
2
1
1
0
0
0
0
0
0
1
0
0
1
0
1
1
0
0
1
0
1
0
1
0
1
0
0
1
0
0
2
1
0
0
0
0
0
0
0
1
3
0
0
0
0
1
0
0
1
2
1
1
1
0
0
0
1
0
1
1
0
0
0
2
0
0
2
0
2
0
0
0
0
0
1
1
1
0
4
0
0
0
1
0
2
0
0
1
0
0
0
2
1
1
0
0
0
0
1
0
0
0
0
0
1
0
0
0
0
0
1
0
1
1
0
0
1
0
0
0
0
0
2
0
0
1
1
1
0
0
1
0
1
1
0
0
0
0
0
0
2
0
1
0
2
1
1
1
1
0
1
2
0
1
0
1
0
0
0
0
0
0
0
0
0
1
0
0
0
1
0
2
1
1
0
0
0
0
0
1
1
0
0
0
0
1
0
0
1
1
1
0
0
0
2
0
0
0
0
0
1
0
1
0
3
0
1
0
0
0
0
0
0
0
0
1
0
1
1
0
0
0
0
0
0
0
0
1
0
0
0
1
0
0
0
1
1
0
0
2
0
0
1
1
0
0
0
1
1
1
0
0
1
1
0
0
0
0
0
1
0
0
0
0
1
0
1
1
0
0
0
0
0
0
1
0
0
0
0
1
0
1
0
0
0
0
0
0
0
0
1
0
0
0
0
0
0
0
0
1
0
0
0
0
0
0
0
1
1
0
0
0
0
0
0
0
0
0
0
1
0
0
0
1
0
0
0
0
0
0
0
0
1
0
0
0
0
0
0
0
1
0
0
0
0
0
1
0
0
0
0
0
0
0
0
0
0
0
0
0
0
0
0
0
0
0
0
1
0
0
0
0
0
0
0
0
0
1
0
0
0
0
0
0
0
0
0
0
0
0
0
0
0
0
0
0
0
0
0
0
0
0
0
0
0
0
1
0
0
0
0
0
0
0
0
0
1
0
0
0
0
0
0
0
0
0
0
0
0
1
0
0
1
0
0
1
0
0
0
0
0
0
0
0
0
0
0
0
1
0
0
0
1
0
0
0
0
0
1
0
0
0
0
0
0
0
0
0
0
0
0
1
0
0
0
0
0
0
0
0
0
0
1
0
0
0
2
0
0
0
0
0
0
0
0
0
0
0
0
0
0
0
0
1
1
0
0
0
0
0
1
0
0
0
0
0
0
0
0
0
0
0
0
0
0
0
0
0
0
0
0
0
0
0
0
0
0
0
0
0
0
0
0
0
0
0
0
0
1
0
0
0
0
0
0
1
0
0
0
0
0
0
1
0
0
0
0
0
0
0
0
0
0
0
0
0
0
0
0
0
0
0
0
0
0
0
0
0
0
0
1
0
0
0
0
0
0
0
0
0
0
0
0
0
0
0
0
0
0
0
0
0
0
0
0
0
1
0
0
0
0
0
0
0
0
0
0
0
0
0
0
0
0
0
0
0
1
0
0
0
0
0
0
0
0
0
0
0
0
0
0
0
0
0
0
0
0
0
0
0
0
0
0
0
0
1
1
0
1
0
0
0
0
0
0
1
1
0
0
0
0
1
0
0
1
0
0
0
0
0
0
0
1
0
0
0
0
0
0
0
0
0
0
0
0
0
0
0
0
0
0
0
0
0
0
0
0
0
0
1
0
0
0
0
0
0
0
0
0
0
0
0
0
1
0
0
0
0
0
0
0
0
0
0
0
1
0
0
1
0
0
0
0
0
0
0
0
0
0
0
1
1
0
0
0
0
0
0
0
1
0
0
0
0
0
0
0
0
0
0
1
0
0
0
0
0
0
1
0
0
0
0
0
0
0
0
0
0
0
0
0
0
0
0
0
0
0
0
0
0
0
0
0
0
0
0
0
0
0
0
0
0
0
0
0
0
0
0
0
0
0
0
0
0
0
0
0
0
0
0
0
0
0
0
0
0
0
0
0
0
0
0
1
0
0
0
0
0
0
0
0
0
0
0
0
0
0
0
0
0
0
0
0
0
0
0
0
0
0
0
0
0
0
0
0
0
0
0
0
0
0
0
0
0
1
0
0
0
0
0
0
0
0
0
1
0
0
0
1
0
0
0
0
0
0
1
0
0
0
0
0
0
0
0
0
0
0
0
0
0
0
0
0
0
0
0
0
0
0
0
0
0
0
0
0
0
0
0
0
0
0
0
0
0
0
0
0
0
0
0
0
0
0
0
0
1
0
0
0
0
0
0
0
0
0
0
0
0
1
0
0
0
0
0
0
0
0
0
0
0
0
0
0
0
0
0
0
0
0
0
0
0
0
0
0
0
0
0
0
1
0
0
0
0
0
0
0
0
0
0
0
0
0
0
0
0
1
0
0
0
0
0
0
0
0
0
0
0
0
0
0
0
0
0
0
0
0
0
0
0
0
0
0
0
1
0
1
0
0
0
0
0
0
0
0
0
0
0
0
0
0
0
0
0
0
0
0
0
0
0
0
0
0
0
0
0
0
0
0
1
0
0
0
0
0
0
0
0
0
0
0
0
0
0
1
0
1
0
0
0
1
0
0
1
0
0
0
0
0
0
0
0
0
0
0
0
0
0
0
0
0
0
0
0
0
0
0
0
1
0
0
0
0
0
0
0
1
0
0
0
0
0
0
0
0
0
0
0
0
0
0
0
0
0
0
0
0
0
0
0
0
0
0
0
0
0
0
0
0
0
0
0
0
0
0
0
0
0
0
0
0
0
0
0
1
0
0
1
0
0
0
1
0
0
0
0
0
0
0
0
0
0
0
0
0
0
0
0
0
0
0
0
0
0
0
1
0
0
1
0
0
0
0
0
0
0
0
0
0
0
0
0
0
0
0
0
0
0
0
0
0
0
1
0
0
0
0
0
0
0
0
0
0
1
0
0
0
0
0
0
1
0
1
0
0
0
1
0
0
0
0
0
0
0
0
0
0
0
0
0
0
0
0
0
0
0
0
0
1
0
0
0
0
0
0
0
0
0
0
0
0
0
0
0
0
0
0
0
0
0
0
0
0
0
0
0
0
0
0
1
0
0
0
0
0
0
0
0
0
0
0
0
0
0
0
0
1
0
1
0
0
0
0
0
0
0
0
0
0
0
0
0
0
0
0
0
0
0
0
0
0
0
0
0
0
0
0
0
0
0
0
0
0
0
0
0
0
0
0
1
0
0
0
0
0
0
0
0
0
0
0
0
0
0
0
0
0
0
0
0
0
0
0
0
1
0
0
0
1
0
0
0
0
0
1
0
0
0
0
0
0
0
0
0
0
0
0
0
1
0
0
0
0
0
0
0
0
0
0
0
0
0
0
0
0
0
0
0
0
0
0
0
0
0
0
0
0
0
0
0
0
0
0
0
0
0
0
0
0
0
0
0
0
0
0
0
0
0
0
0
0
0
0
0
0
0
0
1
0
0
0
0
0
0
0
0
0
1
0
1
1
0
0
0
0
0
0
0
0
0
0
0
0
0
0
1
0
0
1
0
0
0
0
0
0
0
0
0
0
0
0
0
0
0
0
0
0
0
0
0
0
0
0
0
0
0
0
0
0
0
0
0
0
0
0
0
0
0
0
0
1
0
0
0
0
0
0
0
0
0
0
0
0
2
0
0
0
0
0
0
0
0
0
1
0
0
0
0
0
0
0
0
1
0
0
0
0
0
0
0
0
0
0
0
0
0
0
0
0
0
0
0
0
0
0
0
0
0
0
0
0
0
0
0
0
0
0
0
0
1
0
0
0
1
0
1
0
0
0
0
0
0
0
0
0
0
0
0
0
0
0
0
0
0
0
0
0
0
0
0
0
0
0
0
0
1
0
0
0
0
0
0
0
0
0
0
0
0
0
0
0
0
0
0
0
0
0
0
0
0
0
0
0
0
0
0
0
0
0
1
1
3
4
0
0
1
2
2
1
3
0
2
3
0
1
1
4
2
3
4
0
3
2
2
1
2
2
4
0
2
1
1
2
0
0
2
2
2
1
2
3
1
2
1
0
2
4
1
3
2
1
2
2
0
3
2
0
4
2
3
2
0
0
3
1
0
2
1
0
2
0
3
0
1
2
3
2
4
0
2
4
2
2
1
1
1
1
2
2
2
2
1
2
2
3
3
4
4
4
3
0
1
0
0
3
5
2
3
2
4
3
2
3
2
2
4
1
2
3
4
2
5
5
10
12
14
35
