75
62
64
46
74
79
64
58
73
64
68
71
60
61
55
70
80
53
78
63
63
70
69
62
66
59
74
67
67
70
58
68
63
55
57
54
83
63
57
64
68
72
60
67
53
72
58
53
75
70
66
80
70
83
62
72
76
81
63
68
74
65
79
50
70
65
81
52
65
66
73
60
60
71
55
50
68
54
80
67
65
68
67
70
67
58
51
63
58
56
66
68
71
59
66
68
70
69
74
53
74
72
63
66
62
65
70
73
59
51
85
58
69
65
73
71
66
72
59
61
60
75
68
74
64
62
71
73
62
68
70
71
88
73
75
58
83
68
72
86
64
75
73
69
83
79
76
68
72
63
70
81
63
76
70
61
62
62
69
71
68
64
74
70
71
68
98
70
73
58
75
87
81
65
70
64
71
74
55
63
74
69
72
66
75
66
74
67
75
75
77
72
85
63
81
78
66
71
80
71
81
75
67
58
72
74
87
75
87
79
68
71
87
75
69
80
75
80
84
94
68
81
77
76
79
74
72
94
76
70
77
73
94
83
67
81
81
64
75
60
81
74
76
78
99
87
78
88
84
77
86
75
83
86
84
76
80
75
91
74
80
71
61
79
70
92
87
72
84
84
77
80
85
74
89
81
95
86
84
84
65
79
70
84
82
71
84
92
85
91
87
82
78
88
75
101
100
94
91
80
85
85
89
79
85
91
79
102
95
89
88
88
73
94
98
86
93
78
76
82
88
89
93
71
90
72
86
74
78
93
82
83
84
80
84
71
79
106
90
69
104
91
79
87
66
94
96
74
84
108
87
90
85
61
75
67
81
72
97
77
90
62
83
104
81
79
85
90
64
86
88
84
89
92
73
109
72
103
96
108
83
81
87
89
85
93
64
77
82
62
95
96
73
95
61
81
85
77
77
104
79
89
72
87
84
84
65
91
73
80
80
64
95
80
81
87
89
67
77
89
84
95
56
86
78
88
92
85
92
84
85
86
83
78
79
81
78
84
74
77
98
91
72
95
85
84
94
78
104
101
85
74
68
89
94
86
79
83
90
105
81
88
72
93
98
91
82
88
83
80
99
94
81
86
87
82
82
88
83
97
90
69
84
79
102
103
73
81
78
88
83
88
99
87
70
98
101
81
93
91
84
88
83
93
93
81
88
83
95
86
90
96
94
75
105
110
101
94
84
83
109
79
82
91
93
73
86
101
88
73
85
81
82
97
74
93
101
80
92
86
79
102
93
78
80
91
81
76
82
84
77
74
89
84
84
78
85
100
87
90
104
88
97
80
84
97
94
95
78
100
91
81
74
87
76
85
75
77
84
90
81
86
99
101
89
80
83
98
73
88
95
101
87
59
78
68
84
94
89
84
89
82
80
79
76
109
81
78
99
83
75
80
92
91
80
79
94
83
78
100
86
82
91
104
96
76
94
91
110
75
84
75
79
81
75
88
82
93
80
107
92
80
98
88
91
84
90
91
93
82
85
84
84
92
84
83
83
91
96
71
102
87
70
78
90
76
80
72
97
96
94
93
79
107
94
102
74
86
95
85
80
72
84
91
92
90
82
88
87
93
83
88
114
72
81
95
83
97
85
81
94
96
91
81
87
92
91
98
80
78
82
94
76
95
84
91
88
101
96
98
99
62
84
68
82
80
95
80
102
94
103
88
81
64
106
76
88
96
100
110
99
98
89
98
93
84
85
93
95
94
95
94
103
109
85
66
92
92
119
89
104
99
92
79
83
91
95
93
85
87
103
95
90
86
101
85
82
98
100
83
93
108
96
81
104
84
88
77
84
84
111
95
99
99
95
105
93
105
89
107
104
105
85
108
94
100
91
77
98
119
109
79
85
112
97
100
97
91
85
78
98
99
101
88
118
90
94
89
91
108
103
101
102
112
102
89
116
101
112
107
99
84
93
123
108
99
101
105
92
116
111
99
108
99
127
109
115
108
88
117
98
107
108
124
113
99
114
97
106
109
115
119
110
113
107
101
108
113
99
124
109
120
111
98
110
93
105
112
105
121
93
112
119
101
130
107
125
121
95
109
99
125
114
115
105
123
94
129
135
145
149
111
94
101
108
125
104
112
106
130
96
111
98
97
111
107
120
112
111
117
127
96
131
135
126
101
109
100
106
97
108
124
98
106
107
127
103
123
99
117
108
100
112
102
111
100
106
113
122
91
102
109
137
113
90
112
97
112
98
109
118
99
88
120
101
88
120
114
94
114
123
128
121
118
101
107
109
105
98
113
97
92
102
96
104
105
99
125
99
88
108
86
100
90
91
126
95
117
100
97
90
117
99
98
96
102
83
119
109
86
98
107
113
81
105
99
109
79
95
107
98
109
111
98
90
95
85
95
96
105
97
91
87
85
87
86
100
105
105
112
91
89
107
91
107
92
112
99
91
100
79
83
86
96
77
96
95
97
103
87
103
106
107
97
91
79
110
99
106
113
85
105
104
95
84
80
88
87
103
107
97
77
103
90
80
96
103
96
81
92
96
84
107
83
79
90
73
87
79
102
93
77
94
90
105
102
104
91
93
105
88
79
85
105
91
82
89
84
91
85
76
105
86
81
93
87
78
89
110
111
99
72
87
94
82
90
91
103
90
88
91
84
87
84
84
105
83
93
88
85
87
88
95
107
82
82
102
108
74
81
97
79
93
76
75
86
81
84
76
78
89
85
75
80
92
85
80
85
73
94
92
84
89
78
69
74
106
88
97
93
77
104
94
90
82
100
80
75
72
86
92
101
104
89
109
108
98
83
90
97
84
82
91
76
87
98
86
79
74
71
97
94
72
83
96
89
90
82
88
75
88
97
80
114
79
95
82
75
83
81
88
89
75
87
83
74
94
73
68
76
87
82
65
78
87
77
80
81
99
94
69
91
72
75
73
99
78
91
85
76
69
84
84
93
75
71
90
78
90
90
89
79
97
89
89
80
96
103
89
94
103
84
103
92
65
63
82
80
71
80
97
80
72
80
74
80
79
83
79
75
71
86
78
90
74
99
92
81
73
73
88
88
71
83
80
91
78
86
92
74
70
88
78
96
69
72
88
83
65
98
77
72
93
79
72
90
92
79
88
69
74
75
75
80
65
83
66
75
89
91
77
75
85
88
72
76
74
70
91
81
64
71
82
67
89
84
70
78
72
81
77
76
76
73
88
83
69
74
71
77
87
85
88
78
88
59
86
70
82
81
73
64
90
69
70
92
78
75
69
64
72
75
74
87
74
75
70
88
81
72
72
78
68
76
78
73
88
73
71
77
74
61
80
77
81
81
67
80
68
81
91
75
74
71
81
85
86
81
65
64
62
77
89
65
90
80
77
69
90
82
93
71
82
72
66
56
95
81
67
77
85
71
68
73
57
80
68
74
72
76
80
69
75
77
64
66
99
70
81
71
82
74
78
80
69
72
81
82
71
77
72
81
75
76
54
67
89
81
68
69
73
70
70
76
73
67
78
95
82
62
75
92
81
71
65
79
88
61
74
82
65
64
70
77
69
69
86
82
62
81
95
54
77
77
70
66
54
93
70
67
77
66
75
62
71
77
71
82
77
95
68
62
80
66
75
79
67
54
68
66
68
72
64
53
64
86
74
66
74
64
82
70
87
66
63
74
90
56
63
60
60
86
72
75
71
70
79
66
70
68
66
70
64
86
69
73
62
79
67
82
85
83
70
75
70
94
69
57
74
79
79
68
77
65
76
89
63
68
69
89
82
78
65
72
74
82
75
70
76
65
75
63
80
59
79
90
80
82
60
68
58
62
77
85
71
57
67
79
81
88
75
74
78
81
80
69
80
58
58
65
77
67
67
67
73
48
71
75
74
69
71
66
75
81
77
83
64
72
64
84
70
68
60
86
70
67
71
69
76
75
83
71
79
68
84
72
88
76
70
72
67
76
62
75
80
59
71
50
73
73
62
62
64
65
78
67
55
56
89
73
80
79
67
76
65
69
64
73
76
59
64
65
54
79
72
85
71
81
71
63
58
72
62
63
68
66
72
61
59
66
65
87
54
76
63
81
61
69
65
71
70
64
76
70
91
68
81
66
68
70
62
62
58
72
72
68
66
78
56
81
66
61
80
74
72
47
64
71
75
73
86
79
70
61
72
73
72
65
58
82
63
77
69
79
81
70
77
55
59
80
72
84
62
81
65
82
68
63
74
67
64
74
63
64
74
70
75
82
76
58
79
81
70
58
74
71
70
76
66
63
69
76
75
88
66
66
62
62
66
68
65
82
62
74
83
69
71
48
55
80
70
65
66
71
57
66
74
78
57
67
73
67
59
78
73
63
71
64
75
61
53
68
56
74
77
72
73
71
56
78
68
71
78
73
81
81
66
72
60
60
57
55
63
74
60
72
66
85
70
89
69
76
77
81
71
85
82
62
71
62
69
69
70
72
83
58
72
60
61
74
68
65
77
64
73
70
84
66
61
58
60
71
54
69
66
70
67
74
62
65
69
66
54
74
65
66
62
67
49
69
72
82
68
70
70
64
89
64
84
69
81
73
62
67
85
74
68
65
70
57
71
64
45
64
48
71
59
69
77
70
70
62
84
74
69
60
65
75
70
77
70
72
57
62
83
57
69
66
72
81
67
61
65
73
87
65
74
73
58
56
69
70
65
53
49
65
66
51
71
63
76
76
61
89
75
80
59
64
78
68
67
73
74
64
51
73
78
61
81
81
53
54
68
53
68
63
66
73
73
56
73
69
72
71
86
54
70
78
75
66
82
80
68
69
69
67
86
67
76
67
74
89
75
68
87
85
67
74
62
77
77
70
62
83
63
56
52
65
80
63
58
62
65
65
85
76
69
65
68
60
64
72
60
61
72
70
56
75
62
72
76
71
71
62
65
66
81
63
68
64
71
54
77
65
59
78
63
67
77
60
65
65
76
63
72
83
71
73
72
61
72
62
65
74
60
63
67
76
52
76
67
77
68
60
61
85
88
63
61
69
79
68
70
75
88
66
66
77
67
64
73
73
71
69
61
66
58
80
68
68
82
85
52
52
72
75
72
72
64
74
65
89
82
63
66
67
72
59
79
61
61
70
72
64
62
101
67
58
66
74
57
59
55
64
71
60
83
68
66
59
80
64
71
61
83
70
72
77
64
69
65
55
58
60
72
68
67
61
74
65
65
66
61
59
55
85
62
62
72
55
70
47
73
69
75
59
69
65
66
59
76
71
68
66
65
63
61
69
67
66
70
74
77
75
77
54
65
74
61
90
63
62
66
64
68
72
69
70
78
73
60
72
63
64
73
72
69
69
79
68
66
74
68
73
71
86
63
57
71
71
65
75
67
73
71
78
80
58
47
59
69
57
62
80
62
75
71
70
59
78
74
62
63
64
71
88
74
59
55
64
62
79
71
69
57
85
72
58
58
64
77
64
70
56
66
66
66
67
60
60
65
74
63
79
86
63
78
75
80
68
82
60
71
70
69
62
72
68
62
55
55
76
63
75
62
67
81
71
64
83
71
99
69
87
73
80
72
68
61
61
71
73
73
65
57
69
69
53
74
65
63
51
72
72
71
82
68
67
77
64
58
71
72
81
81
73
63
74
57
70
58
73
69
62
61
60
58
68
70
78
71
77
70
65
62
60
72
69
54
81
70
68
54
70
70
71
76
76
63
82
63
67
72
67
63
68
58
63
77
79
65
65
73
74
74
85
73
66
55
52
63
49
77
59
72
59
55
70
79
79
56
77
56
82
78
72
65
59
58
67
67
60
82
71
63
82
69
79
63
66
74
77
72
74
69
77
58
68
59
61
73
76
65
67
67
75
69
49
81
61
69
58
63
77
71
62
80
53
58
66
66
71
71
77
77
72
63
83
77
69
68
79
73
75
66
64
71
72
72
69
55
72
66
52
78
71
78
70
68
68
71
56
69
75
73
71
77
74
86
71
73
79
59
62
67
77
54
70
75
69
71
68
73
74
71
70
60
56
73
57
76
62
63
62
68
69
76
57
58
56
68
65
75
69
54
66
62
71
60
74
66
74
67
63
64
67
72
67
60
72
67
72
64
65
60
67
65
66
75
89
77
76
62
64
68
67
82
67
55
71
55
71
61
72
71
75
74
83
55
63
76
78
61
72
66
67
65
76
68
83
82
57
81
73
81
79
75
79
83
65
60
77
72
61
81
58
77
87
75
79
61
52
72
79
72
64
77
58
69
78
68
69
71
73
68
68
72
79
77
66
61
62
72
77
49
74
75
71
72
75
63
63
74
74
77
66
67
66
64
61
70
78
76
71
61
63
75
73
80
58
72
84
77
69
68
68
79
73
65
67
77
71
71
68
70
82
71
72
68
62
73
65
80
65
79
83
58
76
65
64
65
80
70
76
74
75
74
82
68
83
76
83
57
85
61
61
70
64
77
63
76
87
66
70
79
69
58
56
74
81
78
58
67
62
66
84
76
63
75
66
82
76
65
65
60
75
87
78
63
74
65
66
77
64
79
97
68
64
57
65
84
72
63
60
77
69
84
71
75
71
72
53
72
70
75
74
72
71
72
74
84
72
92
68
82
61
82
69
64
54
82
87
61
63
61
70
66
76
70
84
63
72
77
86
64
66
74
74
80
73
74
65
66
72
77
65
66
82
73
67
69
75
78
65
66
69
61
64
86
93
82
77
77
66
71
85
68
70
67
85
73
84
61
77
82
84
69
65
87
67
82
70
51
64
67
65
79
76
80
76
83
86
68
81
75
70
70
91
66
66
77
77
64
69
84
81
82
80
76
54
73
76
83
65
77
92
84
72
85
71
82
70
55
71
77
85
67
73
63
62
69
87
76
78
78
63
51
78
69
67
71
68
80
74
75
64
65
80
65
88
66
72
66
88
83
97
77
78
75
61
72
74
74
81
82
74
72
74
78
69
83
77
68
64
83
87
64
77
71
68
72
85
87
62
76
62
63
74
87
63
73
70
75
72
77
73
74
85
70
72
70
74
78
72
95
68
68
71
64
85
70
75
59
67
99
65
84
70
78
55
82
70
71
82
85
69
76
76
78
78
63
86
61
85
78
65
78
88
71
74
83
67
77
58
74
68
73
83
71
74
72
93
71
89
80
71
64
80
76
74
80
79
81
62
77
75
75
77
76
79
82
72
79
68
85
82
68
95
79
79
59
83
95
100
86
82
72
82
72
74
80
84
71
70
72
79
67
76
71
75
78
71
61
75
99
71
76
69
95
65
85
83
63
76
69
89
74
86
78
69
81
87
93
65
76
74
71
77
65
79
73
70
70
87
72
68
81
87
103
85
93
87
73
88
67
60
90
65
63
79
76
94
88
69
76
72
91
86
72
75
75
89
83
82
67
77
77
82
55
75
78
75
89
82
68
86
81
87
99
78
76
71
77
91
68
70
66
75
78
71
87
71
89
76
89
74
80
69
81
73
76
70
81
82
72
88
84
66
72
72
64
71
82
81
86
68
85
85
65
80
85
86
83
66
76
91
78
84
88
74
76
76
93
77
74
87
81
90
87
83
77
76
94
88
74
73
77
74
80
89
80
69
78
86
75
82
89
72
75
83
93
69
70
86
70
93
92
77
84
93
72
87
93
94
98
62
84
81
96
83
85
74
81
72
85
75
104
90
81
79
69
83
91
76
91
69
98
71
91
85
85
88
92
82
92
76
77
86
95
90
96
78
83
81
93
86
86
84
72
88
82
98
67
83
85
82
70
104
71
107
71
90
84
104
72
98
80
85
84
86
110
84
78
82
84
85
81
96
83
84
85
81
79
91
80
89
93
67
90
108
88
89
81
83
71
88
74
90
82
76
74
94
78
90
74
81
92
89
81
87
79
71
95
84
88
101
73
89
81
75
82
93
74
69
76
87
94
71
106
89
91
89
77
67
73
86
78
78
87
95
77
87
87
74
84
94
79
94
87
83
95
84
84
87
86
68
64
84
93
85
87
80
90
79
82
80
86
73
86
79
89
85
71
79
76
94
87
93
70
83
91
103
86
89
89
100
77
73
65
88
94
94
84
82
80
79
109
87
81
74
100
87
94
78
83
83
81
91
93
68
85
92
90
75
73
75
91
91
83
77
95
65
81
78
81
91
85
82
81
87
85
88
86
96
84
82
88
90
73
92
83
75
73
69
90
90
91
69
82
83
90
79
83
72
82
86
73
81
99
89
78
94
71
108
84
92
69
84
89
93
95
78
78
99
97
96
78
82
68
78
94
85
78
90
82
68
79
85
93
74
91
86
75
91
74
80
74
94
87
79
91
73
80
76
107
85
76
76
82
104
85
75
90
78
104
85
97
82
81
87
62
81
85
83
85
80
89
90
82
84
89
85
82
84
88
58
86
76
79
78
80
82
87
92
85
68
82
77
90
97
79
61
81
77
86
94
78
74
77
84
90
60
72
81
77
86
91
93
69
77
100
79
76
81
83
71
91
85
64
76
88
87
66
70
78
85
89
71
81
80
75
73
84
90
83
73
80
74
80
71
59
64
67
71
79
84
84
74
78
95
68
74
75
84
76
67
72
85
82
82
72
73
74
73
94
74
54
74
72
61
80
85
72
78
82
64
68
84
73
81
72
61
63
87
68
71
71
71
88
75
73
88
79
89
71
82
70
63
84
83
96
86
71
71
82
76
63
75
75
60
69
78
73
75
57
93
61
73
73
77
80
72
79
70
75
74
71
65
74
72
82
78
65
76
90
81
73
78
67
74
60
77
63
57
67
68
71
74
82
80
64
67
63
67
69
86
76
71
68
75
69
66
72
62
49
78
80
55
76
66
58
78
54
81
56
74
48
73
62
73
64
62
73
76
65
69
73
63
55
80
65
69
57
66
53
67
60
79
70
71
54
55
78
59
63
68
57
71
61
76
61
61
67
53
53
67
83
73
69
62
68
51
67
67
60
60
76
64
55
61
59
60
68
65
66
63
59
76
66
73
64
64
60
61
68
70
55
68
57
56
51
72
58
58
62
54
69
64
67
61
58
60
79
51
61
64
57
50
63
62
51
74
51
62
67
59
59
62
65
64
51
49
68
51
57
47
67
59
59
53
52
65
71
62
59
55
63
65
49
64
59
57
64
53
60
58
73
47
55
52
53
53
54
50
52
74
55
58
53
57
55
51
68
59
71
63
48
62
61
61
52
72
53
60
53
57
59
50
60
58
69
64
52
52
65
48
56
66
57
57
51
64
64
69
61
47
48
56
50
61
45
52
47
66
61
70
49
41
60
64
51
57
66
46
49
54
61
64
46
70
59
56
58
60
58
60
62
53
47
60
41
51
67
53
63
51
57
43
56
79
55
67
45
58
59
58
52
57
47
63
51
50
52
40
52
54
66
53
73
70
53
59
67
48
46
48
52
49
68
47
63
61
76
54
59
53
56
50
57
54
46
55
50
57
72
64
60
46
48
36
50
55
39
44
51
47
60
60
39
56
53
65
54
47
49
60
55
47
43
46
65
61
59
50
54
50
53
53
55
47
50
47
48
46
58
56
48
52
53
43
58
49
63
52
59
49
58
47
42
53
40
52
47
63
33
67
57
53
57
51
44
47
55
49
54
49
58
48
39
51
59
49
45
56
49
43
53
48
41
49
53
51
53
44
45
49
49
51
53
48
50
48
42
51
52
53
49
54
46
58
49
48
54
41
40
56
65
44
58
45
52
48
45
47
53
43
54
65
53
44
41
44
54
56
52
48
52
55
38
60
62
56
51
36
49
36
49
42
52
56
58
41
57
49
53
54
56
48
59
52
60
42
49
41
40
50
51
48
50
57
56
47
61
46
60
52
58
41
49
51
62
34
55
54
45
45
65
48
53
43
52
54
51
61
46
66
61
54
40
58
52
53
36
50
48
53
43
60
54
72
48
39
46
44
56
48
51
46
54
49
49
59
54
55
48
48
48
56
55
43
50
49
53
50
56
58
57
57
53
45
56
43
50
56
67
53
41
46
54
49
58
61
38
55
48
48
49
62
44
46
52
57
47
39
50
65
65
57
58
52
58
55
66
46
44
50
61
58
52
59
39
51
41
53
57
58
48
41
48
65
46
47
52
61
53
59
62
62
75
59
60
47
43
53
46
48
55
54
59
54
61
55
58
51
56
74
63
50
51
60
65
73
46
55
59
60
59
62
60
58
52
53
67
74
55
64
83
69
58
71
46
73
69
57
58
60
69
66
69
63
74
62
63
75
53
78
70
67
68
65
65
62
67
66
73
60
62
73
79
67
48
71
74
61
71
69
83
59
66
50
60
67
91
96
82
73
83
74
75
71
79
71
67
81
72
71
80
78
86
84
88
90
65
86
79
85
75
76
95
85
91
88
94
84
86
84
86
84
96
85
91
88
80
78
94
81
93
99
88
104
88
108
101
99
107
98
90
89
93
96
94
97
121
91
95
82
88
101
96
90
106
104
98
87
112
100
102
91
85
89
100
108
108
110
115
116
105
105
113
104
109
115
110
95
117
117
122
117
100
108
121
132
122
101
113
126
100
141
132
102
134
140
124
116
141
131
127
105
150
142
148
137
137
123
145
127
143
135
122
119
146
147
129
148
120
148
127
142
135
138
157
167
160
134
133
153
152
201
128
141
166
152
148
126
151
145
145
156
150
151
160
181
166
147
139
166
144
144
157
155
134
175
160
150
154
162
157
162
168
161
168
164
166
164
172
174
190
154
168
167
177
155
165
166
165
138
163
161
150
158
169
172
193
187
158
169
183
190
129
154
175
162
174
153
169
193
159
194
140
144
164
162
198
189
170
186
151
191
178
187
163
149
191
177
180
173
169
210
152
164
162
168
154
173
176
160
198
160
183
162
165
154
168
190
159
175
170
154
186
170
158
179
144
158
163
139
158
144
163
140
155
184
158
146
152
151
160
161
173
161
150
171
181
142
174
150
182
148
140
169
159
150
138
157
170
130
152
166
155
162
134
164
146
147
157
169
166
140
150
155
155
149
141
127
144
149
122
127
138
128
130
157
120
134
151
140
113
139
142
151
114
111
137
113
138
137
134
138
146
132
134
137
102
128
124
112
127
105
113
118
121
115
129
116
121
99
134
113
104
82
104
109
116
105
107
127
92
95
92
103
86
104
113
91
92
93
94
96
89
91
96
74
98
92
91
88
95
104
97
73
88
77
85
73
71
87
80
87
74
81
70
81
80
71
76
91
67
79
57
67
81
73
75
65
73
61
88
53
81
59
53
63
67
59
71
72
77
60
51
54
84
68
58
57
61
52
57
61
64
51
57
51
55
53
45
56
63
43
44
74
48
57
45
52
49
51
54
44
53
34
41
41
36
42
52
35
40
45
40
49
32
45
44
53
42
35
59
48
28
43
42
41
29
45
39
45
37
50
41
44
42
41
39
30
22
32
36
43
42
38
34
33
34
33
36
31
35
33
42
38
27
23
38
35
33
31
33
25
35
35
27
40
31
33
36
28
28
33
25
26
36
40
29
35
45
30
34
28
37
38
46
41
31
45
30
39
43
33
45
33
31
32
38
41
32
23
32
26
38
33
29
25
46
36
33
29
42
46
37
38
33
36
39
32
30
32
28
26
36
44
23
47
47
39
41
37
29
31
34
54
37
36
30
31
24
43
39
55
40
39
44
44
38
49
37
43
45
39
44
49
42
39
46
47
55
40
41
38
45
44
50
51
50
51
41
42
66
46
47
46
47
43
51
46
38
50
47
47
53
63
41
48
46
59
67
50
61
48
74
59
62
57
53
50
68
53
56
55
55
47
66
45
53
64
73
55
68
59
60
65
62
74
70
66
47
65
63
72
66
75
69
74
62
63
72
68
57
68
77
88
101
74
77
82
80
85
72
81
80
80
89
71
71
85
85
77
85
77
76
97
86
101
95
71
89
84
90
95
90
91
73
100
86
98
84
85
99
102
104
90
104
84
97
73
97
88
80
109
81
83
102
111
96
109
109
120
106
105
91
93
112
115
115
108
105
92
111
103
105
109
118
115
123
122
112
118
122
116
96
102
102
112
124
113
110
117
112
103
103
113
110
114
111
144
125
125
118
113
119
122
111
118
127
117
120
133
109
133
137
113
145
120
105
128
108
120
127
146
124
115
137
138
121
142
138
130
133
133
141
149
145
134
138
134
143
136
136
150
128
137
129
134
118
110
154
139
130
150
126
143
128
156
147
123
134
127
120
109
153
146
103
143
127
126
133
141
142
131
145
147
137
142
125
137
126
153
162
153
155
147
137
119
139
129
159
144
136
129
148
132
111
141
136
135
136
129
134
132
142
130
157
143
122
139
129
119
145
135
124
161
153
128
114
129
126
133
148
119
122
126
109
132
112
116
139
124
128
122
113
120
135
112
131
134
122
128
125
112
116
106
125
133
96
126
101
111
106
102
105
102
127
103
115
111
98
115
107
116
131
110
128
111
118
113
114
119
104
102
100
75
102
104
114
95
87
96
100
85
83
101
102
112
96
92
103
91
99
86
106
113
94
102
85
106
88
102
98
88
75
91
92
89
64
78
90
94
78
92
98
63
82
97
79
77
82
71
68
86
73
74
84
86
75
73
77
81
75
64
74
70
72
66
73
68
76
74
66
60
64
70
62
47
56
74
62
74
62
62
69
53
83
55
53
69
48
37
53
52
55
45
58
45
50
54
42
46
37
49
42
48
43
44
43
40
36
40
40
39
50
40
48
49
48
48
47
48
44
34
40
29
43
34
38
39
37
30
36
40
43
39
30
27
36
36
29
32
46
31
17
31
31
29
24
31
28
32
20
29
32
30
22
29
25
19
31
25
25
28
18
24
22
18
22
14
27
18
16
19
17
23
25
25
14
25
20
21
11
24
21
18
31
20
19
15
20
16
10
13
13
17
21
22
13
17
11
21
15
16
17
12
13
7
11
10
10
13
10
14
15
10
11
8
7
9
10
10
17
10
5
13
11
9
8
12
11
12
9
14
8
10
9
5
13
6
11
7
5
11
5
6
8
5
10
7
5
8
5
7
6
5
6
11
2
6
11
4
6
5
5
8
7
5
10
4
4
7
4
4
7
8
7
6
4
5
3
6
8
4
5
8
3
4
7
6
6
4
1
5
3
7
3
5
4
2
5
4
4
4
4
2
4
2
3
7
0
4
2
2
1
3
2
4
3
6
7
3
2
4
2
3
2
1
2
4
4
6
3
2
3
2
3
8
3
2
0
4
2
2
4
3
2
6
3
2
1
1
4
4
1
3
1
2
1
0
4
0
5
5
2
4
0
3
3
3
3
2
5
3
5
3
2
1
3
4
4
1
5
6
1
1
1
2
5
2
2
3
2
2
4
4
3
0
3
2
2
2
4
2
2
3
1
1
3
3
3
1
3
3
2
1
2
3
0
2
0
3
4
0
1
0
1
3
1
2
2
4
1
1
2
4
0
2
3
3
2
2
1
3
3
2
2
3
2
4
2
1
2
2
0
2
2
1
4
6
2
3
2
3
3
2
3
0
1
2
1
1
1
2
4
2
0
2
2
3
2
0
4
3
2
4
2
4
1
0
3
0
4
3
0
2
2
4
1
0
2
2
3
0
2
0
1
2
1
0
0
1
5
1
0
0
1
0
2
3
0
2
1
1
2
2
1
1
4
1
6
1
3
3
3
1
0
2
1
1
1
0
3
0
1
2
0
0
2
0
5
0
0
1
5
1
0
2
0
0
1
1
1
2
1
2
0
3
2
1
3
0
0
1
1
1
1
2
0
2
0
0
0
0
0
0
1
3
3
1
3
1
0
1
1
0
1
4
2
0
0
3
2
0
1
3
1
2
0
0
0
1
1
0
1
2
0
1
1
0
1
0
0
0
1
1
0
2
1
1
2
0
1
0
0
3
0
2
3
1
0
0
0
2
0
1
0
0
1
0
1
2
1
1
0
5
1
0
0
1
0
0
1
2
0
4
0
1
1
1
3
0
1
2
1
0
0
0
0
3
0
1
1
2
0
3
2
1
2
1
0
0
2
3
1
1
0
0
1
4
0
0
0
0
2
1
1
0
0
3
2
2
1
0
2
2
0
2
0
0
1
3
0
1
0
0
1
0
2
1
0
2
1
2
1
3
2
3
1
2
1
1
0
0
1
1
1
5
0
2
2
1
2
1
0
0
0
1
3
2
2
0
1
1
0
2
0
1
1
1
2
3
2
0
0
1
0
1
1
0
1
2
0
1
1
0
1
0
2
0
2
1
2
0
0
0
1
2
1
1
2
0
2
0
1
0
1
1
0
0
0
2
1
2
1
0
1
1
0
3
1
0
0
2
2
0
0
3
1
2
0
0
1
0
0
3
3
4
0
0
2
2
3
0
0
1
1
0
1
3
0
0
1
1
1
0
1
0
0
1
1
3
1
2
0
0
0
1
1
0
1
2
1
0
0
1
3
0
2
1
1
0
4
1
0
2
3
0
3
1
0
1
1
0
0
0
2
1
2
2
0
1
0
2
0
0
0
1
0
1
2
1
1
1
1
0
1
2
0
1
2
1
0
1
0
3
1
0
0
1
0
2
0
1
2
1
1
0
1
1
0
1
1
2
1
0
1
0
0
1
0
0
1
1
1
0
1
0
1
0
1
0
0
0
1
0
1
0
0
0
2
1
0
1
1
0
0
0
2
0
1
0
2
1
0
0
0
1
1
2
0
1
0
2
0
0
0
0
1
0
0
1
1
0
1
0
0
3
0
2
0
0
2
0
1
1
1
1
1
3
1
0
1
0
0
0
1
0
2
3
0
2
1
1
1
0
2
1
0
3
1
0
0
0
0
3
0
2
2
0
0
1
0
0
2
0
0
0
1
1
0
0
0
2
0
0
0
3
2
0
0
1
1
0
0
2
0
0
1
1
0
3
0
2
0
0
0
0
1
2
0
0
1
4
1
3
0
0
1
0
0
1
0
0
1
1
0
1
1
1
0
1
0
1
1
1
2
2
0
2
2
3
0
4
3
0
2
0
1
1
2
0
2
3
3
1
2
3
3
3
5
0
5
8
9
10
9
7
9
7
8
15
9
12
15
15
19
20
20
20
22
30
17
21
23
26
22
20
29
18
26
29
28
18
27
28
31
26
42
34
37
36
40
39
30
36
31
37
37
31
29
24
18
22
15
23
10
14
3
12
5
2
6
2
1
1
3
3
2
3
6
4
4
0
2
2
2
3
3
2
0
0
0
0
0
0
0
0
0
0
0
1
0
0
0
0
0
0
0
0
0
0
0
0
0
0
0
0
0
0
0
0
0
0
0
0
0
0
0
0
0
0
0
0
0
0
0
0
0
0
0
0
0
0
0
0
0
0
0
0
0
0
0
0
0
0
0
0
0
0
0
0
0
0
0
0
0
0
0
0
0
0
0
0
0
0
0
0
0
0
0
0
0
0
0
0
0
0
0
0
0
0
0
0
0
0
0
0
0
0
0
0
0
0
0
0
0
0
0
0
0
0
0
0
0
0
0
0
0
0
0
0
0
0
0
0
0
0
0
0
0
0
0
0
0
0
0
0
0
0
0
0
0
0
0
0
0
0
0
0
0
0
0
0
0
0
0
0
0
0
0
0
0
0
0
0
0
0
0
0
0
0
0
0
0
0
0
0
0
0
0
0
0
0
0
0
0
0
0
0
0
0
0
0
0
0
0
0
0
0
0
0
0
0
0
0
0
0
0
0
0
0
0
0
0
0
0
0
0
0
0
0
0
0
0
0
0
0
0
0
0
0
0
0
0
0
0
0
0
0
0
0
0
0
1
0
0
0
0
0
0
0
0
0
0
0
0
0
0
0
0
0
0
0
0
0
0
0
0
0
0
0
0
0
0
0
0
0
0
0
0
0
0
0
0
0
0
0
0
0
0
0
0
0
0
0
0
0
0
0
0
0
0
0
0
0
0
0
0
0
0
0
0
0
0
0
0
0
0
0
0
0
0
0
0
0
0
0
0
0
0
0
0
0
0
0
0
0
0
0
0
0
0
0
0
0
0
0
0
0
0
0
0
0
0
0
0
0
0
0
0
0
0
0
0
0
0
0
0
0
0
0
0
0
0
0
0
0
0
0
0
0
0
0
0
0
0
0
0
0
0
0
0
0
0
0
0
0
0
0
0
0
0
0
0
0
0
0
0
0
0
0
0
0
0
0
0
0
0
0
0
0
0
0
0
0
0
0
0
0
0
0
0
0
0
0
0
0
0
0
0
0
0
0
0
0
0
0
0
0
0
0
0
0
0
0
0
0
0
0
0
0
0
0
0
0
0
0
0
0
0
0
0
0
0
0
0
0
0
0
0
0
0
0
0
0
0
0
0
0
0
0
0
0
0
0
0
0
0
0
0
0
0
0
0
0
0
0
0
0
0
0
0
0
0
0
0
0
0
0
0
0
0
0
0
0
0
0
0
0
0
0
0
0
0
0
0
0
0
0
0
0
0
0
0
0
0
0
0
0
0
0
0
0
0
0
0
0
0
0
0
0
0
0
0
0
0
0
0
0
0
0
0
0
0
0
0
0
0
0
0
0
0
0
0
0
0
0
0
0
0
0
0
0
0
0
0
0
0
0
0
0
0
0
0
0
0
0
0
0
0
0
0
0
0
0
0
0
0
0
0
0
0
0
0
0
0
0
0
0
0
0
0
0
0
0
0
0
0
0
0
0
0
0
0
0
0
0
0
0
0
0
0
0
0
0
0
0
0
0
0
0
0
0
0
0
0
0
0
0
0
0
0
0
0
0
0
0
0
0
0
0
0
0
0
0
0
0
0
0
0
0
0
0
0
0
0
0
0
0
0
0
0
0
0
0
0
0
0
0
0
0
0
0
0
0
0
0
0
0
0
0
0
0
0
0
0
0
0
0
0
0
0
0
0
0
0
0
0
0
0
0
0
0
0
0
0
0
0
0
0
0
0
0
0
0
0
0
0
0
0
0
0
0
0
0
0
0
0
0
0
0
0
0
0
0
0
0
0
0
0
0
0
0
0
0
0
0
0
0
0
0
0
0
0
0
0
0
0
0
0
0
0
0
0
0
0
0
0
0
0
0
0
0
0
0
0
0
0
0
0
0
0
0
0
0
0
0
0
0
0
0
0
0
0
0
0
0
0
0
0
0
0
0
0
0
0
0
0
0
0
0
0
0
0
0
0
0
0
0
0
0
0
0
0
0
0
0
0
0
0
0
0
0
0
0
0
0
0
0
0
0
0
0
0
0
0
0
0
0
0
0
0
0
0
0
0
0
0
0
0
0
0
0
0
0
0
0
0
0
0
0
0
0
0
0
0
0
0
0
0
0
0
0
0
0
0
0
0
0
0
0
0
0
0
0
0
0
0
0
0
0
0
0
0
0
0
0
0
0
0
0
0
0
0
0
0
0
0
0
0
0
0
0
0
0
0
0
0
0
0
0
0
0
0
0
0
0
0
0
0
0
0
0
0
0
0
0
0
0
0
0
0
0
0
0
0
0
0
0
0
0
0
0
0
0
0
0
0
0
0
0
0
0
0
0
0
0
0
0
0
0
0
0
0
0
0
0
0
0
0
0
0
0
0
0
0
0
0
0
0
0
0
0
0
0
0
0
0
0
0
0
0
0
0
0
0
0
0
0
0
0
0
0
0
0
0
0
0
0
0
0
0
0
0
0
0
0
0
0
0
0
0
0
0
0
0
0
0
0
0
0
0
0
0
0
0
0
0
0
0
0
0
0
0
0
0
0
0
0
0
0
0
0
0
0
0
0
0
0
0
0
0
0
0
0
0
0
0
0
0
0
0
0
0
0
0
0
0
0
0
0
0
0
0
0
0
0
0
0
0
0
0
0
0
0
0
0
0
0
0
0
0
0
0
0
0
0
0
0
0
0
0
0
0
0
0
0
0
0
0
0
0
0
0
0
0
0
0
0
0
0
0
0
0
0
0
0
0
0
0
0
0
0
0
0
0
0
0
0
0
0
0
0
0
0
0
0
0
0
0
0
0
0
0
0
0
0
0
0
0
0
0
0
0
0
0
0
0
0
0
0
0
0
0
0
0
0
0
0
0
0
0
0
0
0
0
0
0
0
0
0
0
0
0
0
0
0
0
0
0
0
0
0
0
0
0
0
0
0
0
0
0
0
0
0
0
0
0
0
0
0
0
0
0
0
0
0
0
0
0
0
0
0
0
0
0
0
0
0
0
0
0
0
0
0
0
0
0
0
0
0
0
0
0
0
0
0
0
0
0
0
0
0
0
0
0
0
0
0
0
0
0
0
0
0
0
0
0
0
0
0
0
0
0
0
0
0
0
0
0
0
0
1
0
0
0
0
0
0
0
0
0
0
0
0
1
0
0
0
0
0
0
1
0
0
0
0
0
0
0
1
0
0
1
1
0
0
0
0
0
0
0
0
0
0
0
0
0
0
1
0
0
0
0
0
0
0
0
0
0
0
0
0
0
1
0
0
0
0
0
0
0
0
0
0
0
1
0
1
0
0
0
0
1
1
0
0
0
0
0
0
1
0
1
1
0
1
0
0
0
0
0
1
0
0
2
1
0
1
1
1
3
0
2
4
5
4
11
15
18
39
43
53
49
50
65
56
