20
59
23
15
17
9
6
4
4
6
10
8
16
15
16
18
19
17
22
20
30
31
34
32
34
41
44
63
61
63
63
92
81
96
115
127
137
165
170
196
212
213
256
253
236
248
241
249
214
246
196
143
114
78
70
70
89
84
106
124
136
132
143
140
169
183
191
184
199
224
228
216
205
217
206
229
193
202
185
173
149
120
131
108
98
106
121
127
120
153
148
140
154
155
165
166
185
150
163
182
170
174
153
159
155
136
137
115
108
103
94
90
85
82
76
70
66
72
67
66
59
53
59
50
48
48
30
39
35
39
31
23
25
30
30
27
23
32
21
36
30
42
34
34
23
29
23
31
37
35
27
35
47
42
40
48
51
48
53
54
58
58
77
66
69
66
84
73
86
83
104
99
100
100
111
116
149
120
129
145
139
139
141
158
163
155
157
193
178
168
182
189
208
197
202
196
230
216
217
229
245
236
246
289
267
268
292
280
302
336
344
318
327
377
370
412
436
416
451
504
493
504
576
526
585
609
567
661
671
687
762
734
723
779
787
779
789
856
764
804
826
813
828
810
817
780
720
759
704
673
683
699
620
633
620
564
547
486
474
458
442
383
367
385
305
295
271
279
252
217
193
181
173
176
142
127
135
124
113
113
110
89
68
76
60
76
54
61
63
51
56
50
60
42
37
40
55
38
46
41
37
45
45
39
46
46
37
30
43
33
40
38
33
51
41
44
43
34
46
51
21
42
40
36
41
33
35
35
37
43
39
45
43
39
40
32
44
50
32
33
46
26
43
41
43
32
51
44
45
41
38
34
44
41
41
42
40
42
44
41
33
39
45
43
34
29
40
36
46
41
38
38
40
42
41
35
46
33
35
51
36
35
39
25
45
43
38
37
30
35
43
29
39
31
38
33
47
40
38
54
35
39
45
34
39
33
44
29
38
30
39
21
47
44
36
44
41
43
46
34
35
35
37
37
47
33
43
41
26
38
43
51
30
48
32
37
33
42
30
36
30
31
36
33
50
40
34
27
38
33
32
35
40
27
41
32
33
40
38
42
43
29
46
33
29
33
42
30
26
32
38
34
29
31
32
30
30
41
37
27
24
46
25
43
41
43
30
39
33
23
40
35
25
35
30
33
32
35
37
43
33
36
38
33
39
38
28
35
36
31
37
38
43
37
26
32
44
34
36
37
31
24
38
40
26
41
34
38
24
39
38
37
40
27
32
36
34
23
28
39
26
42
37
34
34
40
30
28
37
39
31
33
34
24
38
27
39
38
34
29
36
28
28
27
31
30
28
33
34
35
31
30
20
27
34
41
33
21
44
33
28
37
27
25
31
23
32
27
23
28
25
24
31
25
30
26
26
27
30
32
26
31
40
36
25
37
27
33
24
33
31
28
32
38
29
31
37
28
30
34
29
40
30
28
38
28
30
22
27
41
34
27
27
32
38
27
30
40
31
28
29
30
35
20
29
35
26
25
30
36
17
19
34
28
21
29
17
25
34
37
36
28
21
32
26
40
32
36
19
24
18
27
35
24
19
26
29
27
31
24
35
25
26
31
30
27
29
24
22
32
20
25
23
32
24
19
31
27
20
22
29
35
26
30
32
20
28
31
28
19
31
19
31
25
29
18
26
22
38
21
28
20
28
32
30
38
32
31
23
32
40
24
25
35
21
36
31
22
25
30
25
17
31
25
28
27
29
27
24
29
22
33
27
35
16
25
29
21
24
35
27
30
26
19
20
25
24
28
30
28
21
28
23
33
28
29
35
29
21
25
28
22
32
18
24
21
32
26
25
27
16
17
21
26
36
31
20
27
30
27
26
15
29
27
31
16
30
35
23
21
20
25
27
26
29
21
29
27
23
22
28
36
24
20
28
23
15
24
29
26
20
20
24
19
21
14
27
21
26
23
31
26
21
20
26
21
30
21
27
23
30
15
21
26
24
20
23
25
23
18
25
24
26
24
21
25
23
23
24
24
28
23
20
25
25
22
17
27
15
23
29
23
24
24
21
22
31
19
25
19
26
27
23
21
29
15
25
21
23
20
26
25
18
29
28
12
22
22
17
17
23
21
8
19
16
17
21
21
17
20
21
21
23
24
16
26
18
37
25
22
17
15
12
28
23
18
24
26
21
20
14
18
15
13
22
28
19
23
17
23
15
19
22
21
14
22
34
18
20
21
16
18
17
16
14
16
20
19
23
15
21
19
25
14
16
19
21
24
22
22
22
12
23
25
19
18
18
21
22
19
19
19
17
18
7
19
20
18
17
18
20
14
18
23
21
17
16
27
14
26
20
24
16
24
19
24
15
18
17
16
17
17
24
26
18
15
14
17
20
10
18
18
16
11
15
14
17
23
15
19
15
20
19
27
17
25
17
17
14
19
16
12
13
16
15
8
18
17
15
18
19
16
14
17
17
11
18
11
10
14
19
13
14
16
19
14
8
16
19
11
5
9
18
17
22
13
13
14
13
18
20
14
21
17
13
18
20
20
15
13
15
10
13
14
14
18
15
15
14
19
11
16
9
21
13
21
16
14
14
9
11
15
12
8
16
16
10
15
11
17
11
16
14
14
20
14
13
15
17
15
8
16
11
11
14
16
18
12
13
18
13
16
17
17
10
18
14
8
22
10
15
18
13
20
9
14
12
8
15
14
12
17
9
17
12
11
13
17
23
18
17
9
15
16
11
10
10
10
9
12
12
19
19
10
23
18
8
13
16
11
16
11
13
11
16
15
13
15
14
9
14
5
15
14
15
20
6
15
10
17
11
10
16
12
10
17
14
15
13
12
17
18
20
13
15
17
9
10
16
20
15
16
14
13
16
11
13
10
15
14
8
10
20
9
22
18
16
13
12
13
11
10
15
14
9
11
20
18
10
6
12
13
10
19
12
11
10
11
12
12
12
6
8
10
14
13
10
9
5
13
9
15
12
15
9
18
19
10
11
15
9
13
6
15
17
15
10
13
12
15
12
5
9
7
10
13
13
13
8
9
10
17
16
8
7
12
15
22
17
7
6
15
3
9
6
12
3
11
7
12
15
12
9
10
3
9
10
9
11
12
12
16
10
17
12
10
9
14
11
12
16
17
2
11
13
8
12
10
9
13
9
10
10
12
6
11
13
13
14
9
18
14
15
15
5
14
13
9
10
10
21
8
17
9
15
11
13
9
13
11
6
10
4
3
10
18
11
15
20
9
5
6
8
16
10
10
7
10
4
9
12
15
12
15
14
11
17
11
7
7
12
13
4
9
10
6
5
5
14
8
5
12
12
3
8
6
8
15
8
14
11
9
12
13
14
9
13
19
10
14
11
11
12
18
17
9
15
8
8
6
14
12
8
13
12
12
7
7
12
7
16
11
12
3
11
6
6
13
11
11
6
7
10
9
3
6
4
8
12
9
7
3
8
8
5
10
4
10
4
9
11
9
10
9
8
4
13
8
12
10
9
12
9
2
10
6
12
10
3
16
13
5
12
8
14
8
1
3
13
9
6
8
7
6
7
9
5
7
7
9
10
6
10
11
10
15
10
10
9
13
3
7
6
11
4
7
12
7
4
9
7
9
6
6
7
8
10
4
7
6
9
12
6
8
7
12
9
7
10
10
7
5
9
8
5
10
5
9
10
5
8
7
7
6
4
4
10
8
4
4
7
8
7
5
5
5
4
6
11
9
9
6
6
16
10
4
15
7
7
9
12
7
9
5
4
5
10
12
5
6
10
10
8
8
5
6
7
7
13
8
14
7
5
6
7
8
7
3
9
8
7
6
5
9
6
8
4
4
11
3
6
10
7
9
8
9
5
7
9
12
5
6
8
8
8
8
9
3
4
3
5
7
4
13
8
7
6
7
9
8
8
5
9
6
7
9
12
10
5
11
7
5
5
4
4
4
4
6
6
7
5
6
6
6
8
9
11
7
1
13
11
7
4
9
9
8
6
8
8
8
8
12
9
9
4
7
8
12
8
6
8
8
8
13
4
5
9
11
4
10
6
4
6
6
2
3
3
8
5
8
7
7
8
10
6
5
6
9
6
6
9
9
3
8
4
9
7
3
13
6
6
3
7
8
6
10
8
13
7
3
3
6
9
6
4
9
6
4
8
11
4
8
6
2
8
5
4
9
5
8
7
7
7
2
6
5
7
6
9
7
5
4
10
5
14
8
9
6
9
8
10
8
8
13
6
6
10
6
7
6
2
8
12
2
4
7
4
13
4
8
3
4
8
3
6
4
9
6
6
6
7
3
4
3
7
8
7
7
10
6
8
10
3
4
9
11
11
7
7
9
7
7
12
11
11
9
5
8
6
5
7
7
5
7
7
6
6
8
6
6
7
9
8
9
12
8
5
3
4
9
9
6
4
6
3
6
6
10
9
8
8
7
5
1
7
5
3
13
9
6
10
6
5
3
8
8
4
9
7
6
9
7
3
7
5
7
6
3
5
8
9
7
2
11
7
6
8
9
3
9
8
9
5
7
3
6
6
4
4
1
5
4
6
4
4
9
6
11
3
8
5
4
7
6
6
5
7
5
7
4
2
4
9
6
7
7
9
0
7
6
6
11
9
11
6
5
7
8
7
6
10
8
6
7
7
7
5
7
7
5
5
9
8
7
3
9
9
2
2
2
4
9
5
4
6
3
6
8
4
4
3
6
7
6
4
4
8
8
8
9
7
3
6
4
8
6
7
3
8
6
6
5
9
5
6
5
7
5
6
6
6
7
5
3
4
1
2
2
9
2
7
2
5
6
7
5
7
3
6
4
11
5
7
5
5
5
5
2
5
8
6
6
7
4
3
9
3
4
11
6
9
2
7
4
8
4
13
6
7
5
6
3
6
4
6
10
2
4
5
5
7
3
9
3
6
8
4
5
3
6
8
7
6
3
9
2
5
7
10
9
5
8
11
2
4
8
5
10
7
3
9
7
6
8
7
3
9
6
6
4
6
3
7
4
4
9
5
5
4
10
7
4
9
2
3
4
8
4
6
4
4
9
7
6
7
4
6
7
6
2
3
6
4
6
2
6
3
8
4
10
6
8
7
7
4
7
5
2
3
6
9
6
5
6
4
7
2
6
3
6
5
10
8
6
6
10
3
5
8
3
10
5
8
1
7
5
5
4
5
4
4
7
5
3
7
7
5
3
13
7
3
6
5
5
3
8
6
12
5
2
5
7
5
6
4
7
8
7
6
8
4
5
8
5
5
6
7
5
3
4
4
10
2
2
7
7
8
7
10
4
7
7
5
8
4
6
5
4
5
2
7
7
4
5
8
3
2
4
5
3
5
6
5
9
6
7
9
7
9
10
6
6
10
9
4
5
10
8
8
6
4
7
5
2
9
9
6
5
5
7
4
4
6
8
4
5
11
3
12
3
5
8
4
5
8
6
4
7
6
9
4
6
6
7
9
5
7
3
4
10
9
6
5
5
5
8
4
3
7
4
5
6
4
6
8
5
7
6
5
6
2
6
10
8
5
7
8
2
5
7
8
8
4
0
2
4
6
6
3
4
7
2
12
4
8
6
14
5
7
9
5
10
10
4
8
8
5
4
3
6
9
3
6
7
5
7
10
7
5
6
5
2
10
4
0
8
8
3
6
8
11
13
8
6
14
10
6
10
4
7
9
7
4
8
5
10
7
4
12
5
5
7
4
4
7
2
8
10
6
7
5
6
8
4
10
4
9
7
6
4
8
7
9
7
9
7
6
6
7
8
8
4
5
6
9
5
13
5
3
5
4
7
7
11
2
4
8
6
3
6
8
10
11
6
7
9
4
7
3
9
12
9
8
4
4
7
4
3
7
7
6
10
8
4
5
3
14
7
10
3
4
6
4
7
7
12
10
3
9
4
3
6
6
4
7
4
8
9
5
6
9
7
8
8
8
6
9
4
8
7
11
7
9
7
5
3
2
6
9
6
6
4
4
7
5
11
3
12
6
8
4
4
8
8
3
4
5
5
9
4
9
5
8
2
5
10
8
0
6
6
3
2
11
7
3
7
3
4
5
2
4
7
6
5
5
12
8
6
5
6
6
2
7
6
13
4
4
10
10
7
8
5
7
4
4
7
9
5
8
2
8
4
5
5
10
8
5
8
3
1
6
4
13
5
4
8
6
8
10
6
4
7
6
4
12
7
10
10
4
5
6
4
7
9
7
11
14
5
11
9
4
3
7
8
5
3
5
7
7
7
9
7
7
9
8
11
10
5
7
4
8
4
5
8
4
5
5
9
4
4
4
3
8
11
5
3
4
7
6
6
6
9
3
5
2
5
10
3
5
5
4
3
8
6
10
6
6
4
4
9
8
6
4
5
6
9
9
3
5
7
2
2
5
8
3
3
6
7
9
3
3
9
6
5
0
10
8
4
8
4
3
5
6
5
8
10
4
7
11
5
11
5
8
8
4
5
12
1
3
5
3
5
5
6
7
4
6
4
7
6
3
2
0
4
2
2
8
4
7
8
3
4
5
4
6
6
9
7
5
5
6
5
5
2
11
2
4
8
2
4
6
2
5
4
4
6
4
2
5
7
4
4
6
4
4
4
4
4
4
6
5
3
2
4
4
7
2
4
3
3
6
5
1
5
9
3
7
5
3
4
8
3
3
6
3
5
5
12
3
3
3
4
6
4
3
3
6
8
6
5
2
7
4
7
3
8
6
5
2
1
7
6
3
4
7
4
2
4
2
5
9
3
4
5
9
2
2
5
4
3
5
4
7
4
5
9
8
7
4
8
1
10
4
3
3
4
1
5
2
5
4
5
6
5
4
4
1
3
3
6
3
5
4
11
4
1
5
9
1
4
9
4
6
3
6
6
3
6
3
6
2
2
3
8
4
5
5
10
3
4
10
8
4
2
4
5
5
3
8
6
6
2
8
4
6
9
3
4
6
9
5
1
1
3
3
8
4
5
7
6
3
4
4
5
6
5
6
6
3
1
5
4
5
7
5
10
4
4
5
5
8
7
4
6
6
6
5
4
7
4
5
8
5
3
7
2
3
4
6
2
6
6
6
4
5
4
4
4
5
5
4
4
5
6
5
2
3
8
6
2
2
2
6
2
4
3
3
4
4
6
4
0
2
3
1
5
4
3
5
6
1
3
4
8
6
5
1
6
5
7
6
4
6
4
6
8
5
4
6
6
7
3
5
5
7
7
5
2
7
4
4
4
1
3
9
5
9
5
6
1
3
7
15
3
4
6
4
2
2
2
4
2
3
5
7
9
5
2
5
7
3
7
4
3
9
5
7
11
2
4
8
4
6
4
5
4
6
1
1
7
10
5
6
6
3
6
8
3
6
6
3
3
5
6
4
6
4
8
5
6
3
4
2
5
8
5
5
7
4
3
4
5
4
6
11
2
2
5
3
5
5
5
5
4
7
3
5
4
2
3
4
6
2
3
3
3
4
5
4
7
4
7
5
4
3
3
6
6
5
2
5
5
4
9
9
3
6
5
3
2
4
5
3
5
7
3
3
1
6
3
0
4
7
3
7
3
4
1
3
4
5
4
5
2
6
3
3
3
5
6
4
5
3
8
3
3
6
5
6
7
3
6
8
3
3
4
5
8
6
6
7
8
4
4
4
7
13
3
3
3
5
9
5
3
3
2
5
6
2
10
2
6
8
3
8
4
2
4
7
3
6
5
4
4
2
5
1
4
5
6
4
5
6
3
3
5
4
6
4
3
5
7
5
5
10
4
6
4
4
3
4
6
3
1
4
5
8
4
5
4
4
5
6
3
6
5
5
5
4
3
4
2
4
4
3
3
4
2
2
6
1
7
1
5
7
2
5
4
3
5
10
8
3
6
3
2
3
5
4
6
3
6
4
8
3
0
3
1
6
5
5
2
3
2
6
7
7
2
6
2
2
3
3
4
5
6
1
4
4
3
7
4
3
4
5
4
6
4
2
3
3
3
2
4
7
2
4
9
5
7
7
7
2
6
2
4
1
6
2
4
5
4
9
5
2
6
3
8
2
6
8
5
5
6
7
4
5
7
5
3
4
5
1
5
3
1
8
5
5
4
1
4
5
4
4
13
1
5
6
3
4
7
6
4
3
2
2
4
5
10
1
3
2
6
5
8
5
3
6
5
2
5
3
4
4
6
6
5
5
6
5
9
5
7
6
3
3
5
3
6
2
3
2
5
2
4
4
0
7
5
2
4
3
4
4
9
3
2
2
3
4
8
2
1
5
4
5
5
2
4
3
6
4
10
3
7
3
5
0
10
5
5
7
4
4
5
7
3
4
6
4
6
2
7
6
2
4
7
5
10
2
5
7
3
1
1
2
5
3
0
1
2
8
2
8
4
2
5
11
3
4
3
2
3
6
3
3
6
5
3
3
2
4
4
4
5
7
3
5
6
3
3
7
5
8
6
6
3
4
2
7
4
4
2
6
1
4
6
5
1
6
3
4
6
8
4
7
4
2
2
7
3
5
8
5
3
1
5
5
7
5
2
6
4
6
4
6
5
4
6
3
4
3
3
3
6
3
4
4
6
5
5
3
4
4
4
6
4
6
5
3
6
7
6
7
6
7
9
6
6
1
3
4
6
7
4
3
6
4
4
4
9
5
2
4
1
1
3
4
4
6
2
4
3
2
6
3
4
3
0
7
6
4
6
7
6
1
9
3
2
5
4
7
6
2
3
7
5
7
4
7
6
3
3
1
9
4
7
4
2
2
5
8
2
4
4
0
3
7
4
5
4
3
4
2
6
1
2
6
5
4
7
5
3
2
7
2
0
6
7
5
5
2
3
6
4
4
5
3
4
5
7
4
5
4
6
2
8
2
3
7
8
7
3
5
5
6
3
5
4
2
2
9
2
3
2
4
7
1
5
6
2
2
2
6
7
6
5
3
3
7
7
4
6
2
3
3
4
7
4
5
4
4
3
2
6
3
6
2
4
7
3
6
3
6
3
5
4
2
1
2
2
5
5
6
3
4
7
2
2
2
7
9
3
2
6
1
4
5
4
6
3
4
1
3
8
5
1
4
2
5
6
4
2
6
4
0
3
2
3
5
3
6
6
4
6
6
4
4
4
4
5
6
3
2
3
4
2
8
4
6
2
6
7
4
4
7
4
1
4
2
2
5
5
1
3
3
7
5
8
3
3
5
3
5
3
4
3
5
4
4
3
3
1
3
3
1
4
1
5
3
2
5
2
5
3
5
5
3
2
3
3
1
6
5
1
4
4
2
5
2
2
2
5
1
5
5
3
7
4
5
4
1
6
3
4
5
7
6
7
2
4
6
4
5
4
1
1
3
2
6
8
2
0
4
3
5
4
4
2
2
2
3
4
8
4
5
4
1
1
2
2
5
5
5
4
5
8
4
5
1
2
3
5
4
3
4
2
6
4
1
3
7
6
4
7
3
3
3
3
4
1
7
4
4
7
0
1
4
3
7
2
3
4
3
5
4
3
5
2
7
4
4
5
5
2
0
3
4
2
3
4
4
3
0
5
3
4
4
1
4
3
2
3
0
6
2
2
3
7
2
3
3
8
1
5
2
4
4
6
2
5
8
3
2
3
4
4
5
3
2
5
3
5
4
5
5
0
4
7
9
4
4
5
3
5
5
2
3
2
3
5
3
6
4
2
4
1
4
6
1
3
1
4
1
5
2
3
0
4
1
4
4
4
4
7
0
3
3
1
3
2
3
2
8
2
1
0
6
7
4
5
0
7
3
5
4
4
3
4
8
4
7
3
3
2
5
4
4
1
2
2
7
1
3
3
6
1
5
6
8
5
3
1
5
1
6
2
2
4
6
1
2
4
4
2
6
1
5
3
3
4
7
0
4
1
2
4
4
5
7
4
1
3
6
5
1
4
8
4
2
3
3
0
5
4
2
2
4
3
2
6
2
3
3
3
6
2
4
6
0
5
3
5
3
2
6
5
2
4
3
7
1
1
5
4
2
4
5
3
3
2
1
2
3
4
5
2
2
4
0
2
4
5
2
4
1
2
6
3
4
3
3
4
7
5
2
4
2
0
3
4
3
4
2
6
4
0
5
7
5
1
2
2
6
5
5
2
2
7
1
2
6
2
3
6
3
1
7
3
3
0
3
2
3
5
4
1
5
6
3
4
2
7
3
4
4
5
3
3
3
4
4
7
1
2
5
5
3
8
3
4
1
5
4
3
1
5
9
5
4
0
3
5
3
1
4
6
7
7
4
1
1
4
2
3
1
2
2
4
4
5
2
4
4
4
5
1
3
5
4
6
3
1
1
2
4
4
2
6
2
5
2
6
6
2
7
5
2
4
2
3
5
11
2
6
5
2
5
6
4
4
4
2
1
6
2
2
7
5
5
3
1
3
7
5
1
6
3
1
4
3
1
3
3
2
4
2
1
9
4
4
7
7
5
7
1
3
7
3
4
6
3
3
5
2
0
2
6
4
2
9
0
4
1
6
4
4
6
6
7
3
4
3
6
7
6
2
4
2
4
4
4
2
2
0
3
3
4
4
4
3
1
6
3
4
6
2
3
3
5
5
3
3
2
6
6
5
2
7
5
5
4
3
3
4
3
9
7
2
8
9
4
4
5
9
2
4
6
4
4
6
5
6
3
3
1
10
3
2
1
6
2
3
8
9
6
9
2
8
3
3
6
6
3
8
3
5
5
9
3
4
8
1
3
3
8
7
6
5
4
8
5
4
3
0
8
5
6
4
6
7
9
6
6
2
5
2
3
4
4
2
3
3
10
2
5
3
4
2
4
5
5
2
3
7
3
5
7
7
2
5
4
3
4
6
7
7
3
6
5
11
1
3
9
3
4
8
7
2
5
4
6
3
5
5
3
3
5
3
5
6
4
5
4
2
5
8
8
7
5
6
8
6
2
2
3
2
8
5
5
5
4
5
4
1
4
4
8
3
1
6
3
5
4
2
5
2
5
6
2
2
5
5
9
4
1
3
3
2
4
5
3
7
3
2
4
4
3
6
2
2
4
3
3
2
4
3
2
3
1
4
2
6
3
2
1
1
2
3
4
0
3
3
9
1
6
3
1
6
2
5
1
3
4
3
4
5
5
4
5
2
2
2
3
6
3
4
0
2
5
1
3
5
0
4
3
3
1
4
1
4
4
3
1
1
1
3
4
2
1
3
2
4
6
1
3
1
3
3
2
2
3
0
2
2
1
4
1
2
4
2
1
5
2
6
3
3
3
0
1
0
5
2
3
2
1
1
1
0
5
6
3
2
1
1
2
2
2
3
3
5
0
1
4
2
1
1
3
1
1
3
1
5
2
2
3
1
1
1
2
1
2
4
2
2
2
1
3
2
1
1
2
1
1
2
1
2
3
1
0
1
2
0
3
1
4
1
1
2
3
1
3
1
1
2
5
3
3
2
2
3
3
0
0
3
1
0
2
3
2
0
0
1
2
2
4
5
1
4
2
3
2
5
2
3
3
2
1
1
3
1
2
4
3
2
5
2
1
3
3
3
2
2
3
1
1
3
5
2
1
2
0
4
4
2
0
3
1
1
4
0
3
1
4
2
3
1
6
2
2
1
5
1
0
4
0
2
0
0
2
1
3
2
4
1
6
0
2
3
2
2
1
0
1
3
2
3
1
1
3
1
2
3
3
0
0
4
5
1
1
0
2
2
4
2
1
1
2
2
3
1
1
4
3
2
0
2
2
2
3
2
1
2
3
4
1
5
2
3
3
3
3
6
3
5
2
3
1
3
1
4
4
5
3
2
6
2
1
3
3
4
1
1
5
5
0
1
3
0
6
3
4
2
2
4
3
5
1
6
2
5
4
1
1
2
3
4
4
3
2
2
4
2
5
3
3
0
2
0
1
1
4
6
4
6
2
4
3
4
0
3
2
3
7
2
2
3
4
4
6
2
2
1
3
3
0
3
2
2
1
3
2
5
6
6
1
0
5
4
4
3
2
6
8
4
3
5
4
2
3
4
4
4
5
3
3
3
5
4
4
9
4
8
5
2
5
3
4
3
6
3
5
5
4
3
2
6
6
3
3
6
5
5
5
1
4
6
4
4
3
3
3
2
6
8
5
7
9
2
3
3
6
4
3
0
3
3
6
5
6
0
8
4
5
4
5
5
3
6
2
4
6
4
10
2
5
3
4
3
7
3
4
5
2
3
6
12
9
8
6
4
5
3
5
7
1
9
3
7
4
7
2
3
7
2
4
4
2
5
11
4
4
2
6
4
1
6
6
4
1
3
3
5
5
4
4
5
5
7
5
3
8
5
8
6
7
4
5
0
7
3
4
2
4
5
5
8
0
6
3
4
3
4
1
4
3
7
1
3
3
8
1
5
3
5
2
2
3
2
6
7
3
1
1
2
2
5
3
5
4
2
1
0
3
2
2
2
3
5
4
4
4
1
5
5
2
5
4
3
4
1
5
1
2
3
2
2
4
1
2
3
1
2
4
5
1
1
4
6
5
1
0
3
4
3
2
0
0
1
2
5
5
5
3
3
4
1
6
4
2
3
1
1
3
5
1
0
2
0
3
1
6
2
1
0
2
4
3
2
3
5
3
1
1
4
2
2
4
2
2
4
2
1
1
0
2
1
2
3
0
2
1
1
3
1
2
0
3
1
3
2
1
1
2
5
1
2
3
1
1
2
0
2
3
3
1
2
2
2
2
2
1
1
2
1
4
1
3
2
1
3
1
1
1
0
0
3
0
3
1
1
1
0
1
1
1
1
2
1
0
0
1
1
0
1
2
0
0
1
1
1
1
1
3
0
2
0
2
1
1
1
2
0
1
0
0
1
1
1
1
0
0
1
1
0
2
2
0
0
0
3
2
1
0
1
0
0
1
1
0
1
0
0
2
1
0
1
1
1
1
3
1
1
0
1
0
2
0
0
0
0
0
1
0
1
1
0
0
0
2
0
1
1
2
1
1
1
2
2
0
1
0
0
1
1
1
2
0
0
2
0
1
1
1
0
2
0
0
0
1
2
1
0
2
0
0
1
1
0
1
0
1
2
0
2
1
0
1
0
1
0
1
5
2
3
0
0
1
1
0
0
0
1
1
0
0
0
2
0
0
1
1
1
0
1
0
1
2
0
1
1
0
1
1
0
1
1
1
0
0
4
1
0
2
0
0
2
1
0
1
0
1
0
1
0
3
1
1
1
1
1
0
5
0
0
1
1
0
2
1
1
0
2
0
2
1
0
1
1
2
3
0
1
1
0
1
0
2
1
0
0
0
1
2
0
2
2
0
2
3
1
1
1
0
1
1
0
2
3
1
0
1
1
1
0
0
3
2
2
3
2
1
0
1
1
0
0
0
1
0
3
2
1
0
1
2
1
0
0
2
0
4
0
0
1
2
0
0
1
0
0
0
0
1
0
0
0
0
1
2
1
0
1
0
1
1
0
0
1
1
0
2
1
1
0
0
1
1
0
0
0
0
1
0
2
3
1
1
0
1
1
0
0
0
0
0
1
0
1
3
2
1
4
0
0
0
0
0
1
2
0
0
0
2
0
0
0
3
0
1
1
1
1
1
1
0
1
2
1
1
0
3
0
0
1
1
0
0
1
2
0
1
0
0
1
0
1
1
0
0
2
1
0
1
2
0
0
5
1
0
0
1
1
0
0
0
0
0
2
1
0
0
1
0
2
2
2
0
1
1
0
0
1
0
2
0
1
1
0
0
0
0
0
0
0
0
0
0
0
0
0
1
2
1
0
2
1
0
0
2
1
0
0
1
0
1
0
0
1
0
0
1
1
1
0
0
0
0
0
2
0
0
2
1
0
0
0
0
0
2
1
1
0
0
1
0
1
0
0
0
0
2
0
0
0
0
0
0
0
0
0
1
1
0
1
1
0
0
0
1
0
1
0
0
0
0
0
1
0
0
1
0
0
0
0
0
0
0
0
0
0
0
0
0
0
2
0
0
0
0
0
0
0
2
0
1
2
1
0
0
0
0
1
1
0
0
0
0
0
0
0
0
0
0
0
0
0
0
0
0
0
0
0
0
0
1
0
2
0
0
0
0
0
1
0
0
1
0
1
0
0
0
0
0
0
0
0
0
0
0
0
1
0
0
0
0
0
1
1
0
0
0
0
0
1
0
0
0
1
1
0
0
1
0
1
0
0
0
0
0
0
0
0
1
1
0
0
0
0
1
0
0
0
1
1
0
0
0
0
1
0
1
0
0
0
0
0
0
0
0
0
1
0
1
0
0
0
0
0
0
0
0
0
0
0
0
0
0
0
0
0
0
0
0
0
0
0
0
0
0
0
0
0
0
0
0
0
0
0
1
0
0
0
0
0
0
0
0
0
0
0
1
0
0
0
2
0
0
0
1
0
0
0
1
0
0
0
0
0
0
0
0
0
0
0
0
0
0
0
0
0
0
0
0
0
0
0
0
0
0
0
1
0
0
1
0
0
0
0
0
0
0
0
1
0
0
0
0
0
0
0
1
0
0
1
1
0
0
0
0
0
1
0
0
0
0
0
0
0
0
0
0
0
0
0
0
0
0
0
0
0
0
0
0
0
0
1
0
1
0
0
0
0
0
1
1
0
0
0
0
1
0
0
0
0
0
1
0
0
0
0
0
1
1
0
0
0
0
0
0
0
0
0
1
0
0
0
0
0
0
0
0
0
0
0
0
0
0
0
0
0
0
0
0
0
0
0
0
0
0
0
0
0
0
0
0
1
1
0
0
0
1
0
0
0
0
0
0
0
0
0
0
0
0
0
0
0
0
0
0
0
0
0
0
0
0
0
0
0
0
0
1
0
1
0
0
0
1
0
0
0
0
0
0
0
1
0
0
0
0
0
1
1
0
0
0
0
0
0
1
0
1
0
1
0
0
1
0
0
0
0
1
0
1
0
0
0
0
0
0
0
0
1
0
0
0
0
0
0
0
0
0
0
0
0
0
0
0
0
0
0
1
0
0
0
0
0
0
0
0
0
1
0
0
0
0
0
0
1
0
0
0
0
0
1
0
0
0
0
0
0
2
0
0
0
0
0
0
1
0
0
0
0
0
0
0
0
1
0
1
0
0
0
0
0
0
0
0
0
0
0
1
0
0
0
1
0
0
0
2
0
1
0
0
0
0
1
0
0
0
1
0
0
0
0
0
0
0
0
0
1
1
0
0
0
0
0
0
0
0
0
0
0
0
0
0
0
0
0
0
0
0
0
0
0
0
0
0
0
0
0
0
0
0
0
0
0
0
0
1
0
0
0
0
0
0
0
0
0
0
0
0
0
0
0
0
0
1
0
0
1
0
0
0
0
0
0
0
0
0
0
0
0
0
0
0
0
0
0
0
1
1
1
0
0
0
0
0
2
0
1
0
0
0
0
1
0
0
0
0
0
0
0
0
0
0
0
1
0
0
0
0
0
0
0
1
0
1
0
0
0
0
0
0
0
0
0
1
0
0
0
0
0
0
0
2
4
1
1
0
1
1
4
3
5
1
2
4
5
4
3
2
7
3
6
4
5
2
7
7
8
6
10
12
9
16
21
24
22
27
20
16
10
7
7
3
0
4
3
0
1
1
2
0
1
0
1
1
0
0
4
4
10
41
50
14
3
0
0
0
0
0
0
0
0
0
0
0
0
0
0
0
0
0
0
0
0
0
0
0
0
0
0
0
0
0
0
0
0
0
0
0
0
0
0
0
0
0
0
0
0
0
0
0
0
0
0
0
0
0
0
0
0
0
0
0
0
0
0
0
0
0
0
0
0
0
0
0
0
0
0
0
0
0
0
0
0
0
0
0
0
0
0
0
0
0
0
0
0
0
0
0
0
0
0
0
0
0
0
0
0
0
0
0
0
0
0
0
0
0
0
0
0
0
0
0
0
0
0
0
0
0
0
0
0
0
0
0
0
0
0
0
0
0
0
0
0
0
0
0
0
0
0
0
0
0
0
0
0
0
0
0
0
0
0
0
0
0
0
0
0
0
0
0
0
0
0
0
0
0
0
0
0
0
0
0
0
0
0
0
0
0
0
0
0
0
0
0
0
0
0
0
0
0
0
0
0
0
0
0
0
0
0
0
0
0
0
0
0
0
0
0
0
0
0
0
0
0
0
0
0
0
0
0
0
0
0
0
0
0
0
0
0
0
0
0
0
0
0
0
0
0
0
0
0
0
0
0
0
0
0
0
0
0
0
0
0
0
0
0
0
0
0
0
0
0
0
0
0
0
0
0
0
0
0
0
0
0
0
0
0
0
0
0
0
0
0
0
0
0
0
0
0
0
0
0
0
0
0
0
0
0
0
0
0
0
0
0
0
0
0
0
0
0
0
0
0
0
0
0
0
0
0
0
0
0
0
0
0
0
0
0
0
0
0
0
0
0
0
0
0
0
0
0
0
0
0
0
0
0
0
0
0
0
0
0
0
0
0
0
0
0
0
0
0
0
0
0
0
0
0
0
0
0
0
0
0
0
0
0
0
0
0
0
0
0
0
0
0
0
0
0
0
0
0
0
0
0
0
0
0
0
0
0
0
0
0
0
0
0
0
0
0
0
0
0
0
0
0
0
0
0
0
0
0
0
0
0
0
0
0
0
0
0
0
0
0
0
0
0
0
0
0
0
0
0
0
0
0
0
0
0
0
0
0
0
0
0
0
0
0
0
0
0
0
0
0
0
0
0
0
0
0
0
0
0
0
0
0
0
0
0
0
0
0
0
0
0
0
0
0
0
0
0
0
0
0
0
0
0
0
0
0
0
0
0
0
0
0
0
0
0
0
0
0
0
0
0
0
0
0
0
0
0
0
0
0
0
0
0
0
0
0
0
0
0
0
0
0
0
0
0
0
0
0
0
0
0
0
0
0
0
0
0
0
0
0
0
0
0
0
0
0
0
0
0
0
0
0
0
0
0
0
0
0
0
0
0
0
0
0
0
0
0
0
0
0
0
0
0
0
0
0
0
0
0
0
0
0
0
0
0
0
0
0
0
0
0
0
0
0
0
0
0
0
0
0
0
0
0
0
0
0
0
0
0
0
0
0
0
0
0
0
0
0
0
0
0
0
0
0
0
0
0
0
0
0
0
0
0
0
0
0
0
0
0
0
0
0
0
0
0
0
0
0
0
0
0
0
0
0
0
0
0
0
0
0
0
0
0
0
0
0
0
0
0
0
0
0
0
0
0
0
0
0
0
0
0
0
0
0
0
0
0
0
0
0
0
0
0
0
0
0
0
0
0
0
0
0
0
0
0
0
0
0
0
0
0
0
0
0
0
0
0
0
0
0
0
0
0
0
0
0
0
0
0
0
0
0
0
0
0
0
0
0
0
0
0
0
0
0
0
0
0
0
0
0
0
0
0
0
0
0
0
0
0
0
0
0
0
0
0
0
0
0
0
0
0
0
0
0
0
0
0
0
0
0
0
0
0
0
0
0
0
0
0
0
0
0
0
0
0
0
0
0
0
0
0
0
0
0
0
0
0
0
0
0
0
0
0
0
0
0
0
0
0
0
0
0
0
0
0
0
0
0
0
0
0
0
0
0
0
0
0
0
0
0
0
0
0
0
0
0
0
0
0
0
0
0
0
0
0
0
0
0
0
0
0
0
0
0
0
0
0
0
0
0
0
0
0
0
0
0
0
0
0
0
0
0
0
0
0
0
0
0
0
0
0
0
0
0
0
0
0
0
0
0
0
0
0
0
0
0
0
0
0
0
0
0
0
0
0
0
0
0
0
0
0
0
0
0
0
0
0
0
0
0
0
0
0
0
0
0
0
0
0
0
0
0
0
0
0
0
0
0
0
0
0
0
0
0
0
0
0
0
0
0
0
0
0
0
0
0
0
0
0
0
0
0
0
0
0
0
0
0
0
0
0
0
0
0
0
0
0
0
0
0
0
0
0
0
0
0
0
0
0
0
0
0
0
0
0
0
0
0
0
0
0
0
0
0
0
0
0
0
0
0
0
0
0
0
0
0
0
0
0
0
0
0
0
0
0
0
0
0
0
0
0
0
0
0
0
0
0
0
0
0
0
0
0
0
0
0
0
0
0
0
0
0
0
0
0
0
0
0
0
0
0
0
0
0
0
0
0
0
0
0
0
0
0
0
0
0
0
0
0
0
0
0
0
0
0
0
0
0
0
0
0
0
0
0
0
0
0
0
0
0
0
0
0
0
0
0
0
0
0
0
0
0
0
0
0
0
0
0
0
0
0
0
0
0
0
0
0
0
0
0
0
0
0
0
0
0
0
0
0
0
0
0
0
0
0
0
0
0
0
0
0
0
0
0
0
0
0
0
0
0
0
0
0
0
0
0
0
0
0
0
0
0
0
0
0
0
0
0
0
0
0
0
0
0
0
0
0
0
0
0
0
0
0
0
0
0
0
0
0
0
0
0
0
0
0
0
0
0
0
0
0
0
0
0
0
0
0
0
0
0
0
0
1
0
0
0
0
0
0
0
0
0
0
0
0
0
0
0
0
0
0
0
0
0
0
0
0
0
0
0
0
0
0
0
0
1
0
0
0
0
0
0
0
0
0
0
0
0
0
0
0
0
0
0
0
0
0
1
0
0
0
0
0
0
0
0
0
0
0
0
0
0
0
0
0
0
0
0
0
1
1
6
2
6
