32
121
61
41
33
48
46
25
29
28
33
28
24
23
25
16
20
23
19
20
27
25
30
38
25
32
39
31
33
42
47
41
48
48
46
66
63
68
69
62
68
69
83
90
80
92
90
82
68
88
83
57
30
28
19
14
37
32
29
47
72
63
51
42
56
58
72
56
60
67
86
96
71
85
94
81
91
75
79
83
57
40
46
45
35
48
52
43
48
41
59
61
55
67
63
62
73
105
78
61
74
79
72
64
83
72
64
61
75
64
56
67
60
48
55
56
67
62
52
60
66
66
66
76
53
69
63
64
61
50
65
63
63
68
76
64
70
80
69
76
70
73
62
72
70
88
72
79
66
76
49
69
69
80
71
63
58
71
78
72
77
81
94
73
78
90
79
87
76
84
88
70
93
76
96
88
91
88
89
85
86
78
98
93
85
100
87
93
95
93
101
94
89
88
86
97
104
101
93
105
90
107
89
96
95
117
111
98
93
95
109
111
95
133
90
121
120
125
98
116
129
119
132
103
114
114
129
120
103
106
153
135
136
126
122
134
110
125
135
136
146
147
134
134
131
165
146
131
136
162
134
150
135
147
145
176
153
155
160
179
161
159
157
157
145
132
153
161
160
145
165
152
158
172
160
167
168
199
179
190
174
205
192
194
191
191
199
179
181
190
187
181
222
198
197
202
221
193
203
194
176
181
220
176
213
200
203
199
210
201
190
177
200
177
226
217
189
197
202
190
188
190
201
196
213
208
198
178
190
211
180
198
215
217
175
200
181
187
182
197
214
202
197
199
211
184
227
202
187
211
171
190
213
213
185
205
235
207
175
185
198
180
206
194
216
213
211
190
202
167
217
207
177
169
174
191
185
201
195
210
204
223
183
187
210
186
185
194
194
171
204
198
190
205
166
180
196
199
185
184
201
190
171
203
178
205
195
184
189
208
182
201
196
188
184
171
176
192
189
210
184
187
191
167
191
171
202
185
184
188
176
176
181
162
156
181
195
182
186
190
160
212
201
170
195
153
187
181
186
190
170
185
169
191
193
187
182
186
180
179
195
177
170
199
175
166
177
180
170
172
212
175
173
167
180
185
186
167
182
171
194
179
178
180
156
176
176
181
183
186
179
178
190
173
167
177
174
192
183
166
166
169
185
163
140
189
171
152
163
167
188
171
168
172
177
156
172
154
161
156
182
170
156
160
173
166
138
157
183
170
197
151
167
171
165
185
198
167
179
163
154
164
174
167
157
158
169
195
188
139
133
172
169
174
192
168
160
148
181
175
151
161
171
146
154
146
159
163
177
150
181
159
163
138
168
162
152
158
135
175
174
163
159
153
170
144
159
155
185
174
164
162
130
143
134
149
156
170
162
179
152
158
152
156
142
149
151
148
145
147
151
137
142
153
166
146
122
123
170
138
163
163
159
137
151
144
144
146
133
135
127
145
152
123
143
141
165
158
140
140
140
137
158
152
124
128
125
144
149
153
132
152
163
133
139
147
139
146
136
140
170
147
136
147
154
123
154
125
137
157
140
138
136
124
153
116
155
140
126
126
129
135
155
148
142
145
128
150
147
145
127
121
126
126
162
146
123
132
121
133
128
131
133
128
135
135
129
150
158
134
124
133
132
139
141
124
131
117
144
122
107
142
157
141
132
128
127
145
142
121
135
144
161
128
147
142
160
116
122
126
126
137
137
118
131
154
130
118
142
128
134
137
133
119
139
125
120
140
104
141
131
130
122
130
128
123
140
123
129
133
167
133
131
128
151
142
129
127
100
122
119
125
134
121
111
120
126
115
135
115
126
134
111
132
125
135
127
133
131
121
115
137
110
121
137
119
110
119
116
129
128
108
120
121
119
114
123
126
124
120
119
135
124
115
98
118
120
137
104
121
118
115
133
121
103
114
110
133
110
123
116
121
119
124
113
126
108
107
103
108
133
124
109
107
118
101
115
124
119
107
117
111
127
107
122
111
115
106
112
109
108
104
113
116
128
105
124
112
110
103
118
124
118
118
118
118
107
97
102
107
101
90
118
91
112
105
107
108
112
118
114
134
99
126
106
96
108
110
98
115
113
89
105
114
91
115
113
114
99
121
101
113
98
106
126
106
114
106
124
121
111
101
109
102
118
90
120
112
101
128
114
108
101
99
93
91
112
98
99
99
102
89
101
112
118
92
111
80
126
101
96
101
101
105
118
108
102
104
113
86
96
114
102
84
102
85
93
111
112
105
105
108
103
79
109
103
104
122
85
98
93
92
97
90
98
102
94
109
92
106
87
80
96
101
104
96
92
90
70
98
81
90
100
103
92
80
96
89
86
78
78
74
90
97
90
94
90
85
88
106
84
96
77
81
90
84
74
77
99
93
84
81
95
74
76
86
90
80
101
96
96
86
70
70
78
83
77
86
66
76
68
64
62
74
86
66
65
61
67
71
69
73
72
82
77
69
69
73
77
66
67
77
75
74
85
71
69
63
74
65
84
75
71
82
59
61
84
69
57
72
73
72
77
69
74
66
73
69
84
70
68
80
61
56
58
71
59
72
69
57
64
65
83
69
63
58
77
65
75
65
65
58
57
73
67
84
63
76
59
64
80
64
64
65
60
70
69
87
62
64
76
69
72
69
65
52
57
58
64
61
73
56
66
62
66
66
55
57
68
75
67
67
61
60
65
59
81
64
72
55
82
57
56
57
61
53
60
57
63
60
66
64
69
74
62
75
55
69
70
59
68
49
60
59
59
65
68
65
67
73
60
52
63
63
82
66
45
66
80
67
70
59
55
60
55
53
45
60
53
57
52
64
58
68
65
69
55
61
62
56
45
61
49
58
56
48
63
53
58
57
59
71
55
59
54
52
48
47
56
56
54
54
56
57
50
48
58
68
55
51
61
65
69
59
57
62
53
55
46
63
56
52
54
45
53
68
60
52
56
52
71
67
51
64
61
56
51
52
49
50
55
45
59
57
59
52
59
51
57
53
54
53
45
48
49
51
53
45
50
47
45
44
48
58
48
51
61
57
46
54
43
43
56
46
43
44
52
55
59
58
54
51
46
47
59
65
55
46
42
41
35
57
49
41
41
49
54
56
50
51
50
55
45
53
54
50
47
42
57
33
56
49
65
57
42
50
53
61
54
48
56
42
54
56
53
44
44
38
49
48
59
45
53
51
55
62
49
44
53
64
54
38
52
49
39
40
53
38
45
54
48
53
44
56
55
39
49
35
44
42
52
44
44
52
44
43
56
42
38
48
43
56
46
51
53
55
42
45
32
47
45
46
51
46
44
48
43
49
41
50
38
38
46
54
49
52
42
43
37
47
41
41
44
50
41
41
35
46
47
37
46
43
54
42
43
41
49
56
44
43
46
41
36
45
45
47
40
24
36
36
40
50
54
47
45
54
38
48
36
40
34
35
39
38
40
41
49
37
41
40
44
44
38
34
43
36
34
36
41
26
43
37
46
38
32
39
44
42
33
39
37
43
41
41
44
40
37
33
27
48
42
39
41
49
24
41
33
32
46
40
33
26
31
37
28
41
33
32
33
39
37
38
42
33
37
40
26
35
30
31
30
33
37
28
50
41
31
42
30
38
33
25
29
41
31
34
44
41
35
27
34
34
24
28
34
33
34
40
35
34
26
32
37
31
29
38
33
28
32
34
34
21
29
30
40
37
39
39
29
27
34
47
38
39
31
37
39
31
28
33
38
37
34
32
23
40
30
29
21
27
33
31
39
27
30
35
22
21
35
26
37
32
35
22
34
27
32
34
26
26
28
27
32
25
41
28
24
37
33
29
26
38
36
26
23
40
39
36
34
36
29
33
20
27
27
29
29
26
31
28
29
34
24
32
39
20
19
33
33
37
26
29
25
26
29
41
41
30
33
41
35
30
29
37
31
34
40
26
32
27
35
28
22
19
24
44
21
19
37
29
25
31
33
30
30
27
29
34
34
32
33
36
32
31
34
24
27
26
36
29
33
19
37
33
41
33
33
34
33
26
30
21
28
26
38
26
35
23
24
31
30
29
19
35
25
36
28
28
21
37
23
28
32
41
36
24
30
20
30
30
29
33
24
33
24
29
26
28
29
30
27
31
32
30
28
34
35
32
28
29
36
23
33
27
37
29
27
39
30
27
31
31
17
25
31
31
28
23
22
22
33
32
38
32
29
23
21
24
17
23
33
24
37
44
34
26
32
31
30
29
26
30
30
32
29
36
26
28
30
27
19
23
30
35
31
36
34
22
33
22
29
34
22
28
37
39
24
26
36
25
31
33
31
33
32
17
27
30
31
45
25
37
32
38
24
36
23
21
22
33
22
29
25
27
30
21
23
27
29
29
37
30
30
25
21
31
31
23
26
47
32
26
29
28
20
26
33
33
32
29
48
26
38
32
35
47
26
25
25
41
30
25
31
32
38
34
35
31
32
37
23
41
45
31
27
27
41
36
41
38
19
43
37
50
35
28
38
38
36
34
40
44
35
36
44
40
49
40
40
36
44
36
40
39
41
51
18
35
50
41
43
46
42
46
39
43
34
45
33
35
38
39
51
43
43
47
47
43
53
43
55
50
43
47
55
40
27
56
46
48
38
49
55
33
50
54
52
48
54
58
47
53
52
58
50
46
54
48
60
58
41
64
57
44
51
60
62
63
59
59
59
57
64
62
50
42
56
69
60
65
56
71
63
65
48
60
52
49
60
50
53
50
71
60
64
60
52
52
54
56
54
68
56
67
64
44
54
56
48
66
65
54
77
72
54
65
78
61
62
71
64
65
69
60
49
69
52
73
58
62
62
60
59
67
80
61
76
67
53
64
53
53
71
83
56
63
62
63
65
58
62
65
60
44
61
52
57
48
58
69
63
61
51
60
48
60
50
58
51
49
47
44
45
60
55
53
37
46
60
53
50
75
32
48
55
52
48
45
42
41
35
52
35
31
47
52
30
40
46
54
38
40
40
42
56
50
45
44
41
45
39
43
44
43
43
36
34
46
37
48
43
36
39
33
43
39
37
34
29
26
31
31
29
35
32
33
32
37
33
29
29
30
30
46
29
23
31
38
32
24
30
31
30
26
23
32
33
23
27
25
25
28
25
28
15
29
24
25
23
20
21
27
31
32
17
26
29
19
23
29
33
35
24
25
22
21
18
26
26
22
22
20
23
22
34
32
33
23
17
34
26
28
25
27
21
23
20
23
27
24
20
31
19
22
20
26
18
17
23
26
22
23
21
27
25
18
21
17
27
27
28
25
15
24
25
29
22
28
33
26
22
21
19
28
23
26
28
24
19
26
21
25
17
16
19
19
21
28
16
26
23
27
28
19
30
27
26
16
25
22
28
22
23
25
27
17
22
14
23
23
35
32
20
24
19
26
20
32
18
21
21
26
23
24
23
25
22
24
30
27
20
30
24
25
27
21
22
21
17
19
22
26
24
31
31
21
32
19
21
33
26
26
28
25
21
16
34
18
21
36
16
19
30
27
28
32
27
34
28
29
26
22
28
18
32
25
26
28
29
24
26
26
15
19
21
29
23
19
17
24
24
23
19
24
17
19
31
26
23
19
18
21
24
16
30
22
15
32
25
24
21
17
27
17
21
28
30
15
23
26
29
25
28
25
18
25
26
30
28
32
25
26
15
28
23
26
30
17
26
26
23
27
13
16
27
22
26
26
26
24
27
26
30
21
23
23
25
15
25
33
25
23
21
29
23
22
19
31
30
28
25
16
24
27
18
18
24
21
30
17
21
25
18
14
17
25
19
23
21
28
20
25
29
18
25
25
23
22
21
19
18
28
23
28
32
24
21
30
20
25
20
23
20
17
22
25
24
19
19
19
21
22
20
27
26
26
18
25
26
17
22
17
26
16
16
20
25
24
20
20
12
22
12
21
11
30
17
25
19
31
19
22
24
26
22
24
23
28
30
24
30
24
22
20
23
19
26
16
31
25
28
19
29
13
17
24
14
26
22
21
23
28
25
22
22
22
26
31
20
30
20
27
20
15
20
24
29
19
30
25
21
23
34
23
26
22
18
23
28
20
18
27
23
23
16
26
24
24
16
29
16
22
18
30
20
31
25
23
15
20
22
17
17
20
17
21
20
21
21
20
30
25
21
17
22
12
17
23
20
25
21
21
14
19
30
16
22
17
23
27
29
27
11
27
24
28
26
18
27
24
19
11
19
20
21
30
16
22
23
19
18
17
26
20
20
23
28
25
21
19
19
25
16
23
27
25
27
18
24
21
21
28
18
15
19
19
27
22
31
23
22
21
18
15
23
28
15
16
20
22
26
24
9
26
19
10
22
17
16
18
17
27
23
24
21
15
25
24
23
16
17
17
18
16
23
17
22
17
14
13
27
18
19
30
17
17
20
19
18
16
16
19
19
18
19
18
11
16
17
16
18
13
19
15
13
21
13
11
24
18
14
16
19
18
19
25
19
18
18
16
18
28
22
18
22
16
24
12
19
22
15
24
19
15
20
17
14
22
21
23
20
14
16
17
24
15
15
13
26
18
13
15
19
17
15
19
15
21
13
12
17
23
23
21
20
14
15
12
17
15
15
20
24
17
15
24
13
16
17
23
15
16
25
16
14
10
18
15
14
32
19
15
18
18
8
18
19
15
9
18
22
18
12
24
9
11
21
16
10
17
16
18
20
18
14
22
22
12
13
13
14
8
17
21
14
14
19
18
16
16
11
20
12
18
17
16
20
23
14
19
17
17
23
18
10
19
13
16
18
14
17
14
11
16
23
15
12
12
22
22
13
15
20
11
27
18
12
19
20
16
24
18
26
20
14
19
10
16
26
14
15
11
17
11
16
15
15
21
19
13
15
11
21
10
21
16
19
15
10
16
18
13
16
6
15
13
18
18
21
14
14
14
20
17
17
22
18
24
20
13
15
22
23
15
16
19
7
20
9
12
14
18
11
13
11
13
17
11
29
18
11
17
22
24
15
16
15
14
13
23
16
14
18
14
18
11
12
13
11
21
17
17
15
14
15
19
22
21
21
10
20
20
13
16
14
20
16
16
11
10
15
19
22
27
21
14
16
18
22
15
17
11
20
25
12
24
17
15
19
10
20
9
13
18
13
8
17
18
20
19
14
15
22
10
15
19
18
8
21
19
13
25
19
18
14
11
17
14
8
14
24
17
18
15
17
17
11
17
14
16
12
16
21
12
25
20
28
13
21
18
24
16
14
22
17
20
16
17
19
18
16
22
9
13
16
6
10
10
16
11
15
15
14
18
20
18
11
14
13
10
11
18
17
13
20
16
12
9
17
19
19
14
11
19
25
13
12
16
17
14
13
18
21
16
13
18
9
20
13
16
11
10
18
19
13
24
17
16
9
17
11
16
13
18
16
19
26
14
22
14
13
12
19
19
7
13
21
18
15
15
13
16
15
14
10
6
19
14
21
18
20
16
10
15
22
13
23
11
12
11
10
12
15
14
9
14
16
17
15
12
10
13
10
15
17
14
14
9
15
10
15
16
20
11
17
18
20
16
12
12
12
17
18
13
21
18
14
12
9
11
19
16
13
15
16
27
15
11
10
13
12
11
12
10
18
14
15
13
13
19
12
17
11
21
14
15
10
24
19
18
14
13
10
19
16
18
11
22
17
13
8
17
23
19
15
14
13
12
16
21
13
11
14
19
18
19
9
16
14
10
13
20
15
11
20
14
14
20
15
13
19
20
22
16
12
13
15
16
17
13
18
14
17
14
19
12
13
9
16
8
13
17
19
9
25
11
13
15
12
11
15
15
23
10
12
15
22
22
13
21
19
18
7
20
11
12
17
25
13
13
13
12
11
18
15
18
23
18
17
20
10
20
16
17
13
20
3
15
13
11
17
10
18
12
11
13
12
21
13
16
19
10
10
10
13
16
18
12
18
18
12
21
19
21
14
15
10
14
14
12
16
21
13
20
12
10
17
11
19
13
17
17
13
10
11
20
17
14
19
11
20
15
12
16
19
11
11
16
22
15
11
15
23
20
9
19
18
19
12
17
16
26
14
17
9
13
13
15
23
15
21
15
11
9
16
13
9
14
15
18
19
8
14
15
12
18
14
11
14
17
15
22
20
14
16
14
13
17
14
14
14
18
13
9
15
15
16
15
11
15
25
14
16
8
13
14
15
15
15
13
19
15
17
18
12
19
11
16
20
14
19
17
9
16
9
9
4
9
14
23
18
24
25
17
14
23
20
7
23
17
12
15
10
18
16
19
15
13
13
20
20
18
17
20
13
10
17
11
12
11
10
19
13
12
14
15
17
13
14
9
28
21
16
21
13
26
17
13
18
10
17
6
17
11
17
9
15
16
22
14
20
19
12
13
14
18
15
14
12
14
15
6
10
24
11
14
14
11
10
12
20
22
15
15
11
9
15
16
11
17
16
16
19
7
26
22
17
21
16
13
11
19
14
17
8
16
24
16
13
15
16
18
12
13
17
13
15
20
23
22
13
13
11
13
21
14
18
16
16
14
15
9
18
17
9
18
21
17
17
18
12
13
14
19
14
14
17
14
18
22
8
13
19
8
20
14
10
16
13
11
20
17
9
18
14
17
14
16
14
17
12
12
15
6
18
15
12
18
13
17
17
15
17
7
13
21
18
10
16
27
17
17
16
11
13
13
17
13
9
14
9
11
22
17
7
7
15
18
15
15
14
14
18
14
9
24
18
27
21
12
14
13
14
13
13
15
16
12
22
21
15
15
16
16
7
13
12
19
15
23
14
14
11
13
15
14
9
21
17
13
13
15
10
15
11
15
9
17
13
9
16
18
16
11
8
14
16
16
18
17
16
9
11
17
20
15
13
9
11
12
17
13
15
10
7
12
9
19
13
17
9
26
14
13
20
21
18
16
16
10
9
13
20
23
16
15
9
9
17
11
17
13
7
16
20
12
14
13
11
15
14
18
9
12
18
9
13
15
10
10
16
12
14
8
12
15
11
10
16
7
14
14
14
15
11
11
10
13
9
9
7
15
12
17
14
16
17
11
11
12
11
17
16
9
21
16
8
7
16
14
16
13
13
16
10
9
10
20
5
7
12
12
11
13
14
15
16
16
14
12
15
8
11
13
8
10
19
14
20
9
13
29
18
16
16
15
9
14
15
20
15
17
18
11
13
12
10
14
17
16
13
13
12
12
10
19
12
12
14
14
14
14
7
12
10
4
18
12
6
19
11
11
16
14
15
8
25
9
6
12
12
10
2
18
13
14
3
10
12
18
22
10
10
10
12
14
12
17
10
15
11
11
14
11
19
12
10
8
17
13
7
12
18
6
4
9
15
4
9
13
11
17
15
17
12
14
9
12
6
13
11
13
8
14
19
17
11
12
22
14
19
13
12
9
8
8
9
11
11
9
14
13
10
5
6
11
10
8
11
10
8
7
10
12
9
13
10
4
19
14
8
16
5
11
13
16
12
8
14
14
12
9
10
8
10
10
9
10
19
9
9
14
12
21
12
13
16
11
13
7
13
11
10
9
9
11
10
13
9
13
9
10
10
14
9
7
3
16
6
11
11
10
15
12
10
10
12
10
15
15
13
16
10
13
14
7
9
13
18
10
6
9
14
9
17
11
14
16
8
13
8
15
11
16
6
7
15
9
12
15
13
11
14
7
11
13
7
12
9
7
9
9
7
6
13
14
12
13
8
12
10
8
16
12
14
8
17
11
5
7
12
7
10
17
9
8
17
12
3
12
19
11
10
11
16
6
11
12
9
9
11
9
10
9
13
18
8
9
11
18
8
8
12
10
10
6
11
14
10
11
8
8
10
5
5
9
17
7
15
7
17
13
17
14
15
10
6
14
13
6
6
18
8
9
10
10
9
12
12
9
7
12
11
11
6
10
9
14
6
9
5
10
11
6
9
11
10
5
13
15
6
10
10
15
11
11
13
6
14
9
10
11
11
11
15
5
19
9
11
7
5
9
9
10
12
10
15
5
5
14
6
15
11
13
11
17
10
8
13
9
8
13
14
7
16
7
13
8
13
12
10
8
10
16
13
6
7
5
8
7
14
4
12
9
13
10
12
10
5
8
10
9
6
12
9
9
6
11
13
6
15
16
4
7
12
10
13
13
11
12
8
8
11
10
11
9
11
10
12
14
10
11
9
8
7
13
13
13
9
11
10
8
10
9
9
10
3
9
9
9
12
14
6
6
15
11
10
11
12
6
11
10
9
15
7
5
13
17
14
12
11
15
4
6
10
10
9
11
10
10
8
11
11
11
8
11
13
12
5
12
7
13
10
11
11
13
4
9
7
4
9
10
9
9
11
12
11
17
6
14
7
10
13
6
4
11
12
8
8
9
8
9
11
15
13
15
13
15
9
7
12
9
14
15
11
8
13
8
6
9
9
12
13
9
10
10
9
10
8
17
10
13
13
13
7
10
12
15
9
8
10
10
8
15
13
12
12
17
12
10
13
11
15
5
9
8
13
10
7
14
9
8
17
7
16
9
10
8
13
14
11
17
8
12
11
17
17
18
10
13
10
12
9
13
12
7
3
7
8
13
10
13
6
13
11
3
14
19
14
18
11
8
17
15
15
6
13
11
8
11
15
7
9
10
15
11
8
8
5
13
11
16
8
14
15
9
5
12
15
7
10
6
13
6
11
11
10
12
14
8
18
15
14
13
14
9
9
12
11
17
10
10
12
15
13
9
13
14
10
9
9
10
9
10
12
14
14
10
7
8
15
16
12
15
9
11
16
16
9
8
13
14
14
12
11
18
10
5
13
8
15
9
8
10
12
8
4
10
14
14
7
10
4
16
14
11
8
7
9
9
15
10
13
14
12
14
14
9
4
7
11
17
7
17
11
12
23
9
13
12
8
13
7
13
11
10
10
13
7
15
9
9
11
10
17
12
8
8
8
8
12
9
13
9
10
15
9
8
9
5
5
7
10
7
12
7
9
9
8
15
15
5
10
3
8
9
7
9
8
5
14
9
12
9
7
11
14
7
12
5
5
10
2
8
8
9
11
9
10
10
6
7
8
5
8
6
8
8
7
5
8
1
8
9
11
10
2
6
9
9
8
6
10
8
12
9
7
13
7
2
8
6
8
5
7
5
2
12
8
8
4
8
12
4
8
6
5
9
11
6
12
7
8
7
13
4
6
10
10
8
8
9
11
3
8
9
7
6
9
4
5
11
6
8
10
11
5
4
9
6
4
6
12
8
5
5
3
7
7
10
13
8
6
10
10
6
4
5
5
10
8
6
14
10
6
9
6
8
11
10
8
12
10
8
10
14
8
5
9
8
10
8
8
2
7
9
3
14
8
6
7
3
5
6
8
11
7
7
9
10
5
10
11
6
8
5
11
7
6
9
5
4
9
7
9
7
6
7
10
8
10
7
9
7
8
10
6
8
9
10
9
11
7
9
7
9
9
2
9
8
12
7
9
5
12
10
4
8
4
13
9
13
16
5
9
12
6
9
7
11
12
14
10
10
9
11
13
10
11
9
8
11
7
11
8
18
3
7
9
7
11
8
10
5
14
8
10
10
8
9
14
11
10
6
10
8
9
15
4
7
7
16
7
11
13
10
10
12
11
7
8
12
12
7
5
12
7
17
6
6
10
9
13
9
9
10
15
7
9
12
14
9
13
6
12
11
6
9
17
12
11
13
8
11
13
11
11
13
11
12
15
9
8
10
7
9
11
10
8
11
12
10
17
7
12
8
8
9
7
12
7
11
13
9
8
5
11
12
11
7
8
5
5
12
7
15
8
3
10
10
16
7
11
9
9
16
11
11
11
5
9
14
12
7
10
12
9
11
6
14
5
13
14
9
13
12
8
9
11
11
10
13
9
8
6
13
10
14
8
17
13
8
15
11
11
11
10
8
19
11
15
7
7
9
5
14
8
8
8
8
16
7
14
7
9
10
9
13
12
10
7
7
11
10
4
9
10
8
7
6
12
15
11
13
9
11
11
7
7
8
14
11
10
11
9
10
10
12
14
11
8
14
8
17
8
8
9
7
9
7
8
11
10
11
10
12
10
8
14
14
6
12
5
11
15
10
13
6
8
10
10
7
7
10
8
14
16
7
10
11
11
9
9
14
4
14
11
8
9
5
6
10
8
11
7
17
10
7
8
11
11
7
8
8
11
12
8
4
14
9
6
9
16
8
8
8
8
9
13
12
8
6
7
9
6
10
5
10
14
9
13
9
11
4
11
5
11
10
7
7
6
10
9
7
4
12
3
12
8
6
6
12
4
6
5
6
6
7
4
9
11
7
5
9
9
10
11
11
10
4
9
11
5
5
4
8
12
5
7
2
10
5
5
9
7
8
10
8
7
2
11
8
8
7
9
4
7
10
7
6
10
7
4
4
7
6
5
7
5
3
3
7
7
5
4
7
3
6
6
6
6
4
4
11
3
4
6
9
3
6
7
10
4
3
8
6
5
6
10
4
3
5
7
8
5
4
3
7
1
9
4
3
6
4
7
4
6
4
3
6
3
7
3
9
2
5
11
7
7
2
2
3
1
5
4
7
9
1
6
5
5
2
4
3
4
4
2
4
1
5
7
5
3
1
4
2
4
3
4
5
8
2
6
7
3
1
4
3
5
4
2
2
3
4
7
4
0
4
0
4
2
2
6
4
4
5
4
2
1
8
9
5
1
2
4
3
3
4
3
3
0
3
4
0
3
3
5
3
4
5
2
0
4
4
4
6
2
5
3
3
3
7
2
4
3
2
2
4
3
6
4
2
1
2
0
1
2
4
3
4
3
3
9
2
7
3
5
5
5
5
4
3
1
2
1
2
6
3
1
3
5
4
3
2
5
6
2
6
2
2
4
1
4
1
3
3
5
2
0
3
3
6
3
3
2
8
3
3
4
2
6
3
2
1
1
3
1
5
7
9
5
6
3
4
7
5
2
2
6
4
4
3
2
1
1
3
4
7
6
3
6
1
5
2
1
8
7
5
4
4
5
3
3
4
7
2
6
1
5
2
4
1
5
6
5
4
3
3
4
3
4
3
1
4
7
1
3
4
2
4
5
3
1
3
6
4
6
6
4
3
6
4
1
3
4
6
2
7
6
4
4
2
4
5
4
1
1
6
5
11
5
3
7
3
1
4
7
4
5
3
3
7
6
6
4
5
5
8
3
2
7
4
5
7
3
3
3
5
8
3
5
8
7
2
5
5
4
6
3
6
3
3
5
5
2
4
5
7
7
2
1
4
4
3
7
10
3
2
3
4
3
6
6
3
6
4
2
7
3
6
4
1
8
5
6
7
5
6
3
5
4
4
3
7
4
5
3
4
3
6
5
8
6
8
4
4
6
4
6
3
0
6
8
1
4
6
5
3
5
4
4
7
7
6
1
3
3
7
5
6
2
6
2
5
2
4
5
2
4
1
2
4
3
8
2
2
5
3
5
2
2
3
5
7
2
7
7
7
3
4
5
3
1
2
4
3
3
10
4
2
5
7
3
5
7
3
2
1
3
4
0
4
3
1
6
7
2
4
2
9
6
1
4
1
5
4
2
7
2
2
2
4
3
2
1
1
3
1
5
0
3
1
4
5
4
2
2
2
1
3
3
5
2
1
1
8
5
5
1
5
1
3
2
3
5
6
5
2
0
2
5
1
3
2
3
4
4
2
4
2
3
3
4
3
0
3
5
2
2
6
3
3
0
6
4
3
6
1
4
2
2
3
0
1
2
3
3
3
5
0
2
0
1
1
4
3
4
1
4
1
4
1
1
2
1
1
3
1
1
2
0
2
3
0
1
4
1
0
2
1
4
1
0
1
2
3
3
1
1
3
2
2
1
0
2
3
1
4
1
0
3
2
3
0
1
0
4
1
1
1
2
2
1
3
2
2
0
2
0
0
1
1
1
1
2
0
0
3
0
1
3
1
2
0
1
1
1
2
2
1
4
0
3
2
0
1
1
0
1
4
1
0
4
0
0
2
2
4
1
1
1
1
2
0
2
0
1
2
1
3
1
1
4
0
2
0
0
2
2
2
0
0
3
1
1
0
0
1
2
0
0
1
1
1
3
1
2
0
1
2
1
1
1
0
2
1
1
1
1
1
1
0
2
0
2
1
0
1
2
0
0
1
1
0
0
0
0
1
0
0
0
0
0
0
2
1
1
0
2
0
0
3
1
0
1
0
2
2
2
2
0
2
0
1
1
2
2
0
3
2
0
1
0
1
1
2
1
1
2
1
0
1
2
0
2
0
3
0
2
1
1
1
2
1
3
0
0
1
0
0
1
3
0
0
1
1
0
1
0
0
0
1
0
1
1
1
3
3
0
0
1
0
0
1
1
0
1
1
1
2
0
0
2
1
0
1
0
1
1
1
2
0
1
1
0
0
2
2
0
1
3
0
1
4
0
0
0
0
1
2
2
1
2
2
0
2
1
2
1
0
2
0
1
1
1
1
1
1
0
0
0
0
1
2
1
1
0
1
1
0
4
0
3
3
0
1
2
2
1
1
4
1
2
1
1
2
0
1
1
4
0
0
1
1
0
2
0
1
0
1
2
1
3
3
0
0
0
0
2
0
0
4
0
0
1
1
2
4
1
0
0
2
0
0
0
1
0
1
1
2
0
0
0
2
1
0
0
1
0
0
1
1
1
0
1
1
0
3
0
1
0
2
1
1
0
0
1
0
0
0
1
1
1
1
1
2
0
1
1
0
0
0
1
2
0
0
0
3
1
2
2
0
1
0
2
0
0
2
0
0
0
1
1
0
0
1
1
0
0
1
0
0
0
0
2
1
0
0
1
0
2
0
0
0
0
0
0
2
2
1
1
0
0
0
2
2
0
0
2
1
0
0
0
1
3
0
0
0
2
0
1
0
0
1
0
0
1
0
1
2
0
1
0
1
0
0
0
0
1
1
0
0
0
0
2
0
1
2
1
0
0
0
0
0
1
0
1
0
1
0
1
0
0
0
0
1
0
2
1
1
1
0
0
2
0
1
0
1
0
1
0
0
1
0
0
0
2
2
1
2
1
0
0
2
0
0
0
0
0
1
0
0
1
1
1
1
0
0
1
0
0
0
0
1
0
0
1
1
0
2
0
1
1
0
0
1
2
0
2
1
0
0
1
0
2
0
0
1
1
1
0
0
1
0
0
2
1
0
0
0
0
0
0
0
1
0
0
3
0
0
1
1
1
1
0
2
2
1
0
0
0
0
0
2
0
1
1
1
0
2
1
1
0
1
0
1
1
0
0
0
1
0
0
1
0
0
0
1
0
0
1
1
0
0
0
1
0
1
1
2
1
0
2
0
0
0
3
1
0
1
1
0
0
0
0
0
1
1
0
1
0
2
1
0
3
0
1
0
2
1
1
1
2
0
2
2
1
1
2
0
0
0
1
0
0
0
0
0
3
1
1
2
1
2
0
1
2
2
0
0
1
1
2
2
1
2
3
4
1
2
5
2
9
8
9
9
16
15
33
18
23
23
29
33
22
18
15
17
19
25
16
27
27
14
29
25
32
55
73
76
71
94
74
91
74
47
22
8
15
10
8
9
12
11
14
7
15
17
19
25
27
34
36
28
35
50
149
161
91
33
14
7
2
3
1
3
2
1
1
1
0
2
1
3
9
21
31
28
25
20
9
10
3
4
2
0
0
1
0
1
0
0
0
0
0
0
0
0
0
0
0
0
0
0
0
0
0
0
0
0
0
0
0
0
0
0
0
0
0
0
0
0
0
0
0
0
0
0
0
0
0
0
0
0
0
0
0
0
0
0
0
0
0
0
0
0
0
0
0
0
0
0
0
0
0
0
0
0
0
0
0
0
0
0
0
0
0
0
0
0
0
0
0
0
0
0
0
0
0
0
0
0
0
0
0
0
0
0
0
0
0
0
0
0
0
0
0
0
0
0
0
0
0
0
0
0
0
0
0
0
0
0
0
0
0
0
0
0
0
0
0
0
0
0
0
0
0
0
0
0
0
0
0
0
0
0
0
0
0
0
0
0
0
0
0
0
0
0
0
0
0
0
0
0
0
0
0
0
0
0
0
0
0
0
0
0
0
0
0
0
0
0
0
0
0
0
0
0
0
0
0
0
0
0
0
0
0
0
0
0
0
0
0
0
0
0
0
0
0
0
0
0
0
0
0
0
0
0
0
0
0
0
0
0
0
0
0
0
0
0
0
0
0
0
0
0
0
0
0
0
0
0
0
0
0
0
0
0
0
0
0
0
0
0
0
0
0
0
0
0
0
0
0
0
0
0
0
0
0
0
0
0
0
0
0
0
0
0
0
0
0
0
0
0
0
0
0
0
0
0
0
0
0
0
0
0
0
0
0
0
0
0
0
0
0
0
0
0
0
0
0
0
0
0
0
0
0
0
0
0
0
0
0
0
0
0
0
0
0
0
0
0
0
0
0
0
0
0
0
0
0
0
0
0
0
0
0
0
0
0
0
0
0
0
0
0
0
0
0
0
0
0
0
0
0
0
0
0
0
0
0
0
0
0
0
0
0
0
0
0
0
0
0
0
0
0
0
0
0
0
0
0
0
0
0
0
0
0
0
0
0
0
0
0
0
0
0
0
0
0
0
0
0
0
0
0
0
0
0
0
0
0
0
0
0
0
0
0
0
0
0
0
0
0
0
0
0
0
0
0
0
0
0
0
0
0
0
0
0
0
0
0
0
0
0
0
0
0
0
0
0
0
0
0
0
0
0
0
0
0
0
0
0
0
0
0
0
0
0
0
0
0
0
0
0
0
0
0
0
0
0
0
0
0
0
0
0
0
0
0
0
0
0
0
0
0
0
0
0
0
0
0
0
0
0
0
0
0
0
0
0
0
0
0
0
0
0
0
0
0
0
0
0
0
0
0
0
0
0
0
0
0
0
0
0
0
0
0
0
0
0
0
0
0
0
0
0
0
0
0
0
0
0
0
0
0
0
0
0
0
0
0
0
0
0
0
0
0
0
0
0
0
0
0
0
0
0
0
0
0
0
0
0
0
0
0
0
0
0
0
0
0
0
0
0
0
0
0
0
0
0
0
0
0
0
0
0
0
0
0
0
0
0
0
0
0
0
0
0
0
0
0
0
0
0
0
0
0
0
0
0
0
0
0
0
0
0
0
0
0
0
0
0
0
0
0
0
0
0
0
0
0
0
0
0
0
0
0
0
0
0
0
0
0
0
0
0
0
0
0
0
0
0
0
0
0
0
0
0
0
0
0
0
0
0
0
0
0
0
0
0
0
0
0
0
0
0
0
0
0
0
0
0
0
0
0
0
0
0
0
0
0
0
0
0
0
0
0
0
0
0
0
0
0
0
0
0
0
0
0
0
0
0
0
0
0
0
0
0
0
0
0
0
0
0
0
0
0
0
0
0
0
0
0
0
0
0
0
0
0
0
0
0
0
0
0
0
0
0
0
0
0
0
0
0
0
0
0
0
0
0
0
0
0
0
0
0
0
0
0
0
0
0
0
0
0
0
0
0
0
0
0
0
0
0
0
0
0
0
0
0
0
0
0
0
0
0
0
0
0
0
0
0
0
0
0
0
0
0
0
0
0
0
0
0
0
0
0
0
0
0
0
0
0
0
0
0
0
0
0
0
0
0
0
0
0
0
0
0
0
0
0
0
0
0
0
0
0
0
0
0
0
0
0
0
0
0
0
0
0
0
0
0
0
0
0
0
0
0
0
0
0
0
0
0
0
0
0
0
0
0
0
0
0
0
0
0
0
0
0
0
0
0
0
0
0
0
0
0
0
0
0
0
0
0
0
0
0
0
0
0
0
0
0
0
0
0
0
0
0
0
0
0
0
0
0
0
0
0
0
0
0
0
0
0
0
0
0
0
0
0
0
0
0
0
0
0
0
0
0
0
0
0
0
0
0
0
0
0
0
0
0
0
0
0
0
0
0
0
0
0
0
0
0
0
0
0
0
0
0
0
0
0
0
0
0
0
0
0
0
0
0
0
0
0
0
0
0
0
0
0
0
0
0
0
0
0
0
0
0
0
0
0
0
0
0
0
0
0
0
0
0
0
0
0
0
0
0
0
0
0
0
0
0
0
0
0
0
0
0
0
0
0
0
0
0
0
0
0
0
0
0
0
0
0
0
0
0
0
0
0
0
0
0
0
0
0
0
0
0
0
0
0
0
0
0
0
0
0
0
0
0
0
0
0
0
0
0
0
0
0
0
0
0
0
0
0
0
0
0
0
0
0
0
0
0
0
0
0
0
0
0
0
0
0
0
0
0
0
0
0
0
0
0
0
0
0
0
0
0
0
0
0
0
0
0
0
0
0
0
0
0
0
0
0
0
1
0
0
0
0
0
0
0
0
0
0
0
0
0
0
0
0
0
0
0
0
0
0
0
0
0
0
0
0
0
0
0
0
0
0
0
0
0
0
0
0
0
0
0
0
0
0
0
0
0
0
0
0
0
0
0
0
0
0
1
0
0
0
0
0
0
0
0
0
0
0
0
0
0
0
0
0
0
1
0
0
0
0
1
0
0
0
0
0
0
0
0
0
0
0
0
0
0
0
0
0
0
0
0
0
0
0
0
0
0
0
0
0
0
0
0
0
1
0
0
0
5
15
23
14
26
