15
12
10
9
5
4
7
5
8
11
17
10
6
19
14
17
30
22
27
28
29
42
43
40
56
60
45
59
65
69
89
88
95
129
107
132
149
159
123
136
147
149
128
141
146
122
135
102
99
106
96
108
98
111
94
132
148
180
150
172
211
226
244
257
247
295
292
315
340
337
353
333
340
305
306
285
315
299
265
310
251
290
291
280
304
309
325
352
318
373
358
386
376
365
399
331
330
302
308
319
265
226
229
209
191
188
195
150
156
140
122
112
98
88
84
76
73
52
61
55
67
64
48
49
35
32
48
38
31
27
36
35
41
45
35
57
56
56
60
48
53
59
81
68
52
73
78
71
64
96
106
100
108
122
132
113
127
165
164
167
173
178
220
192
244
222
235
286
239
293
312
302
310
337
342
366
376
369
319
372
374
404
406
421
441
437
497
507
544
533
541
566
562
624
696
605
646
686
727
748
794
812
874
890
943
934
1126
1110
1171
1251
1219
1380
1363
1420
1566
1511
1605
1759
1709
1731
1887
1922
1985
1987
2055
2019
2032
2078
2098
2134
2113
2134
2102
2046
2090
2031
2024
1958
2006
1861
1827
1737
1610
1604
1579
1473
1435
1357
1351
1196
1108
1039
975
858
895
753
721
646
591
515
495
427
409
415
349
329
282
248
230
193
182
142
110
118
110
93
84
76
66
55
50
61
42
42
39
32
32
19
30
45
14
23
30
17
28
22
20
17
18
18
19
18
16
22
17
19
14
16
21
10
12
14
13
10
16
11
20
16
10
10
14
18
23
17
20
15
20
14
12
21
14
13
13
20
22
12
8
15
16
10
17
17
14
13
18
14
14
11
15
18
12
14
15
15
15
11
9
14
14
12
10
8
17
14
13
11
14
17
20
18
15
23
11
10
10
16
18
8
16
11
12
23
10
13
11
18
11
16
13
13
11
13
17
13
15
13
15
23
13
14
13
9
10
14
9
16
16
20
12
5
10
13
11
9
17
18
15
19
20
18
14
15
12
16
10
13
16
12
14
12
16
16
12
8
16
14
10
13
20
13
12
13
17
14
11
8
8
11
8
11
2
11
13
10
11
7
11
5
13
10
13
13
9
12
19
13
15
18
14
9
9
8
12
21
8
16
13
9
15
14
11
15
16
9
8
8
12
14
10
7
15
16
11
12
15
12
9
17
10
14
9
13
15
6
11
5
6
6
14
10
14
13
16
9
18
10
15
10
17
8
9
7
10
10
12
8
7
11
8
17
7
14
17
14
15
8
10
9
5
6
4
6
12
16
10
9
5
10
8
9
4
7
17
10
8
14
8
9
7
9
12
9
7
5
8
10
9
10
7
13
13
5
9
10
9
9
8
12
5
6
10
9
10
9
18
8
13
5
3
9
6
3
8
14
6
6
14
6
7
8
10
7
4
6
6
8
7
3
7
9
10
7
12
6
12
3
4
13
9
11
11
12
7
13
11
4
7
7
3
13
6
7
3
4
6
5
8
12
4
10
10
19
13
6
10
10
8
7
6
7
14
9
3
6
9
15
3
3
6
8
7
5
7
3
9
11
4
9
8
7
10
8
7
6
2
3
13
9
8
7
8
7
10
12
2
8
9
16
6
7
4
13
6
5
6
7
6
5
9
6
7
12
6
13
9
8
8
6
6
7
7
8
10
9
7
6
5
6
5
5
10
5
9
7
12
9
7
5
3
7
5
8
6
9
8
4
12
3
5
6
8
5
7
7
3
7
6
8
9
5
2
6
3
7
6
3
7
13
7
5
13
8
6
3
6
11
11
5
5
2
5
8
4
10
4
4
10
9
8
10
2
4
6
3
14
5
8
5
4
4
6
4
4
9
5
11
4
5
4
8
5
4
6
4
5
6
8
6
5
2
7
6
13
8
3
5
10
4
6
8
7
6
4
6
7
7
2
8
3
8
4
4
5
4
7
8
6
7
8
4
3
11
1
7
9
7
2
5
7
5
3
4
5
11
9
4
4
5
9
8
6
4
6
4
5
2
4
10
7
9
9
9
2
10
7
4
3
5
4
8
4
5
10
5
6
2
4
1
9
4
7
8
7
7
6
6
9
0
5
3
6
3
6
10
8
6
7
7
7
3
7
6
4
7
9
8
5
7
4
2
8
5
4
4
6
3
5
3
3
4
5
6
7
8
8
7
7
4
5
5
4
3
9
3
7
5
7
5
8
6
3
3
8
3
2
5
7
3
10
7
3
2
5
8
6
3
7
2
3
5
5
4
4
7
3
9
7
10
8
5
9
6
7
3
5
5
6
7
8
3
4
3
5
6
9
7
4
6
5
5
3
4
6
2
10
8
5
3
6
9
7
3
3
0
5
4
6
7
6
3
3
3
4
5
4
4
3
4
9
7
2
8
5
4
5
5
4
3
3
2
3
3
5
3
6
5
5
2
6
4
5
5
2
3
4
4
4
2
5
2
0
4
11
2
2
6
4
6
3
8
4
3
1
5
2
6
3
4
3
5
1
5
1
3
6
5
6
6
3
1
2
4
5
4
1
4
5
1
5
4
2
3
5
9
2
4
6
4
3
5
2
1
9
4
5
3
3
3
4
2
3
4
4
2
4
1
7
3
1
3
4
6
3
3
2
5
3
2
2
1
2
3
3
3
2
4
2
2
5
2
3
5
5
4
0
4
1
4
5
3
4
4
5
6
4
4
1
3
5
4
2
4
4
5
1
5
6
2
3
6
7
3
4
1
5
5
7
1
7
3
3
5
6
5
2
2
3
3
3
3
2
2
3
1
5
1
7
2
7
5
4
4
3
2
5
3
0
2
4
3
3
3
4
4
4
0
3
4
5
3
1
2
5
2
5
2
4
11
2
6
1
4
5
6
4
1
2
2
0
3
1
0
3
4
3
0
2
5
7
3
1
3
1
3
6
4
3
2
3
1
4
1
2
5
4
4
5
4
8
2
0
9
2
4
3
7
6
4
5
1
6
3
5
5
2
1
1
5
3
2
2
3
1
5
2
3
2
1
0
3
3
5
2
4
1
2
2
3
3
3
2
2
4
2
4
2
3
3
2
3
6
2
8
3
2
9
2
3
4
2
5
0
2
2
7
2
5
4
1
5
1
4
3
2
6
4
6
2
6
1
3
2
1
5
4
1
3
3
1
4
1
1
2
2
6
6
1
3
3
1
6
1
5
4
2
5
2
2
5
5
2
5
6
6
0
4
1
1
4
1
7
3
2
1
3
1
1
1
1
5
3
5
3
3
2
1
4
4
7
4
1
3
2
4
5
2
2
3
4
6
2
4
4
2
1
5
2
3
3
4
1
0
2
1
5
3
2
5
6
2
1
5
2
4
1
3
1
3
3
0
1
2
4
3
3
2
3
3
1
4
0
2
2
4
2
2
0
1
2
5
2
6
1
4
2
5
2
4
6
3
2
2
2
6
2
3
0
4
3
2
5
4
4
4
2
2
1
2
3
0
2
2
3
1
1
1
1
1
4
2
2
2
4
3
2
3
1
4
3
2
0
2
0
0
2
2
1
4
2
0
4
1
4
3
1
4
1
2
2
0
4
3
3
3
4
1
6
6
4
4
1
3
3
3
4
1
1
4
1
1
0
0
1
2
5
6
5
3
2
3
1
2
3
1
4
4
0
3
3
2
4
1
2
2
2
6
2
3
1
0
1
3
2
3
0
1
6
3
3
3
1
0
3
2
2
2
1
0
3
0
3
1
2
1
3
1
1
1
4
2
5
1
1
1
4
1
2
2
1
3
4
4
0
2
1
0
3
4
6
1
4
3
1
1
4
0
3
2
4
1
3
3
0
3
1
2
1
7
3
0
1
1
2
3
1
0
4
1
2
1
1
1
0
4
6
1
2
2
2
4
1
3
2
2
0
1
0
2
0
2
1
1
3
4
6
1
2
1
3
1
2
0
3
1
1
1
2
0
1
1
0
1
2
0
1
2
0
2
2
4
4
1
4
1
2
4
0
2
1
2
2
1
0
3
5
0
1
1
0
3
3
2
3
1
0
0
1
3
3
1
4
2
1
3
5
0
5
4
2
1
1
1
4
2
2
0
4
2
1
2
4
3
1
2
1
1
1
0
3
1
2
4
1
2
1
1
2
2
1
0
2
2
2
5
0
1
1
1
1
2
0
2
1
3
1
3
4
0
2
2
1
1
1
3
1
0
3
4
2
1
4
2
2
4
2
0
2
2
6
1
2
1
2
3
0
3
0
3
0
3
0
1
3
3
2
1
3
0
1
4
1
2
1
2
3
2
4
1
2
5
1
0
2
1
5
1
0
1
2
1
3
1
3
1
1
0
1
2
0
1
1
2
3
2
1
3
1
1
2
2
2
1
2
1
2
3
2
3
2
1
0
1
1
1
1
1
1
0
3
1
3
2
0
0
0
0
3
1
1
0
3
0
0
1
2
1
1
0
3
2
2
1
1
1
0
0
1
2
0
1
1
1
0
3
1
2
2
4
2
0
0
4
1
2
3
1
0
4
2
2
3
1
0
1
1
0
2
1
2
2
1
1
2
1
2
1
1
1
2
0
2
0
1
1
3
1
0
3
6
2
0
1
1
5
1
2
4
4
1
1
1
1
3
2
3
1
3
0
1
2
1
1
0
1
1
1
1
2
1
0
1
1
0
0
2
0
1
1
3
0
2
2
3
2
4
0
3
0
1
1
1
1
2
2
1
1
3
0
1
2
0
1
2
1
0
3
3
1
3
3
1
2
2
3
0
1
0
0
2
1
1
1
2
1
2
1
3
1
5
2
1
1
3
0
0
1
1
1
1
0
1
1
1
0
1
2
0
2
0
1
3
0
0
1
1
0
0
4
3
2
0
0
3
1
1
2
5
2
2
1
1
3
1
0
1
0
1
0
3
2
1
2
1
3
2
3
4
1
1
0
1
5
1
0
0
2
4
4
1
0
2
1
0
2
0
2
0
2
0
1
1
0
2
1
0
1
1
0
1
0
2
1
2
1
2
4
1
0
0
1
1
1
2
2
0
3
3
2
2
2
5
0
2
0
0
2
1
1
0
2
2
1
2
0
0
1
1
1
1
2
0
1
1
1
4
3
2
0
0
1
0
0
2
0
1
2
3
0
0
1
1
0
1
0
1
0
1
1
0
2
1
2
2
1
2
3
0
0
0
1
0
0
1
2
1
2
0
0
1
2
0
1
0
2
2
1
3
2
0
2
0
1
0
3
1
1
1
0
1
1
1
1
1
0
1
2
3
2
2
1
2
3
0
2
1
0
1
3
2
1
0
1
3
1
2
0
3
3
0
2
2
2
0
2
0
1
2
0
0
0
2
0
1
1
3
2
2
1
1
1
0
0
1
2
1
1
0
1
2
1
1
2
1
0
0
1
1
1
1
1
1
0
1
2
4
0
1
0
1
1
2
0
0
0
1
1
0
0
1
0
0
0
0
1
0
3
1
3
1
0
1
1
2
3
0
1
1
2
0
1
0
2
1
2
0
0
1
2
1
1
2
1
0
0
2
0
0
1
0
2
1
2
1
1
3
1
3
3
1
2
0
5
3
2
1
3
1
1
0
1
1
0
0
1
0
3
4
2
2
1
4
1
0
3
2
0
1
1
0
1
1
0
2
2
1
2
0
3
2
2
0
1
1
0
2
1
0
4
1
1
2
1
0
3
1
0
1
2
1
2
2
1
1
0
2
0
2
2
1
1
1
2
3
3
2
0
0
1
2
1
1
1
0
0
4
1
2
2
2
2
1
1
1
3
0
0
2
4
0
3
2
2
2
0
5
1
1
0
2
2
1
1
2
1
1
2
3
4
5
0
0
0
1
2
1
2
2
1
2
2
2
1
0
1
0
2
0
1
3
1
0
1
1
3
3
5
2
6
0
2
1
3
0
1
2
3
5
1
2
3
4
1
2
4
0
2
5
0
2
3
3
2
1
1
3
2
0
0
1
3
3
2
3
2
2
1
0
0
1
0
5
3
2
4
4
2
1
3
4
4
3
2
3
6
2
0
2
3
4
3
2
1
1
0
6
4
4
5
1
3
2
1
1
1
0
1
3
3
1
1
2
1
3
7
1
1
4
3
2
3
1
6
2
0
1
3
6
1
2
6
6
2
3
2
4
5
4
1
7
2
2
4
4
2
7
2
1
1
2
3
1
0
2
0
3
2
6
2
5
6
2
2
1
7
5
2
2
2
6
1
1
6
4
3
5
1
2
0
1
3
3
2
2
1
3
2
2
2
5
3
3
1
2
2
3
1
4
1
1
2
2
0
2
2
4
3
1
3
3
0
2
2
0
2
3
2
0
4
4
3
2
4
3
3
4
5
0
4
0
1
4
2
3
1
3
1
0
4
4
2
3
3
0
1
1
2
2
0
1
0
3
3
1
1
2
0
2
0
0
0
0
1
1
3
2
2
3
1
2
1
1
0
4
0
2
2
0
0
0
2
1
2
3
0
4
0
0
0
2
1
1
1
2
0
1
1
1
0
4
0
2
1
1
1
0
1
0
0
2
0
0
1
0
1
0
0
0
2
0
1
0
1
0
1
0
2
0
1
0
0
1
0
1
0
1
0
1
0
0
0
1
1
1
1
0
0
0
2
2
1
1
3
0
1
0
1
0
0
0
0
0
1
1
1
0
1
1
0
0
0
0
2
1
0
2
0
1
4
0
1
0
0
3
0
0
1
0
1
2
1
1
4
0
1
0
0
0
0
1
0
2
1
0
0
0
0
0
0
0
2
0
0
0
0
0
1
1
0
0
0
0
0
0
1
1
2
1
0
0
1
1
1
1
0
0
0
1
0
0
0
2
0
1
1
1
0
0
0
0
2
1
2
0
0
1
1
0
0
1
1
1
0
0
0
0
0
0
2
0
0
0
0
0
1
0
0
2
1
0
0
1
0
0
0
0
0
0
1
0
0
0
1
1
0
1
1
1
0
1
0
2
0
1
0
0
0
0
0
1
1
0
1
0
1
1
0
0
1
0
0
0
1
1
0
0
0
0
2
0
0
2
0
0
1
0
0
2
1
1
0
0
0
0
0
0
0
0
1
0
0
0
0
0
0
0
0
0
0
0
1
0
0
0
0
0
0
0
1
0
0
2
0
1
1
1
1
0
1
0
0
1
1
1
0
1
0
0
0
0
1
2
0
2
1
0
1
0
0
0
1
1
1
0
2
0
0
0
0
0
0
0
0
0
1
1
0
0
1
0
0
0
1
0
0
0
1
1
0
1
1
0
0
1
0
0
0
0
0
0
0
0
1
2
0
0
0
1
0
1
1
1
2
0
1
0
0
1
0
0
0
0
0
1
0
1
3
1
1
0
0
0
0
1
0
1
1
1
0
0
0
0
0
0
1
0
0
0
0
0
0
0
1
0
2
0
0
0
0
0
0
0
1
0
0
0
1
0
0
0
0
0
0
1
1
0
1
0
0
0
1
0
1
0
0
0
0
2
0
0
1
0
0
0
0
0
0
2
0
0
0
1
0
0
1
1
0
0
0
2
0
0
0
0
1
0
1
0
0
0
0
0
0
0
1
0
0
0
0
0
0
0
0
1
1
0
0
0
0
2
1
1
0
1
0
0
0
1
0
0
2
1
0
1
0
1
0
0
1
1
0
0
1
0
0
0
0
0
0
0
1
2
0
0
2
0
1
0
0
1
0
0
0
0
1
0
0
1
2
1
1
1
1
0
0
0
0
0
0
2
0
0
0
0
1
0
0
0
0
0
0
0
2
0
1
0
3
0
2
2
1
0
0
0
0
1
0
0
0
0
0
0
0
0
0
1
0
0
0
0
0
0
0
0
0
0
1
2
1
0
1
0
0
1
2
0
1
1
0
0
1
1
1
0
1
0
0
1
0
1
0
1
1
1
1
0
2
2
0
1
1
1
0
0
0
0
1
1
0
0
1
1
0
0
0
0
0
1
0
0
0
0
0
1
0
0
0
0
0
0
0
0
0
0
0
0
0
0
0
0
0
0
1
0
0
0
0
1
0
0
1
0
2
0
0
1
1
1
0
1
0
0
0
0
0
0
0
0
0
2
1
0
0
0
3
2
0
1
2
1
0
0
1
0
0
0
0
0
0
0
0
1
0
2
0
0
0
1
0
0
0
0
0
0
0
0
1
0
0
0
0
0
0
0
0
0
0
0
0
0
0
2
0
0
1
2
0
1
1
0
0
0
0
0
1
0
1
0
0
0
0
0
0
0
0
0
0
0
0
2
1
0
0
0
0
0
0
0
1
0
1
2
1
0
0
0
1
0
0
1
0
1
1
0
0
0
1
1
0
1
0
1
0
0
0
0
0
0
0
1
0
0
0
0
0
0
0
3
1
1
1
0
2
0
0
0
0
2
0
2
0
1
0
0
1
0
0
1
0
1
0
0
0
0
0
0
0
0
0
0
1
1
0
2
0
0
0
1
0
1
0
0
1
0
0
0
0
1
1
0
1
0
0
0
0
1
2
0
0
2
0
1
2
0
0
0
0
0
2
0
0
0
1
1
1
1
0
0
1
0
1
0
0
0
0
0
1
0
1
1
0
0
0
1
0
0
0
1
1
1
1
0
0
1
0
3
0
0
0
0
0
1
0
0
1
0
1
0
0
0
0
0
2
1
0
0
0
1
0
0
0
0
1
0
0
0
0
0
0
0
1
1
1
0
1
0
0
1
0
0
0
0
3
0
0
2
0
0
1
0
0
0
0
0
0
0
0
3
0
1
0
0
0
0
0
0
0
1
0
1
0
0
0
0
0
0
0
1
0
0
1
0
1
0
0
0
0
1
0
0
1
1
2
1
0
1
1
1
0
0
0
0
0
1
1
0
0
1
0
2
0
0
1
1
0
0
0
0
1
0
0
0
1
0
1
0
0
0
1
0
0
0
1
0
0
0
0
1
0
0
1
0
0
0
0
1
0
1
0
0
0
0
0
0
0
0
0
0
3
1
0
0
0
0
0
0
0
0
2
0
0
2
0
0
0
0
0
2
1
0
0
0
0
0
2
0
0
0
0
0
0
1
0
0
1
0
0
1
1
0
1
0
0
0
0
0
0
0
1
0
0
0
2
0
2
0
0
0
0
0
1
0
0
0
1
0
0
0
1
0
1
0
0
0
0
0
0
0
0
0
1
2
0
0
0
2
0
1
0
0
0
0
1
0
1
0
0
0
1
0
0
1
0
1
0
0
0
1
0
0
0
0
0
0
1
0
0
0
0
1
1
0
0
0
2
1
1
0
0
0
1
0
0
0
0
0
0
0
0
0
1
1
0
1
0
0
0
0
0
0
0
0
0
1
0
0
0
0
0
0
0
0
0
0
0
0
0
0
0
0
0
0
0
0
1
1
1
0
1
0
0
0
1
0
0
0
2
0
0
0
0
0
1
1
0
0
0
1
0
1
0
0
0
0
0
0
0
0
0
1
0
0
0
1
0
0
0
0
1
0
0
0
0
1
0
0
0
0
0
0
0
0
0
0
0
1
1
0
0
0
1
0
0
1
0
0
0
1
0
0
0
0
0
1
0
0
0
0
0
2
0
0
0
0
0
1
0
1
0
0
1
0
0
0
1
1
0
0
0
0
0
1
0
0
0
0
1
1
0
0
1
0
1
1
0
1
0
0
0
0
0
0
0
0
0
0
0
0
1
0
1
0
1
0
0
1
0
0
0
0
1
0
0
0
2
0
0
0
0
0
0
0
0
0
1
0
0
1
0
1
1
0
0
0
0
1
1
0
0
0
0
1
0
0
0
0
0
0
0
0
0
0
0
0
0
1
0
0
0
0
0
2
1
0
0
0
1
0
2
0
0
2
0
0
0
1
0
0
1
2
1
0
0
0
0
1
0
0
0
0
0
1
0
1
1
0
1
2
1
0
1
0
1
1
0
0
1
0
1
0
0
0
0
1
0
2
1
0
1
0
0
0
0
0
0
0
0
0
0
0
0
0
0
0
0
0
0
0
0
2
1
0
1
1
1
0
0
0
0
0
0
0
0
0
1
0
0
0
0
0
0
1
1
0
0
0
0
0
0
0
1
0
0
1
0
0
0
0
0
0
0
0
0
0
0
1
0
0
1
0
0
0
0
0
0
1
0
0
0
0
1
0
0
0
0
1
0
0
1
2
0
0
0
0
0
0
0
0
1
0
0
0
0
1
0
0
0
0
0
1
1
0
0
0
1
0
0
0
0
0
0
0
0
0
0
0
0
1
0
0
1
1
0
0
1
0
1
0
0
1
0
0
1
0
0
0
0
1
0
1
0
0
0
0
0
0
0
0
1
0
0
0
1
1
0
1
0
1
0
0
0
1
0
1
0
1
0
1
0
0
0
0
0
0
2
0
0
1
0
0
0
0
0
0
0
1
1
0
0
0
0
0
1
0
0
0
0
0
0
0
0
2
0
1
0
1
0
0
0
0
0
0
0
0
0
1
1
1
1
0
1
0
1
0
0
1
0
0
0
1
1
0
0
0
0
1
0
0
0
0
0
0
0
0
1
0
0
0
0
0
1
0
1
0
1
0
0
0
0
1
0
0
1
0
1
0
0
0
1
1
1
1
1
0
1
0
1
0
0
0
1
0
0
0
0
0
0
0
1
0
1
0
0
0
0
0
0
0
0
0
2
1
0
0
0
1
0
0
1
0
0
3
0
0
0
0
0
1
0
0
0
0
0
0
1
1
0
0
1
0
0
0
0
0
0
0
0
0
0
0
1
0
0
0
0
0
0
0
0
0
1
1
0
0
0
0
1
0
0
0
1
0
0
0
0
0
1
1
0
0
0
0
0
1
0
0
0
1
0
0
0
0
0
0
0
1
0
0
1
0
0
1
0
0
0
0
0
0
0
0
0
1
0
0
0
0
0
0
0
1
0
0
0
0
1
0
0
0
0
1
1
0
0
0
0
0
0
0
0
0
0
1
1
0
0
0
0
0
0
0
0
0
0
0
0
1
1
2
0
0
0
0
0
0
2
0
0
1
1
1
1
0
0
0
0
0
0
0
0
0
0
0
1
0
0
0
2
0
0
0
0
0
0
0
1
0
0
0
0
0
0
0
0
0
0
0
1
1
0
1
1
0
0
0
0
0
0
0
0
0
0
0
0
1
0
0
1
0
0
1
0
0
0
0
0
0
0
0
1
0
2
0
0
0
1
0
0
1
0
1
0
0
0
1
1
0
0
0
0
0
1
0
1
0
1
0
0
1
0
0
0
0
0
0
0
0
0
1
3
0
0
0
0
0
0
0
0
0
0
1
0
0
0
1
0
0
0
0
0
0
0
0
0
0
0
1
0
0
1
0
0
0
0
0
0
0
0
0
0
0
0
0
0
0
1
0
0
0
0
2
0
0
0
0
0
0
0
0
0
2
0
0
0
0
0
0
1
0
0
2
0
0
0
1
0
0
0
1
0
0
0
0
0
0
1
0
2
0
0
0
0
0
0
0
0
0
1
0
0
0
0
0
0
0
0
0
0
0
0
0
0
0
0
0
0
0
0
0
0
0
0
0
0
1
0
0
0
0
0
0
0
0
0
0
0
0
0
0
0
0
0
0
0
0
0
0
0
0
0
0
0
0
0
0
0
0
0
0
0
1
1
0
0
0
0
0
1
0
0
0
0
0
0
0
1
1
0
0
0
0
0
0
0
0
0
2
0
0
0
0
0
0
0
0
0
0
0
0
0
1
0
0
0
0
0
0
0
0
1
0
0
0
0
0
0
1
0
0
1
0
0
0
0
0
0
0
1
0
0
0
0
0
0
0
0
1
0
0
0
0
0
1
0
0
0
0
0
1
0
0
0
0
0
0
2
0
1
0
0
0
1
0
0
2
1
0
0
0
0
0
0
0
0
0
1
0
0
0
0
0
0
0
0
0
0
0
0
0
0
0
0
0
1
0
0
0
0
0
0
0
0
1
0
0
0
0
1
0
0
0
0
0
0
0
1
1
0
0
0
0
0
0
0
0
1
0
0
0
1
0
0
0
0
1
0
0
0
0
1
0
0
0
0
0
0
0
1
0
0
1
0
0
0
0
0
0
1
0
0
0
0
1
0
1
0
1
0
0
0
0
0
0
0
0
2
0
0
1
0
0
1
0
1
0
0
0
0
0
0
0
0
0
0
0
1
0
0
0
0
0
0
0
1
0
0
0
0
0
0
0
0
0
0
0
0
0
0
0
1
0
1
0
0
0
1
1
0
0
0
0
0
0
0
0
1
0
0
0
0
1
0
0
0
0
0
1
0
0
0
0
0
1
0
0
0
0
1
0
0
0
0
0
0
1
0
0
0
0
0
0
0
1
1
0
0
0
0
0
0
0
0
0
0
0
0
0
0
0
0
1
1
0
0
0
0
0
1
0
1
0
0
0
1
0
1
0
0
1
1
0
0
1
0
0
0
1
0
0
0
0
0
0
0
0
0
0
0
1
0
0
0
0
0
0
0
1
0
0
0
0
0
0
1
0
0
0
0
0
1
0
0
0
0
0
0
0
0
0
0
0
0
0
0
0
0
0
0
0
1
0
0
0
0
0
0
0
0
0
1
0
0
0
0
0
0
0
0
0
0
0
0
0
0
0
0
0
0
0
0
0
0
0
0
0
0
0
0
0
0
0
1
0
0
0
0
0
0
0
0
0
0
0
0
0
0
0
0
0
0
0
0
0
0
0
2
1
0
1
0
1
0
0
0
1
1
0
0
0
0
0
0
0
0
0
0
0
0
0
0
0
0
0
0
0
0
0
1
0
0
0
0
0
0
0
0
0
0
0
0
0
0
0
0
0
0
0
1
1
0
0
0
1
1
0
1
0
0
0
0
0
0
0
0
1
0
0
0
1
0
0
0
0
0
0
0
1
1
0
0
0
0
0
0
0
1
0
0
0
0
0
0
0
0
0
0
1
0
0
0
0
0
1
0
0
0
0
2
0
0
0
1
0
0
0
1
0
0
0
1
0
1
0
0
1
0
2
0
0
0
1
0
0
0
0
0
0
1
0
0
0
0
0
0
0
0
0
0
0
1
0
1
1
0
1
0
1
0
0
0
0
0
0
1
0
0
0
0
0
0
0
0
0
0
1
0
0
1
1
0
0
0
0
0
0
1
1
0
0
0
0
0
1
0
0
0
0
0
0
0
0
0
0
0
0
0
0
1
0
0
0
0
0
0
0
0
1
0
0
0
1
1
1
0
0
0
1
0
0
0
1
0
1
1
0
0
0
0
0
0
0
0
0
0
1
0
0
0
0
0
2
0
0
0
0
0
0
2
0
1
0
1
1
0
0
0
1
0
0
0
0
2
0
0
0
0
0
1
0
0
0
0
0
0
0
0
0
0
0
0
0
0
0
0
0
0
0
0
0
0
0
0
0
0
0
0
1
0
0
0
0
0
1
0
0
1
0
0
0
0
0
0
0
0
0
0
0
1
0
0
1
0
0
0
1
0
1
0
0
0
1
0
0
1
0
1
0
0
0
0
1
0
1
0
0
0
0
0
0
0
0
0
0
0
1
1
0
0
0
0
1
1
0
0
0
0
0
0
0
0
0
0
0
0
0
0
0
0
0
0
0
1
0
0
0
0
0
0
0
0
0
0
0
0
1
0
1
0
0
0
0
0
0
0
0
1
0
0
0
0
0
1
0
0
0
0
0
0
0
0
0
0
0
0
0
0
0
0
0
0
0
0
0
0
0
0
0
0
0
0
0
0
0
0
0
0
0
0
0
0
0
0
0
0
0
0
0
0
0
0
1
0
0
0
0
0
0
0
0
0
0
0
0
0
0
0
0
0
0
0
0
0
0
0
0
0
0
0
0
0
0
0
0
0
0
0
0
0
0
0
0
0
0
0
0
0
0
0
0
0
0
0
0
0
0
0
0
0
0
0
0
0
0
0
0
0
0
0
0
0
0
0
0
0
0
1
0
0
0
0
0
0
0
0
0
0
0
0
0
0
0
0
0
0
0
0
0
1
0
0
0
0
0
0
0
0
0
0
0
0
0
0
0
0
0
0
0
0
0
0
0
0
0
0
0
0
0
1
0
0
0
0
0
0
0
0
0
0
0
0
0
0
0
0
1
0
1
0
0
0
0
0
1
0
0
0
0
0
0
0
0
0
0
0
0
0
0
0
0
0
1
0
0
0
0
0
0
0
0
0
0
0
0
1
0
0
0
0
0
1
0
0
0
0
0
0
1
0
0
0
0
0
0
0
0
0
0
0
0
0
0
0
0
0
0
0
0
0
0
0
1
0
0
0
1
0
0
0
0
0
0
0
0
0
0
0
0
0
0
0
0
0
0
0
0
0
0
0
0
0
0
0
0
0
0
0
0
0
0
0
0
0
0
0
0
0
0
0
0
0
0
0
0
0
0
0
0
0
0
0
0
0
0
0
0
0
0
0
0
0
0
0
0
0
0
0
0
0
0
0
0
0
1
0
0
0
0
0
0
0
0
0
0
0
0
0
0
0
1
0
0
0
0
0
0
0
0
0
0
0
0
0
0
0
0
0
0
0
1
0
0
0
0
0
0
0
0
0
0
0
0
0
0
0
0
0
0
0
0
0
0
0
0
0
0
0
0
0
0
0
0
0
0
0
1
0
0
0
0
0
0
0
0
0
0
0
0
0
0
0
0
0
0
0
0
0
0
0
0
0
0
0
0
0
0
0
0
0
0
0
1
0
1
0
0
0
1
0
0
1
0
0
0
0
0
0
0
0
0
0
0
0
0
0
0
0
0
0
0
0
0
0
0
0
0
0
1
0
0
0
0
0
0
0
0
0
0
0
0
0
0
0
1
0
0
0
0
0
0
0
0
0
0
0
0
0
0
0
0
0
0
0
0
0
0
0
0
0
0
0
0
0
0
0
0
0
0
0
0
0
0
0
0
0
0
0
0
0
0
0
0
0
0
0
0
0
1
0
0
0
0
0
0
0
0
0
0
0
0
0
0
0
0
0
0
0
0
0
0
0
0
0
0
0
0
0
0
0
0
0
0
0
0
1
0
0
0
0
0
0
0
0
0
0
0
0
0
0
0
0
0
0
0
0
0
0
0
0
0
0
0
0
0
1
0
0
1
0
0
0
0
0
0
0
0
0
0
0
0
0
0
0
0
0
0
0
0
0
0
0
0
0
0
0
0
0
0
0
0
0
0
0
1
0
0
0
0
0
0
0
0
0
0
0
0
0
0
0
0
0
0
0
0
0
0
0
1
0
0
0
0
0
1
1
2
1
1
0
0
0
1
1
2
1
1
2
2
2
1
0
2
0
0
0
1
2
3
1
4
1
4
3
5
7
6
6
3
3
1
0
2
1
0
1
1
0
0
0
0
0
0
2
1
0
6
3
3
3
6
4
7
4
1
0
1
0
0
0
0
0
0
0
0
0
0
0
0
0
0
0
0
0
0
0
0
0
0
0
0
0
0
0
0
0
0
0
0
0
0
0
0
0
0
0
0
0
0
0
0
0
0
0
0
0
0
0
0
0
0
0
0
0
0
0
0
0
0
0
0
0
0
0
0
0
0
0
0
0
0
0
0
0
0
0
0
0
0
0
0
0
0
0
0
0
0
0
0
0
0
0
0
0
0
0
0
0
0
0
0
0
0
0
0
0
0
0
0
0
0
0
0
0
0
0
0
0
0
0
0
0
0
0
0
0
0
0
0
0
0
0
0
0
0
0
0
0
0
0
0
0
0
0
0
0
0
0
0
0
0
0
0
0
0
0
0
0
0
0
0
0
0
0
0
0
0
0
0
0
0
0
0
0
0
0
0
1
0
0
0
0
0
0
0
0
0
0
0
0
0
0
0
0
0
0
0
0
0
0
0
0
0
0
0
0
0
0
0
0
0
0
0
0
0
0
0
0
0
0
0
0
0
0
0
0
0
0
0
0
0
0
0
0
0
0
0
0
0
0
0
0
0
0
0
0
0
0
0
0
0
0
0
0
0
0
0
0
0
0
0
0
0
0
0
0
0
0
0
0
0
0
0
0
0
0
0
0
0
0
0
0
0
0
0
0
0
0
0
0
0
0
0
0
0
0
0
0
0
0
0
0
0
0
0
0
0
0
0
0
0
0
0
0
0
0
0
0
0
0
0
0
0
0
0
0
0
0
0
0
0
0
0
0
0
0
0
0
0
0
0
0
0
0
0
0
0
0
0
0
0
0
0
0
0
0
0
0
0
0
0
0
0
0
0
0
0
0
0
0
0
0
0
0
0
0
0
0
0
0
0
0
0
0
0
0
0
0
0
0
0
0
0
0
0
0
0
0
0
0
0
0
0
0
0
0
0
0
0
0
0
0
0
0
0
0
0
0
0
0
0
0
0
0
0
0
0
0
0
0
0
0
0
0
0
0
0
0
0
0
0
0
0
0
0
0
0
0
0
0
0
0
0
0
0
0
0
0
0
0
0
0
0
0
0
0
0
0
0
0
0
0
0
0
0
0
0
0
0
0
0
0
0
0
0
0
0
0
0
0
0
0
0
0
0
0
0
0
0
0
0
0
0
0
0
0
0
0
0
0
0
0
0
0
0
0
0
0
0
0
0
0
0
0
0
0
0
0
0
0
0
0
0
0
0
0
0
0
0
0
0
0
0
0
0
0
0
0
0
0
0
0
0
0
0
0
0
0
0
0
0
0
0
0
0
0
0
0
0
0
0
0
0
0
0
0
0
0
0
0
0
0
0
0
0
0
0
0
0
0
0
0
0
0
0
0
0
0
0
0
0
0
0
0
0
0
0
0
0
0
0
0
0
0
0
0
0
0
0
0
0
0
0
0
0
0
0
0
0
0
0
0
0
0
0
0
0
0
0
0
0
0
0
0
0
0
0
0
0
0
0
0
0
0
0
0
0
0
0
0
0
0
0
0
0
0
0
0
0
0
0
0
0
0
0
0
0
0
0
0
0
0
0
0
0
0
0
0
0
0
0
0
0
0
0
0
0
0
0
0
0
0
0
0
0
0
0
0
0
0
0
0
0
0
0
0
0
0
0
0
0
0
0
0
0
0
0
0
0
0
0
0
0
0
0
0
0
0
0
0
0
0
0
0
0
0
0
0
0
0
0
0
0
0
0
0
0
0
0
0
0
0
0
0
0
0
0
0
0
0
0
0
0
0
0
0
0
0
0
0
0
0
0
0
0
0
0
0
0
0
0
0
0
0
0
0
0
0
0
0
0
0
0
0
0
0
0
0
0
0
0
0
0
0
0
0
0
0
0
0
0
0
0
0
0
0
0
0
0
0
0
0
0
0
0
0
0
0
0
0
0
0
0
0
0
0
0
0
0
0
0
0
0
0
0
0
0
0
0
0
0
0
0
0
0
0
0
0
0
0
0
0
0
0
0
0
0
0
0
0
0
0
0
0
0
0
0
0
0
0
0
0
0
0
0
0
0
0
0
0
0
0
0
0
0
0
0
0
0
0
0
0
0
0
0
0
0
0
0
0
0
0
0
0
0
0
0
0
0
0
0
0
0
0
0
0
0
0
0
0
0
0
0
0
0
0
0
0
0
0
0
0
0
0
0
0
0
0
0
0
0
0
0
0
0
0
0
0
0
0
0
0
0
0
0
0
0
0
0
0
0
0
0
0
0
0
0
0
0
0
0
0
0
0
0
0
0
0
0
0
0
0
0
0
0
0
0
0
0
0
0
0
0
0
0
0
0
0
0
0
0
0
0
0
0
0
0
0
0
0
0
0
0
0
0
0
0
0
0
0
0
0
0
0
0
0
0
0
0
0
0
0
0
0
0
0
0
0
0
0
0
0
0
0
0
0
0
0
0
0
0
0
0
0
0
0
0
0
0
0
0
0
0
0
0
0
0
0
0
0
0
0
0
0
0
0
0
0
0
0
0
0
0
0
0
0
0
0
0
0
0
0
0
0
0
0
0
0
0
0
0
0
0
0
0
0
0
0
0
0
0
0
0
0
0
0
0
0
0
0
0
0
0
0
0
0
0
0
0
0
0
0
0
0
0
0
0
0
0
0
0
0
0
0
0
0
0
0
0
0
0
0
0
0
0
0
0
0
0
0
0
0
0
0
0
0
0
0
0
0
0
0
0
0
0
0
0
0
0
0
0
0
0
0
0
0
0
0
0
0
0
0
0
0
0
0
0
0
0
0
0
0
0
0
0
0
0
0
0
0
0
0
0
0
0
0
0
0
0
0
0
0
0
0
0
0
0
0
0
0
0
0
0
0
0
0
0
0
0
0
0
0
0
0
0
0
0
0
0
0
0
0
0
0
0
0
0
0
0
0
0
0
0
0
0
0
0
0
0
0
0
0
0
0
0
0
0
0
0
0
0
0
0
0
0
0
0
0
0
0
1
0
0
0
0
0
0
0
0
0
0
0
0
0
0
0
0
0
0
0
0
0
0
0
0
0
0
0
0
0
0
0
0
0
0
0
0
0
0
0
0
0
0
0
0
0
0
0
0
0
0
0
0
0
0
0
0
0
0
0
0
0
0
0
0
0
0
0
0
0
0
0
0
0
0
0
0
0
0
0
0
0
0
0
0
0
0
0
0
0
1
0
0
1
1
1
2
6
4
8
15
19
16
19
18
21
