31
29
22
41
51
84
114
136
168
174
192
203
237
225
207
193
197
196
188
193
218
210
216
205
208
189
187
180
189
200
208
215
204
222
198
222
217
211
209
204
212
219
215
174
195
211
190
176
220
204
233
212
214
226
203
195
205
186
222
197
198
194
215
233
229
179
231
203
214
210
199
189
236
203
201
206
242
207
226
233
225
202
186
226
209
174
196
203
196
235
215
209
220
206
238
218
195
223
203
223
235
238
243
224
232
194
200
210
209
229
212
244
221
216
209
227
221
203
218
224
194
219
231
227
190
232
222
234
212
252
207
206
215
254
224
247
216
223
233
220
217
183
228
210
237
218
216
225
217
223
227
219
214
198
201
208
218
222
233
232
240
264
217
228
211
220
236
239
258
190
255
230
220
252
242
231
206
240
212
256
183
219
216
250
241
235
223
226
226
241
214
244
242
226
232
256
220
207
235
218
276
230
240
257
232
224
243
236
210
211
257
256
236
219
228
248
246
230
228
242
219
241
225
217
251
241
239
235
227
245
239
226
261
242
265
237
251
252
256
269
259
234
253
236
252
233
252
255
286
243
252
234
234
227
254
249
257
280
254
259
235
266
263
228
254
247
229
261
260
233
254
256
282
223
261
251
255
233
255
262
270
263
267
241
251
247
258
274
231
258
276
251
269
251
245
277
250
240
224
240
238
237
223
235
242
256
261
250
265
254
260
247
250
268
233
262
271
227
223
261
252
271
233
247
234
255
221
253
267
282
235
259
239
248
264
250
255
269
256
255
249
228
251
257
249
275
262
233
236
228
226
247
249
216
248
242
225
282
223
247
258
259
231
257
210
254
266
299
253
257
257
267
247
238
261
257
222
211
250
253
249
260
253
218
245
256
225
220
250
253
275
241
240
257
243
254
267
225
239
243
244
249
260
219
262
250
232
211
240
246
262
257
235
247
277
232
269
281
260
259
244
229
254
256
229
243
237
242
275
264
247
249
251
246
279
263
261
256
262
246
247
238
248
260
230
225
224
248
255
259
222
250
279
236
265
250
234
225
259
256
266
250
246
229
270
270
286
242
236
233
230
242
232
261
261
222
244
250
235
250
255
262
243
266
248
257
258
276
298
275
230
261
265
251
260
254
277
239
234
243
259
251
280
243
242
262
286
254
270
262
234
261
271
262
260
251
255
254
222
253
244
248
272
271
249
284
275
278
253
274
254
245
264
271
247
269
246
277
264
233
225
234
258
251
252
254
242
263
298
256
280
251
245
267
260
237
261
276
271
254
277
254
264
275
273
287
272
235
255
259
276
258
272
262
277
255
267
255
261
276
254
261
235
241
262
274
283
266
260
282
286
244
257
271
269
258
272
258
222
269
274
259
273
280
260
269
223
269
307
259
260
204
276
256
237
281
268
275
263
240
250
256
308
278
275
269
268
248
248
284
243
289
274
278
248
262
272
254
277
267
289
263
285
306
286
246
288
291
266
240
294
299
291
296
250
265
247
280
267
271
284
280
280
273
278
274
271
292
269
295
279
237
278
291
278
253
277
272
262
278
269
299
273
279
257
313
290
300
261
296
299
263
250
307
277
306
274
277
296
283
297
263
273
284
264
288
263
257
300
267
268
285
268
267
262
293
282
296
296
320
274
305
303
293
313
270
265
299
297
276
302
250
298
271
285
272
284
275
286
318
294
278
298
277
263
302
269
308
315
299
290
315
333
299
306
303
295
293
314
348
278
279
301
252
282
306
285
304
314
290
278
303
299
302
298
292
282
332
283
315
315
319
318
317
324
313
340
307
312
296
294
294
298
323
308
319
316
323
303
343
338
311
277
346
314
351
341
338
288
335
316
335
323
323
331
334
300
329
321
304
293
286
331
296
327
315
321
313
342
322
329
318
321
327
326
320
304
335
326
312
317
328
293
315
330
335
319
370
320
323
314
332
311
357
350
313
368
344
294
321
348
339
322
340
283
315
315
333
343
366
325
329
328
324
380
328
302
337
307
324
309
343
349
333
328
344
342
310
344
341
323
337
299
329
345
315
303
344
306
352
314
357
322
333
310
345
343
370
316
364
337
342
311
356
364
329
313
323
349
346
293
346
332
306
312
319
329
316
312
321
307
318
350
335
316
334
319
326
327
329
358
314
340
301
297
304
321
330
304
301
335
339
313
331
346
288
308
323
336
295
311
307
325
324
293
296
298
319
315
348
315
280
320
322
312
322
310
323
347
305
315
327
337
309
301
336
315
301
316
336
328
276
302
326
301
296
311
319
278
277
314
296
316
283
299
274
321
292
295
291
294
317
305
281
314
286
311
279
277
278
309
282
304
262
303
309
299
325
288
314
300
293
282
297
297
293
311
302
269
293
302
324
286
301
300
296
304
278
295
263
306
290
278
310
296
287
269
297
290
284
294
284
282
304
306
297
281
274
293
267
302
274
294
278
315
287
305
270
317
297
284
283
315
328
288
302
278
277
265
284
269
286
295
297
267
262
285
276
288
252
284
306
310
288
285
304
295
273
285
303
309
297
253
275
302
277
260
303
272
301
289
264
273
284
286
288
317
288
259
307
262
265
249
288
294
291
286
279
274
281
301
240
239
258
273
299
249
274
305
282
312
286
279
296
284
306
291
291
282
285
267
269
265
299
261
263
302
293
259
255
275
258
291
268
295
272
292
297
263
252
277
280
266
290
297
309
284
242
270
249
259
264
281
265
257
266
272
293
292
270
276
256
259
266
259
255
281
285
300
259
278
284
270
238
271
243
256
276
243
231
280
247
267
273
291
299
269
259
258
268
252
261
273
281
272
288
255
255
254
257
241
263
269
277
267
233
274
263
270
254
228
239
265
250
233
278
251
300
246
264
283
288
255
256
262
246
251
256
272
255
284
222
257
285
269
265
274
251
269
282
242
244
217
259
237
240
268
240
243
279
254
238
271
261
280
220
254
237
262
262
278
259
256
265
236
268
265
253
254
278
264
265
270
265
261
274
260
273
239
248
298
283
275
239
260
265
260
267
237
290
251
239
253
264
247
240
262
278
250
248
271
220
257
256
249
287
230
247
249
231
225
241
265
264
243
264
275
237
273
270
263
235
284
277
243
261
254
261
266
253
266
239
246
250
232
219
230
258
259
244
264
249
270
269
255
243
257
257
242
261
278
227
245
246
218
258
238
247
251
232
257
214
269
228
272
241
234
259
230
243
259
228
272
254
217
256
269
277
225
268
237
258
255
243
229
243
240
254
233
237
247
245
272
242
245
276
225
245
218
260
235
245
233
227
236
254
254
246
240
236
248
252
261
243
265
273
222
252
233
237
225
236
269
230
244
257
257
230
243
258
223
231
236
264
210
216
251
228
243
255
251
220
256
229
253
249
256
248
230
246
256
240
275
246
244
261
242
209
260
256
260
238
243
248
238
235
253
273
251
235
249
239
224
251
242
240
229
264
229
239
252
254
234
256
229
229
220
248
269
257
240
233
247
231
269
248
250
235
236
246
234
223
258
216
253
255
245
240
222
224
228
241
255
264
262
251
249
247
240
253
216
232
226
247
214
246
247
257
214
239
222
252
256
217
235
245
233
245
237
202
261
258
233
237
232
237
229
258
282
229
249
221
234
251
224
257
221
227
252
246
231
216
220
256
238
220
265
229
204
229
233
244
220
234
236
245
233
234
249
227
224
227
249
220
235
216
236
222
278
247
251
242
225
277
245
241
253
201
224
233
244
215
259
230
230
225
264
248
216
233
239
256
250
226
220
235
220
227
243
237
233
239
243
254
226
201
236
213
250
246
252
246
228
230
218
254
243
222
235
227
232
252
229
248
246
232
229
228
250
264
244
222
250
230
235
216
238
213
245
245
241
253
247
193
227
210
247
212
247
226
241
245
251
226
228
220
224
252
242
234
249
218
213
237
239
209
226
229
224
235
263
229
234
218
223
228
252
222
218
255
232
252
262
255
222
229
228
247
236
259
249
247
229
221
222
228
239
242
219
234
213
227
237
227
227
222
226
224
230
232
216
259
238
213
226
249
241
224
239
248
225
227
209
226
259
246
241
247
227
252
223
244
250
226
242
236
224
251
242
250
261
235
251
218
222
240
264
218
226
225
212
235
242
207
250
271
209
245
235
205
221
231
224
213
224
241
235
208
234
230
208
225
246
254
239
226
211
213
244
251
243
232
242
253
236
199
197
233
228
225
235
250
255
238
242
240
267
249
231
227
234
219
229
259
243
235
220
232
254
252
238
233
252
241
263
240
236
244
225
238
225
246
227
254
263
226
242
222
235
209
244
210
234
234
231
243
219
222
231
253
215
228
230
233
247
256
269
217
236
249
211
237
214
234
253
240
242
213
232
245
214
212
242
213
219
256
228
241
235
244
226
208
238
241
218
223
197
227
224
236
248
235
240
206
251
230
245
245
231
235
234
230
207
268
222
249
232
237
230
211
220
246
222
231
201
250
206
228
215
225
231
212
237
244
240
230
246
223
248
228
257
239
259
240
240
221
236
218
236
231
237
217
212
224
245
225
228
232
213
209
252
234
244
215
232
219
232
245
238
223
245
249
255
210
236
241
240
212
228
209
223
215
224
254
225
238
225
216
241
224
262
227
248
222
226
207
226
235
233
207
232
237
229
248
227
237
231
220
238
217
237
208
219
232
232
242
231
246
237
257
224
203
230
224
229
215
239
217
253
227
217
218
240
228
236
251
215
223
249
242
225
245
225
207
214
239
233
230
228
210
232
230
236
248
226
222
245
245
219
212
222
224
258
228
231
236
222
225
261
227
235
229
221
227
217
234
211
246
240
234
244
237
247
260
228
233
235
213
221
236
248
226
223
250
214
213
253
225
223
257
236
238
219
225
252
220
215
242
241
236
232
228
257
247
264
195
237
246
221
228
244
227
236
206
232
242
232
241
233
214
226
241
247
245
266
221
222
228
223
216
206
244
227
251
245
233
222
195
247
265
254
205
222
214
237
232
215
244
264
250
218
217
262
233
196
234
206
234
237
217
241
221
264
221
201
214
204
242
234
237
219
233
261
234
228
209
260
216
245
241
258
234
238
218
221
243
238
220
226
207
223
239
229
257
240
218
221
253
229
204
207
229
217
223
246
238
258
210
198
238
239
199
247
214
222
251
241
236
229
232
224
226
251
212
239
219
224
229
214
219
217
206
239
243
240
223
228
240
226
241
255
268
224
238
214
240
232
241
244
248
239
239
256
227
250
245
228
250
236
235
221
239
222
237
236
257
228
228
242
229
241
231
227
240
223
242
263
237
240
212
229
211
226
224
227
268
240
234
250
246
229
247
247
246
219
236
241
240
239
229
249
231
240
250
230
242
246
230
231
232
236
240
228
234
225
262
228
261
222
228
208
231
233
231
235
203
243
239
227
240
288
230
248
230
221
261
233
268
236
213
249
218
221
222
244
229
220
257
243
239
263
246
231
236
243
258
220
250
241
272
226
209
244
228
242
247
247
234
240
242
217
264
226
235
246
228
221
235
245
232
230
208
204
249
289
221
216
251
225
235
237
237
257
219
221
222
259
247
217
211
230
242
220
229
270
228
216
212
253
215
223
210
247
253
215
216
211
232
239
242
272
214
226
229
247
234
224
227
264
267
230
229
249
263
219
226
218
238
250
265
226
238
255
237
241
243
205
222
231
237
248
254
236
242
246
241
226
257
242
249
234
261
247
225
263
238
238
243
242
237
245
244
221
234
241
222
257
246
225
267
214
226
258
249
278
231
235
244
263
246
253
233
245
242
262
241
273
206
233
251
250
213
234
240
242
237
220
266
259
233
262
263
251
204
224
265
245
254
245
211
220
243
245
232
220
226
249
271
245
250
256
234
223
255
271
248
236
238
234
245
264
245
251
233
245
242
252
240
224
212
262
254
270
250
240
237
232
248
207
242
234
235
233
270
232
252
243
241
227
261
226
251
243
248
259
246
253
255
246
253
261
220
235
228
236
247
253
253
244
246
252
231
262
260
261
273
250
240
243
191
247
241
221
239
239
235
230
251
254
231
246
240
233
261
269
263
240
265
249
238
252
251
242
238
231
268
228
263
259
248
263
262
251
248
250
259
248
255
255
259
230
228
227
265
256
225
239
257
250
221
259
256
244
247
286
229
244
226
243
242
268
260
260
267
238
254
238
260
244
241
237
244
242
237
230
247
226
245
261
244
251
270
226
249
231
254
256
260
259
249
223
270
244
263
254
241
252
235
257
235
244
226
262
249
248
264
271
247
256
263
247
266
276
249
223
245
260
236
262
249
255
247
227
264
215
247
271
244
264
235
250
261
255
249
246
254
224
240
270
250
255
234
240
246
270
246
252
259
247
259
262
252
249
235
269
278
243
223
237
258
255
287
267
239
242
269
241
249
262
265
222
247
251
217
268
275
231
267
265
238
258
250
271
242
264
230
251
253
289
235
234
284
240
275
232
233
252
262
233
247
243
255
275
247
249
277
271
263
245
277
263
256
261
241
255
300
256
241
254
243
276
256
281
273
261
255
243
265
251
235
260
265
253
289
266
243
236
253
272
263
272
257
251
249
251
252
259
255
232
280
258
267
271
297
248
259
253
274
285
219
239
248
245
258
227
252
293
252
244
258
231
254
259
243
242
262
266
268
251
249
246
268
269
259
228
226
270
259
263
234
282
235
278
248
261
249
267
277
266
265
253
259
263
256
228
277
263
257
287
285
258
250
296
284
269
233
271
252
280
246
274
225
245
244
256
245
273
267
258
274
267
256
285
281
244
272
275
264
255
262
283
260
273
258
245
256
248
269
262
293
283
258
282
273
252
282
294
254
282
272
261
259
270
295
254
286
299
251
253
266
295
298
263
262
259
257
284
244
262
256
254
247
264
253
253
254
278
277
288
268
313
305
256
284
239
282
259
270
254
244
255
258
286
258
271
277
282
283
273
276
276
250
276
260
272
278
278
223
266
318
269
275
242
284
261
281
280
285
280
281
317
285
266
263
288
290
279
258
267
272
252
311
257
259
277
253
287
246
262
228
271
290
285
258
278
241
255
254
294
259
287
254
276
250
291
287
261
289
283
252
294
265
291
297
263
242
231
303
276
286
270
262
271
247
266
303
294
259
292
273
268
286
295
289
301
286
283
312
281
270
271
286
286
262
272
304
280
282
278
278
285
286
296
240
276
280
279
299
292
262
280
274
277
282
265
284
257
286
281
274
279
280
287
306
275
288
241
279
274
266
263
284
267
292
278
287
315
280
281
268
312
288
289
295
265
306
267
276
295
300
266
280
276
276
314
304
286
272
301
290
276
303
249
285
273
291
324
276
308
306
286
307
300
316
277
332
286
264
307
279
332
295
273
316
289
271
298
300
298
254
283
284
262
273
301
293
297
287
298
289
292
268
323
263
303
333
284
295
260
267
277
281
315
281
304
271
275
303
299
284
284
325
266
313
310
296
294
290
288
276
296
304
343
298
290
294
278
301
279
293
270
281
292
276
294
300
304
304
294
298
319
285
254
311
247
290
289
294
266
260
318
306
290
270
285
298
295
313
275
296
304
273
291
269
297
308
285
309
300
340
301
301
300
300
277
271
285
324
282
276
314
288
321
299
285
284
297
290
277
281
300
299
284
285
266
288
270
303
328
309
309
292
306
299
263
340
266
262
292
284
298
281
270
274
289
314
308
300
290
271
286
294
291
301
277
295
279
271
290
300
302
286
303
255
271
282
287
328
277
318
310
307
279
294
283
274
288
270
303
301
266
287
291
322
291
297
302
317
273
293
268
303
264
308
289
282
301
285
273
265
280
298
273
315
291
285
296
249
298
294
280
307
282
274
313
299
280
274
276
292
288
299
282
293
286
292
314
302
292
284
292
297
269
279
281
267
284
286
268
269
299
302
276
257
274
295
290
269
295
249
276
298
296
288
258
271
255
288
271
295
260
276
269
302
305
275
259
302
296
285
291
271
280
271
308
278
257
299
280
289
271
305
306
264
283
263
264
251
279
281
246
306
287
286
270
264
273
291
252
290
314
263
264
268
263
269
258
282
268
286
229
250
302
290
255
282
281
273
278
286
259
245
239
284
233
294
266
247
247
273
277
276
270
292
321
268
248
296
294
273
268
231
260
270
256
247
250
251
244
256
259
281
265
267
279
294
260
278
270
273
278
258
262
276
263
228
263
245
258
270
286
260
245
272
257
265
261
295
240
248
279
250
263
258
275
244
255
239
245
246
265
254
269
215
226
250
279
287
237
250
240
264
238
256
246
303
255
261
260
234
241
236
228
259
240
237
237
228
249
255
229
238
252
246
259
229
251
247
245
245
241
251
222
258
254
234
255
237
250
265
239
250
258
217
263
262
236
247
272
257
242
249
247
248
262
248
230
227
229
222
233
238
241
224
243
223
232
242
221
238
257
248
228
239
233
239
227
245
238
229
220
223
259
229
254
219
234
220
242
224
213
205
219
217
256
222
215
261
271
216
237
204
219
225
225
230
243
216
215
223
232
203
231
217
216
231
217
235
206
236
224
194
216
242
231
220
207
206
225
237
230
214
218
216
215
196
191
222
233
198
227
179
185
191
219
206
208
224
216
227
184
213
203
227
199
180
211
201
215
199
200
211
217
215
216
219
213
204
183
203
188
221
207
201
207
188
245
217
211
221
205
188
222
188
211
225
214
198
196
232
234
206
195
170
201
204
194
198
197
167
202
215
197
208
205
200
205
201
215
221
204
190
199
210
182
175
186
172
198
192
210
200
201
186
216
201
189
165
220
206
178
199
171
198
207
194
198
188
187
188
199
180
198
207
196
178
188
199
205
238
199
201
195
177
183
200
198
180
188
203
190
196
200
189
166
155
238
181
206
192
214
192
216
183
206
190
219
209
166
181
199
212
206
173
190
177
159
175
191
197
184
198
177
209
193
195
176
201
205
180
182
177
165
182
195
203
194
195
191
189
192
179
164
195
167
217
168
163
166
204
194
195
208
181
192
223
195
162
162
196
194
185
182
186
187
205
185
185
194
185
180
196
173
163
164
180
187
191
175
175
158
187
170
159
213
190
171
195
187
184
161
172
196
189
186
208
198
181
178
190
202
151
193
202
175
174
178
184
181
188
183
185
205
188
170
187
190
183
207
180
177
199
174
186
157
176
181
171
190
194
168
190
186
182
180
192
181
185
205
170
187
181
203
180
191
185
191
183
210
202
179
190
163
205
165
193
179
172
190
182
168
186
146
161
183
184
195
183
187
168
170
188
197
202
209
176
174
199
182
201
175
187
179
193
178
168
168
198
184
190
178
181
176
184
188
185
157
188
184
172
196
176
175
176
165
194
178
196
174
203
175
179
184
198
195
166
167
170
216
177
217
192
201
169
169
173
162
171
159
182
191
182
195
167
188
199
187
197
159
203
194
190
186
167
166
163
191
183
194
175
204
203
175
198
179
176
171
182
192
187
210
205
188
189
174
190
193
207
196
187
198
196
168
202
180
176
177
197
169
185
200
203
178
181
181
192
197
174
194
199
213
199
191
177
173
195
170
206
213
198
213
209
216
191
188
218
199
196
198
195
186
202
203
204
216
184
207
217
225
196
200
184
210
183
204
238
208
225
204
192
213
208
219
203
194
208
206
232
199
207
228
209
191
221
206
224
239
272
198
230
238
219
206
202
231
198
227
232
207
239
216
238
232
238
231
240
259
263
229
243
217
232
246
236
245
228
245
275
247
228
218
274
247
249
234
237
256
260
253
225
262
240
250
255
240
257
244
253
267
257
259
264
279
251
300
247
306
286
281
253
271
284
272
296
289
270
267
267
271
295
289
330
309
293
277
247
273
306
292
297
309
313
298
314
310
303
340
323
333
292
320
329
314
337
340
329
330
337
316
318
364
316
351
321
363
357
324
380
343
313
343
331
357
349
369
334
360
366
394
370
358
371
392
400
374
403
391
353
371
361
359
398
362
412
427
382
397
411
405
419
395
422
426
420
446
417
425
437
403
442
428
443
397
417
432
461
472
478
414
434
455
460
418
469
435
464
440
465
467
441
463
483
452
428
471
437
483
487
518
493
457
442
469
495
471
487
488
467
503
496
504
485
529
567
475
505
550
529
489
516
511
561
481
508
545
513
540
551
515
549
548
534
551
568
526
530
567
536
524
573
546
556
603
548
596
572
584
560
585
563
587
596
548
549
573
596
566
595
546
571
655
563
598
635
574
601
607
614
583
556
591
611
623
594
575
631
584
611
606
633
609
612
579
592
628
613
596
601
586
572
595
605
637
644
608
591
577
586
620
562
612
609
580
621
611
623
620
673
626
593
591
629
571
621
605
629
637
604
601
618
617
568
616
621
628
606
575
604
605
606
648
601
585
644
604
595
636
593
600
579
527
605
605
568
576
585
624
589
583
551
519
559
596
623
592
567
553
531
598
569
517
538
592
532
567
583
560
547
538
552
573
570
549
537
509
560
537
533
532
519
575
507
520
554
545
497
517
502
548
481
569
495
469
496
480
449
488
488
493
480
476
467
505
452
478
464
431
456
437
472
479
448
452
425
459
474
490
430
447
411
416
410
442
444
430
407
400
399
428
427
407
420
375
377
423
378
399
381
408
354
337
381
351
339
355
341
358
385
366
379
363
350
323
334
353
305
351
317
344
320
348
334
340
316
302
318
300
295
285
298
310
284
297
281
269
288
284
238
281
278
293
252
275
253
275
277
263
278
282
242
263
234
252
258
241
222
219
225
244
227
206
208
230
232
215
213
229
225
252
220
222
197
206
210
196
200
223
159
165
185
211
207
205
195
195
193
176
193
191
163
179
176
188
175
169
172
189
161
175
164
170
164
198
164
179
156
158
167
165
166
155
148
143
145
136
136
141
173
158
143
163
158
139
140
140
127
130
136
159
126
151
148
130
140
144
140
134
149
133
136
137
144
156
127
151
147
161
127
143
148
129
126
139
137
141
127
136
135
141
141
153
157
122
147
155
135
134
138
148
157
143
130
164
137
161
129
130
138
141
150
141
131
145
160
157
159
142
136
150
151
136
148
137
166
168
155
144
171
157
132
183
164
157
165
160
147
154
149
145
170
149
151
157
182
148
162
171
156
189
170
185
176
177
188
176
179
167
192
179
174
188
169
195
225
178
193
186
165
179
208
195
196
210
190
200
213
195
233
184
203
191
208
195
209
205
198
238
197
208
236
207
211
227
230
230
228
213
241
242
225
231
222
254
238
228
269
224
226
238
251
235
259
211
239
244
240
257
286
257
238
289
243
239
267
247
255
243
280
251
273
277
292
294
292
255
264
299
289
299
286
302
289
295
306
317
295
329
304
287
284
314
328
308
330
317
325
316
320
316
317
330
345
346
318
345
307
335
370
362
345
348
338
345
368
332
368
353
354
345
371
297
366
341
407
342
362
348
361
358
365
380
384
354
406
379
357
413
368
387
390
391
361
399
391
370
364
411
402
415
419
382
427
402
435
412
423
439
430
404
437
440
439
444
443
467
412
421
416
435
404
482
455
452
436
408
486
456
472
463
480
410
477
415
425
398
448
425
476
439
428
477
462
469
448
447
504
466
477
436
484
488
518
464
529
475
477
471
491
513
483
478
490
476
477
476
486
526
480
494
488
540
488
490
506
477
493
499
487
479
517
492
494
514
523
526
491
450
473
505
531
497
493
508
508
495
473
478
473
506
534
490
475
482
456
549
452
486
471
530
508
493
483
469
484
491
499
479
459
485
495
482
489
539
488
493
483
474
483
468
476
466
511
473
462
452
439
445
463
446
486
460
474
478
475
454
478
457
453
444
463
457
456
462
428
400
413
448
469
482
462
436
432
445
443
408
439
423
446
387
393
415
471
409
423
419
406
409
415
391
408
396
382
411
406
385
375
386
352
406
346
391
401
380
340
381
378
343
378
372
375
331
373
351
353
394
335
359
345
364
321
341
336
337
324
343
354
311
350
337
314
324
320
322
324
307
325
316
308
292
314
302
315
330
308
273
278
281
263
276
255
290
260
272
271
253
253
216
262
271
254
242
283
275
221
225
238
229
213
242
239
233
224
199
243
206
218
205
201
230
192
184
200
198
178
198
198
186
195
196
176
179
201
163
172
181
182
176
165
197
175
167
154
143
148
170
147
146
155
151
148
151
121
128
134
166
138
131
124
119
110
145
106
151
113
124
116
110
121
121
129
117
122
119
127
113
95
102
107
101
105
98
101
106
101
95
95
74
98
98
91
83
84
83
86
88
84
83
66
99
79
80
79
72
66
65
88
82
66
68
65
78
78
77
66
69
58
59
64
48
71
69
60
72
59
72
55
62
52
43
54
62
41
36
45
47
54
54
40
54
43
53
52
50
36
54
41
41
44
44
37
45
44
48
28
39
34
44
44
38
36
30
38
39
32
38
31
35
32
35
34
26
29
31
40
29
25
28
27
23
19
32
25
25
27
30
31
31
24
17
20
22
24
25
24
17
20
28
18
23
27
22
17
20
17
14
28
21
14
23
22
19
22
23
25
20
23
19
24
17
14
20
21
16
22
22
15
17
17
12
18
14
18
16
19
15
18
11
10
21
15
19
14
19
14
16
23
17
20
16
18
12
6
20
10
15
7
11
11
17
12
17
17
16
12
7
14
9
15
11
18
13
11
9
8
7
12
11
14
10
10
6
11
9
15
10
12
9
11
11
4
9
14
10
8
11
2
11
12
9
10
12
3
12
8
6
4
7
10
11
10
7
15
16
10
10
8
5
13
9
15
10
10
13
9
10
11
14
7
11
12
11
10
14
11
10
3
9
8
9
8
8
5
11
8
6
8
8
11
7
9
11
8
3
4
17
7
6
11
5
11
6
3
10
11
6
10
7
8
10
4
9
5
8
11
7
8
8
9
9
7
8
9
10
8
7
8
6
10
7
6
10
9
5
8
5
5
8
7
9
10
5
8
7
8
4
5
2
5
9
5
8
9
6
10
10
7
9
10
4
3
6
8
9
7
9
8
10
9
7
5
8
7
8
8
6
5
1
3
11
9
9
8
8
3
9
8
3
7
9
10
5
6
3
6
5
11
2
7
6
8
2
5
9
9
3
8
5
2
2
7
5
5
9
7
2
3
11
3
8
5
6
9
10
5
3
5
4
7
8
5
5
9
7
7
8
7
4
4
4
4
6
7
7
4
4
8
12
2
5
3
5
5
6
7
4
11
11
4
10
6
7
5
4
4
3
3
2
4
3
10
9
7
8
2
8
3
12
7
7
6
4
9
9
4
3
5
5
7
5
4
7
6
8
6
3
7
3
11
7
10
8
8
5
5
7
7
7
2
4
6
4
8
10
2
7
3
1
4
3
6
3
7
8
7
0
4
7
6
8
4
3
7
10
2
6
3
8
7
3
7
5
8
3
5
12
6
5
3
5
7
4
6
5
4
5
6
8
9
6
4
6
5
5
4
11
10
2
4
3
5
4
7
2
6
8
6
4
7
5
6
8
6
6
5
3
9
1
2
9
6
3
6
2
7
3
8
7
4
5
6
7
7
3
7
2
4
5
6
5
3
11
4
3
2
1
6
6
7
5
3
4
5
7
8
7
5
11
5
9
3
8
2
5
5
13
6
2
5
3
5
1
6
6
3
6
4
4
10
5
10
5
7
5
6
4
8
7
6
1
6
6
4
6
6
5
4
5
9
6
2
7
7
1
3
6
4
4
4
2
6
9
6
2
0
2
6
4
5
4
9
5
8
4
8
7
5
6
7
6
3
4
6
7
6
4
4
4
3
7
4
6
6
4
3
5
3
6
4
1
5
3
4
3
10
4
6
0
4
3
8
6
6
7
2
5
5
7
7
7
5
4
4
3
7
3
8
5
2
5
7
4
5
4
7
6
6
5
6
4
4
1
10
6
6
8
5
6
8
9
3
4
4
4
5
6
4
4
3
5
5
8
5
2
7
4
4
3
5
5
5
2
6
6
4
2
0
6
4
2
8
2
4
5
7
3
6
8
3
5
3
5
2
5
7
5
4
5
6
4
8
6
5
4
4
10
7
8
2
7
5
5
4
5
6
6
3
4
4
2
2
5
5
5
4
5
4
5
10
4
8
1
3
2
4
3
5
5
6
5
2
2
2
9
7
5
4
5
1
6
0
5
1
6
1
3
5
5
5
6
4
3
6
5
4
3
8
4
5
7
1
1
3
1
7
7
5
2
6
5
7
2
6
8
5
6
2
6
5
3
2
1
2
5
4
2
6
4
4
4
3
5
4
4
2
2
4
5
6
4
4
4
2
2
2
7
6
10
6
5
6
4
4
2
6
3
3
4
4
5
6
6
4
4
6
2
7
3
5
6
6
4
6
4
6
6
2
4
6
6
3
3
4
8
2
7
2
6
2
2
6
7
6
7
0
5
3
8
4
1
2
6
6
4
5
4
4
5
5
2
9
7
2
3
5
5
4
4
7
3
6
6
5
6
3
4
5
4
3
5
3
3
4
6
3
2
4
6
2
4
5
2
4
4
3
6
4
3
1
2
7
6
6
7
4
2
2
6
7
5
2
2
4
3
10
5
4
2
3
3
4
2
4
4
3
2
2
3
5
3
2
7
5
6
5
4
8
11
3
5
5
2
7
7
3
6
5
6
5
1
3
5
3
7
3
1
5
4
7
2
4
5
3
3
2
4
3
2
5
4
6
2
3
2
3
8
6
5
2
4
4
3
8
1
1
3
2
1
1
4
6
1
7
2
4
5
4
1
9
6
3
5
3
3
4
7
4
6
2
0
5
6
6
5
5
10
5
6
4
1
2
4
4
2
5
2
5
7
6
6
2
5
1
5
1
6
0
7
5
4
6
3
2
4
5
6
4
3
1
6
2
3
2
4
4
3
5
4
3
3
2
1
6
4
3
3
6
4
2
0
3
4
2
5
7
4
5
8
4
1
4
4
5
7
5
6
4
5
3
9
3
1
2
3
4
3
5
5
5
3
1
5
5
1
4
4
5
6
5
5
1
5
4
3
6
1
3
5
1
8
4
5
5
0
3
4
2
3
4
3
6
2
3
2
4
5
5
7
4
6
4
3
3
5
1
4
3
6
4
5
4
0
3
4
3
6
4
1
4
3
3
5
0
2
6
1
0
5
6
5
3
1
3
4
5
5
4
4
3
8
3
3
0
5
3
4
5
1
1
6
3
5
3
6
3
3
1
8
4
4
1
6
3
3
7
4
5
3
4
5
2
4
5
2
3
5
4
4
7
6
5
1
7
7
1
1
2
2
3
3
5
4
4
4
4
5
4
3
4
2
4
2
3
5
4
4
1
4
4
4
4
3
1
4
2
3
2
6
3
3
3
2
4
2
6
5
3
3
2
5
4
3
6
6
2
5
3
4
2
2
2
2
4
4
6
6
2
4
1
4
2
3
4
7
5
7
3
4
4
3
6
2
5
3
1
3
4
4
0
7
5
3
4
2
4
2
5
5
5
0
2
5
5
5
2
7
9
3
5
6
10
9
4
10
7
11
10
7
7
11
10
10
13
16
15
24
23
15
29
25
29
26
44
36
47
49
54
60
73
81
77
90
102
105
89
110
111
107
117
114
131
137
130
133
128
139
110
132
153
145
161
156
159
168
174
178
185
206
172
168
166
129
103
69
44
13
14
12
6
10
12
5
4
6
4
4
6
9
3
6
14
14
21
17
11
15
2
2
2
0
0
0
0
0
0
0
0
1
0
0
0
1
0
0
0
0
0
0
0
0
0
0
0
0
0
0
0
0
0
0
0
0
0
0
0
0
0
0
0
0
0
0
0
0
0
0
0
0
0
0
0
0
0
0
0
0
0
0
0
0
0
0
0
0
0
0
0
0
0
0
0
0
0
0
0
0
0
0
0
0
0
0
0
0
0
0
0
0
0
0
0
0
0
0
0
0
0
0
0
0
0
0
0
0
0
0
0
0
0
0
0
0
0
0
0
1
0
0
0
0
0
0
0
0
0
0
0
0
0
0
0
0
0
0
0
0
0
0
0
0
0
0
0
0
0
0
0
0
0
0
0
0
0
0
0
0
0
0
0
0
0
0
0
0
0
0
0
0
0
2
0
1
0
0
0
0
0
0
0
0
0
0
0
0
0
0
0
0
0
2
0
1
0
0
0
0
0
1
0
0
0
0
0
1
0
0
0
1
0
0
0
0
0
0
0
0
0
0
0
0
0
0
0
0
0
0
0
0
0
0
0
0
0
0
0
0
0
0
0
0
0
0
0
0
0
0
0
0
0
0
0
0
0
0
0
0
0
0
0
0
0
0
0
0
0
0
0
0
0
0
0
0
0
0
0
0
0
0
0
0
0
0
0
0
0
0
0
0
0
0
0
0
0
0
0
0
0
0
0
0
0
0
0
0
0
0
0
0
0
0
0
0
0
0
0
0
0
0
0
0
0
0
0
0
0
0
0
0
0
0
0
0
0
0
0
0
0
0
0
0
0
0
0
0
0
0
0
0
0
0
0
0
0
0
0
0
0
0
0
0
0
0
0
0
0
0
0
0
0
0
0
0
0
0
0
0
0
0
0
0
0
0
0
0
0
0
0
0
0
0
0
0
0
0
0
0
0
0
0
0
0
0
0
0
0
0
0
0
0
0
0
0
0
0
0
0
0
0
0
0
0
0
0
0
0
0
0
0
0
0
0
0
0
0
0
0
0
0
0
0
0
0
0
0
0
0
0
0
0
0
0
0
0
0
0
0
0
0
0
0
0
0
0
0
0
0
0
0
0
0
0
0
0
0
0
0
0
0
0
0
0
0
0
0
0
0
0
0
0
0
0
0
0
0
0
0
0
0
0
0
0
0
0
0
0
0
0
0
0
0
0
0
0
0
0
0
0
0
0
0
0
0
0
0
0
0
0
0
0
0
0
0
0
0
0
0
0
0
0
0
0
0
0
0
0
0
0
0
0
0
0
0
0
0
0
0
0
0
0
0
0
0
0
0
0
0
0
0
0
0
0
0
0
0
0
0
0
0
0
0
0
0
0
0
0
0
0
0
0
0
0
0
0
0
0
0
0
0
0
0
0
0
0
0
0
0
0
0
0
0
0
0
0
0
0
0
0
0
0
0
0
0
0
0
0
0
0
0
0
0
0
0
0
0
0
0
0
0
0
0
0
0
0
0
0
0
0
0
0
0
0
0
0
0
0
0
0
0
0
0
0
0
0
0
0
0
0
0
0
0
0
0
0
0
0
0
0
0
0
0
0
0
0
0
0
0
0
0
0
0
0
0
0
0
0
0
0
0
0
0
0
0
0
0
0
0
0
0
0
0
0
0
0
0
0
0
0
0
0
0
0
0
0
0
0
0
0
0
0
0
0
0
0
0
0
0
0
0
0
0
0
0
0
0
0
0
0
0
0
0
0
0
0
0
0
0
0
0
0
0
0
0
0
0
0
0
0
0
0
0
0
0
0
0
0
0
0
0
0
0
0
0
0
0
0
0
0
0
0
0
0
0
0
0
0
0
0
0
0
0
0
0
0
0
0
0
0
0
0
0
0
0
0
0
0
0
0
0
0
0
0
0
0
0
0
0
0
0
0
0
0
0
0
0
0
0
0
0
0
0
0
0
0
0
0
0
0
0
0
0
0
0
0
0
0
0
0
0
0
0
0
0
0
0
0
0
0
0
0
0
0
0
0
0
0
0
0
0
0
0
0
0
0
0
0
0
0
0
0
0
0
0
0
0
0
0
0
0
0
0
0
0
0
0
0
0
0
0
0
0
0
0
0
0
0
0
0
0
0
0
0
0
0
0
0
0
0
0
0
0
0
0
0
0
0
0
0
0
0
0
0
0
0
0
0
0
0
0
0
0
0
0
0
0
0
0
0
0
0
0
0
0
0
0
0
0
0
0
0
0
0
0
0
0
0
0
0
0
0
0
0
0
0
0
0
0
0
0
0
0
0
0
0
0
0
0
0
0
0
0
0
0
0
0
0
0
0
0
0
0
0
0
0
0
0
0
0
0
0
0
0
0
0
0
0
0
0
0
0
0
0
0
0
0
0
0
0
0
0
0
0
0
0
0
0
0
0
0
0
0
0
0
0
0
0
0
0
0
0
0
0
0
0
0
0
0
0
0
0
0
0
0
0
0
0
0
0
0
0
0
0
0
0
0
0
0
0
0
0
0
0
0
0
0
0
0
0
0
0
0
0
0
0
0
0
0
0
0
0
0
0
0
0
0
0
0
0
0
0
0
0
0
0
0
0
0
0
0
0
0
0
0
0
0
0
0
0
0
2
1
1
1
1
0
0
0
1
0
0
0
2
0
0
0
2
0
0
0
1
1
0
1
1
0
1
0
0
0
1
0
0
0
2
0
0
1
0
1
1
0
0
3
1
1
0
2
1
0
1
0
1
0
0
0
2
0
0
1
2
1
1
0
0
3
1
0
0
0
1
0
0
1
1
1
0
0
0
0
2
2
2
1
0
2
1
0
3
2
2
3
0
0
1
0
0
6
2
1
3
6
2
1
4
9
0
6
10
4
8
7
6
7
12
9
12
9
11
9
15
15
19
21
24
