21
30
17
40
74
93
140
152
201
202
248
223
233
261
256
248
255
230
258
220
260
236
247
228
242
246
252
246
255
257
234
270
242
243
245
216
235
276
226
253
257
257
227
248
221
257
246
265
263
209
226
248
241
249
268
246
241
260
227
235
231
250
259
245
247
278
255
237
249
239
256
291
275
263
262
259
244
247
253
252
253
301
237
260
254
274
269
260
239
250
264
274
270
258
255
243
281
232
259
254
259
218
265
292
222
216
272
238
240
231
272
255
236
265
251
248
259
250
287
239
256
279
252
257
261
246
273
263
265
249
266
275
254
276
262
252
257
278
305
260
291
279
276
259
269
261
248
286
261
269
264
276
295
235
266
247
261
263
300
295
296
264
301
265
247
281
248
247
271
289
259
280
268
287
272
253
305
292
280
252
274
260
286
299
297
272
288
304
265
295
310
273
274
284
288
306
296
292
241
259
289
274
279
292
319
264
278
304
278
278
308
279
282
297
259
298
320
271
300
269
282
273
278
299
280
298
275
289
311
291
297
329
295
322
310
309
274
302
285
320
289
317
274
284
280
276
308
289
292
314
296
298
299
267
322
292
320
296
325
318
276
322
272
287
267
309
280
287
311
283
310
275
281
347
302
318
327
300
326
294
277
316
293
308
322
285
280
319
323
313
305
333
298
320
291
299
308
273
306
291
327
316
326
285
329
291
318
309
290
311
304
294
333
330
310
319
307
292
292
276
308
277
290
277
295
313
315
282
288
289
299
267
321
304
251
299
337
283
308
322
271
286
282
303
321
316
321
295
332
298
287
282
275
286
287
315
321
299
273
325
288
302
308
308
318
297
309
335
315
294
317
290
265
293
304
312
299
299
292
286
308
292
309
298
293
284
313
297
291
308
331
316
308
296
290
251
284
288
276
299
266
273
320
282
319
295
309
291
296
283
277
303
299
276
270
311
280
283
304
329
318
332
297
331
295
274
266
312
282
304
284
305
312
313
320
282
290
298
304
321
297
315
302
305
314
305
317
311
310
328
326
303
312
333
324
327
338
279
329
310
297
322
295
304
287
303
303
315
320
299
351
284
343
297
314
301
311
303
293
292
303
322
330
303
327
313
326
295
305
312
282
302
343
303
309
304
328
289
327
291
313
317
348
303
359
309
315
314
302
333
320
306
340
312
327
304
314
324
302
302
330
334
303
295
319
296
324
326
323
330
305
294
301
311
330
318
283
294
305
316
364
320
314
300
306
308
300
341
290
305
336
293
311
271
272
341
288
299
306
317
309
344
318
317
344
341
347
320
335
332
317
310
304
318
311
311
330
338
334
311
301
298
309
289
332
319
312
352
332
321
320
310
323
304
291
326
324
341
331
310
336
279
306
295
334
329
311
293
345
312
325
330
316
350
342
309
318
352
333
310
338
292
294
269
337
336
303
285
350
329
292
313
344
360
337
338
331
320
347
291
312
335
329
315
341
344
337
321
299
347
325
280
313
309
314
349
290
337
344
309
313
322
330
326
353
333
301
350
316
331
331
338
313
365
328
327
306
302
339
312
313
300
306
314
323
328
342
340
319
360
333
340
285
323
377
329
351
359
341
351
338
337
373
348
304
335
319
354
358
341
313
294
306
341
333
315
344
323
327
326
304
361
371
384
365
352
358
362
321
326
351
343
341
358
347
344
347
365
344
333
356
348
355
348
377
357
338
340
280
339
351
328
336
393
359
330
371
369
360
372
339
357
335
367
371
357
352
376
353
366
392
359
348
350
359
344
373
336
350
388
353
330
364
349
374
385
365
378
347
422
386
381
357
349
390
377
366
402
397
364
408
389
341
389
375
393
394
373
402
398
374
373
370
370
423
421
395
392
398
357
387
384
363
390
372
380
397
375
406
403
404
397
348
394
409
403
425
404
411
393
402
381
418
437
421
423
383
432
352
391
371
408
374
377
446
419
433
416
359
358
381
399
386
402
425
380
383
418
407
370
402
408
417
427
411
394
385
382
395
401
416
402
423
402
413
390
421
396
393
410
436
439
446
436
414
426
397
389
402
388
421
384
398
378
374
385
421
389
409
375
387
374
370
409
383
416
392
420
388
409
392
375
373
375
422
378
414
359
402
368
419
367
363
390
367
355
390
403
359
402
404
396
412
391
382
380
355
357
357
368
375
362
355
393
359
366
364
377
378
351
383
378
390
380
380
380
378
363
392
371
368
422
396
379
398
355
386
392
394
385
367
346
371
371
377
348
366
372
348
341
400
411
351
387
356
358
352
366
368
352
350
351
372
348
393
357
364
351
341
371
349
335
373
351
355
369
330
342
313
342
335
365
346
323
310
334
368
329
329
354
358
348
364
332
342
369
361
372
371
379
342
363
346
352
330
401
327
318
344
334
326
360
354
371
347
372
321
339
332
345
348
311
342
356
353
378
372
337
361
374
343
345
354
349
347
368
349
351
360
366
332
354
366
348
337
366
334
336
342
387
356
363
370
339
370
340
372
338
341
347
335
319
328
350
354
352
329
314
350
325
328
379
315
348
335
330
347
379
336
377
314
332
318
334
342
331
324
306
345
342
331
330
363
352
355
310
357
293
359
320
340
333
296
332
339
321
305
295
297
332
342
370
333
329
319
352
333
294
314
322
310
356
313
338
352
349
311
309
322
325
338
298
315
281
340
333
327
343
351
294
331
288
319
340
321
307
315
354
336
311
316
338
334
330
316
347
318
298
288
346
287
314
297
341
341
325
312
315
311
326
361
344
354
322
321
293
308
305
311
336
354
303
332
289
325
330
287
317
327
310
312
295
305
350
307
296
337
310
322
319
318
293
330
269
305
302
347
301
310
328
337
337
298
303
304
307
286
305
315
336
322
323
313
304
342
322
320
321
333
325
279
308
326
333
317
334
322
317
283
317
330
294
316
313
286
289
305
305
289
288
307
298
270
299
313
334
313
292
290
316
313
284
318
299
289
283
289
300
269
287
300
305
286
278
279
307
302
292
316
286
293
299
303
312
274
273
312
310
281
313
286
321
312
285
308
320
334
303
315
304
298
299
313
313
298
294
275
299
292
305
292
315
302
299
332
299
291
292
336
298
300
286
306
287
320
255
310
295
245
298
298
286
267
308
273
297
341
298
302
303
278
307
297
312
265
288
296
286
272
288
257
299
274
295
283
292
296
312
297
273
294
279
306
281
298
293
291
267
306
274
298
278
291
277
296
283
297
294
274
315
274
261
304
304
255
265
307
277
296
318
284
312
301
285
291
290
300
292
293
321
320
321
294
294
293
309
306
310
271
291
277
280
263
287
290
270
295
293
298
293
283
243
279
295
302
287
286
320
326
266
291
269
299
263
288
306
316
281
267
300
256
267
278
291
289
300
287
300
290
280
280
254
283
332
296
290
268
263
322
304
281
261
274
306
284
279
288
284
289
274
306
307
288
303
304
294
284
278
274
247
281
289
268
286
270
290
296
294
285
317
278
303
265
258
312
273
299
284
262
271
271
304
236
283
312
269
282
288
303
278
286
280
266
256
286
271
292
303
279
279
271
280
273
270
310
284
279
298
266
279
277
268
289
246
270
314
278
296
285
271
287
303
272
307
259
300
316
321
302
317
273
273
289
304
263
330
277
309
272
281
293
298
257
294
309
278
257
276
283
259
289
296
261
291
298
278
331
293
275
275
286
265
301
297
285
275
271
281
239
269
287
257
260
286
279
283
291
269
253
298
282
285
285
279
301
300
252
258
250
272
260
273
288
276
277
292
260
275
309
290
277
236
302
296
283
285
287
291
270
257
268
290
263
266
250
259
276
287
295
315
279
249
267
267
305
268
292
276
279
247
250
294
285
255
275
286
273
318
249
270
290
305
315
279
281
293
278
288
258
297
289
263
267
293
287
235
295
287
265
275
310
277
268
268
250
267
262
268
282
273
266
258
287
286
292
271
278
258
243
268
273
265
270
290
283
272
265
289
267
255
282
260
278
259
262
293
269
253
289
266
272
253
251
308
304
275
258
251
267
278
271
282
299
279
271
286
238
277
275
276
250
263
293
278
283
262
271
260
262
286
271
245
267
251
282
289
260
234
279
282
267
261
269
263
297
259
253
286
269
279
269
288
249
268
278
250
278
252
271
267
288
272
283
255
247
300
248
276
277
283
262
266
275
288
279
258
309
286
300
286
292
274
272
256
268
263
270
267
281
259
222
292
244
279
267
289
254
249
292
251
286
264
256
306
237
295
273
267
281
294
265
266
320
277
262
287
269
278
295
277
276
252
263
252
287
242
271
276
271
270
264
263
258
263
276
275
274
265
258
299
261
283
261
318
278
258
248
288
270
262
312
280
258
261
255
265
271
304
256
296
286
250
282
263
279
253
237
275
271
324
267
281
289
269
276
263
252
299
273
294
258
291
298
265
261
286
299
310
263
316
245
266
274
288
283
276
269
258
282
284
273
289
268
282
276
287
267
267
258
238
296
245
281
267
270
263
247
268
278
269
297
251
262
280
251
285
256
299
293
277
243
247
304
283
253
264
278
284
271
283
256
269
258
251
271
272
284
295
269
269
270
279
248
273
285
285
290
244
297
270
290
280
311
272
287
270
275
266
254
251
297
290
249
292
271
260
280
283
279
268
264
290
271
303
253
243
244
272
238
244
282
291
290
269
269
285
278
280
275
289
266
264
320
288
286
280
253
245
279
265
290
280
243
313
284
266
239
284
249
240
263
254
265
246
259
262
306
273
239
280
284
256
247
239
262
268
295
249
278
269
269
311
252
262
267
283
277
315
255
253
264
252
285
293
253
291
261
234
260
275
256
283
267
264
249
265
260
266
299
271
288
254
301
285
252
298
287
259
253
280
248
233
263
278
252
254
255
275
282
268
293
272
288
284
267
281
280
252
280
275
277
248
280
267
279
256
254
250
271
271
281
232
278
267
275
289
258
262
263
279
283
278
284
264
252
281
252
291
257
294
285
268
260
237
281
283
255
278
255
262
307
253
255
254
259
275
284
279
253
278
263
239
270
244
307
279
264
281
287
259
290
291
264
256
254
259
258
262
263
258
265
269
284
275
278
266
252
273
289
257
260
271
258
253
275
277
258
268
247
282
283
285
261
295
256
251
269
261
266
250
296
231
299
278
242
255
292
284
271
266
287
269
296
258
308
257
265
269
282
270
254
254
294
256
255
288
279
285
300
248
281
279
252
272
261
272
290
271
281
265
262
256
275
274
264
307
267
285
271
264
264
259
274
289
271
292
278
267
268
300
300
308
272
259
261
282
266
247
269
278
253
283
266
262
300
272
294
274
252
266
296
268
278
269
245
269
268
296
304
283
309
294
258
278
253
249
269
275
260
263
288
251
284
274
264
320
261
292
286
293
283
274
293
283
274
266
259
269
268
283
275
259
279
258
271
276
259
268
286
282
260
282
285
267
262
303
277
257
268
309
271
279
275
265
246
291
260
292
252
280
274
283
263
261
254
272
282
301
270
266
282
274
260
254
252
282
284
294
258
274
270
264
268
274
281
280
306
259
294
297
282
284
290
301
277
269
278
270
285
254
257
274
281
295
277
273
275
273
274
273
281
282
290
281
289
277
290
269
293
313
267
284
261
247
278
291
274
265
275
264
250
295
297
253
289
255
296
270
276
299
263
292
289
275
267
267
293
277
284
278
266
304
260
256
283
296
284
267
250
258
275
262
275
263
280
286
305
224
279
293
284
267
285
297
264
258
277
277
283
283
303
242
262
294
260
297
289
292
252
288
247
282
297
276
284
286
277
307
289
306
306
287
262
307
289
267
296
289
291
270
281
318
308
291
285
274
274
290
287
286
285
274
292
264
275
276
283
284
275
289
280
279
296
294
291
288
281
289
310
269
274
274
261
265
309
314
280
291
297
304
276
294
278
287
308
257
289
294
253
278
330
288
283
286
298
274
263
280
272
303
297
287
284
304
274
259
274
281
293
265
283
283
281
276
303
271
316
276
280
278
262
288
255
308
285
274
255
293
270
288
279
274
317
272
303
285
314
254
278
279
285
267
288
301
300
297
292
288
286
290
290
296
290
296
318
293
279
271
287
310
289
292
289
289
272
262
293
244
272
279
287
282
277
266
272
278
287
283
268
295
309
302
275
310
315
293
278
296
270
282
269
283
285
269
288
274
287
293
307
308
305
281
284
283
293
313
291
278
316
279
300
261
299
274
282
312
278
313
288
279
307
289
306
288
281
298
300
290
299
291
267
275
286
289
304
296
285
319
292
320
293
278
279
288
265
292
290
299
268
299
318
284
333
279
277
265
311
272
302
282
333
288
304
296
297
308
304
316
273
280
281
298
297
282
292
269
299
345
291
279
316
301
283
281
279
285
317
317
297
294
302
289
300
332
296
297
296
284
284
296
282
321
312
281
315
339
313
304
288
317
280
290
298
294
288
300
325
282
291
279
296
303
275
282
308
270
321
249
291
289
288
294
295
278
273
311
285
304
242
318
298
271
287
261
276
318
278
267
282
323
322
334
260
291
303
273
299
289
299
269
311
316
282
279
268
305
272
320
300
295
283
288
275
298
290
298
325
304
297
309
317
321
268
316
265
269
329
295
292
296
320
298
302
310
314
316
283
299
297
287
316
327
313
286
293
298
291
299
289
287
274
333
321
308
290
280
314
328
304
326
271
304
274
277
316
290
309
316
320
300
258
300
298
313
319
317
315
360
324
277
314
266
300
317
288
335
304
342
303
289
305
311
289
299
280
330
306
323
335
258
299
332
303
302
321
292
328
337
316
335
333
282
318
324
299
304
286
285
308
292
298
266
290
318
302
332
326
340
319
332
337
280
306
318
281
320
331
291
287
311
314
284
311
324
296
298
323
300
310
326
303
312
319
286
322
296
287
319
317
305
299
324
290
305
321
287
338
313
319
298
305
339
271
337
311
346
313
320
297
302
317
316
314
318
316
290
338
316
342
318
306
320
323
309
343
292
349
336
343
287
321
352
310
325
275
312
311
346
302
312
323
342
337
309
316
296
312
331
290
298
342
299
304
286
301
304
337
352
317
347
298
356
311
312
301
312
317
295
284
324
305
317
337
308
286
316
316
324
343
338
330
278
298
339
330
303
333
344
339
342
337
310
324
337
336
318
330
314
325
346
323
346
313
344
301
319
310
307
315
339
309
303
312
326
347
329
338
338
339
288
343
332
336
332
309
296
319
340
325
323
328
358
341
344
334
329
341
329
326
338
305
330
311
344
338
352
296
333
333
339
305
338
339
345
312
356
322
342
322
332
340
336
340
318
324
307
355
310
343
314
328
347
320
340
318
331
361
334
315
363
327
386
388
340
312
347
316
336
359
347
327
348
321
334
353
340
393
321
323
339
325
344
343
344
341
343
339
346
342
306
341
370
307
318
332
322
320
345
319
337
315
336
319
363
342
334
346
353
336
319
349
286
325
335
344
340
346
323
311
313
359
354
321
342
306
333
321
321
328
313
308
342
308
361
351
320
346
364
286
341
342
323
353
344
363
343
339
333
340
327
357
346
345
327
350
323
333
350
317
375
347
360
338
327
375
344
347
343
319
317
313
322
357
344
357
309
326
344
389
357
344
358
324
357
338
339
333
341
348
340
349
345
334
324
365
335
341
322
330
339
304
350
346
357
318
350
292
342
326
315
360
333
361
316
334
357
332
336
333
316
364
300
362
338
331
304
329
360
326
307
338
313
348
354
323
321
316
345
327
376
306
327
350
352
341
340
338
336
347
348
349
323
336
337
371
321
360
316
340
317
363
334
345
345
308
346
327
317
336
335
372
363
326
373
343
312
333
355
342
364
347
345
343
319
330
338
334
345
337
309
338
368
330
340
334
355
307
354
342
333
336
316
334
348
351
331
306
322
294
373
312
314
327
361
333
335
317
329
299
308
332
323
346
308
339
327
333
325
325
298
353
321
347
335
319
323
326
338
313
315
314
330
303
358
300
310
311
347
281
296
307
320
302
336
350
340
296
329
340
334
342
315
299
320
322
316
308
292
352
297
325
285
276
325
333
306
307
321
340
302
329
291
333
321
324
298
298
309
301
296
315
352
319
346
319
291
328
325
321
289
331
349
307
328
337
314
337
309
309
302
286
331
331
301
307
285
323
293
319
307
305
303
311
304
308
286
305
323
322
308
321
316
295
301
299
301
317
312
321
283
271
291
305
301
321
302
287
306
305
278
313
281
316
281
298
313
296
277
295
289
302
315
312
302
296
270
318
252
267
275
322
293
292
317
296
287
304
303
284
285
291
313
286
289
270
272
273
292
268
297
297
294
285
252
255
291
300
296
291
300
275
266
274
257
282
286
271
290
286
281
282
275
279
308
256
252
307
279
259
250
290
283
272
264
262
279
282
269
233
277
275
289
292
272
257
274
243
268
277
276
304
274
256
241
286
281
263
264
260
291
250
290
270
303
255
272
245
236
264
248
264
298
293
269
268
239
265
265
251
291
281
245
217
280
249
255
256
257
242
293
240
267
243
260
245
260
276
279
238
241
238
244
259
279
249
244
232
261
245
216
237
247
270
234
267
229
239
237
242
257
244
251
242
241
249
276
244
267
245
219
205
238
233
268
294
270
250
227
237
259
261
271
225
224
237
213
214
232
211
257
245
254
215
227
218
225
236
209
253
219
230
248
252
255
277
210
242
227
233
263
232
203
244
223
221
261
219
254
231
237
234
234
207
221
227
242
214
223
219
245
233
258
254
222
209
210
233
217
238
246
214
258
224
245
225
248
192
254
215
205
225
253
227
220
247
231
230
240
226
243
230
214
245
249
219
271
222
244
243
248
201
223
235
231
235
225
245
252
270
209
218
236
236
221
201
212
204
217
192
237
230
227
234
237
223
233
216
218
201
206
225
202
220
200
243
223
220
230
237
225
237
244
221
207
231
223
202
249
222
207
206
242
218
241
224
192
205
200
180
213
231
226
232
204
222
217
206
230
228
196
230
212
201
207
224
194
232
224
224
230
209
206
257
224
212
211
206
228
236
186
224
216
216
205
213
222
221
214
218
175
205
209
195
227
228
215
208
218
220
225
192
200
232
221
220
185
208
224
204
212
203
207
224
208
223
210
220
220
204
228
234
200
186
228
215
216
211
188
191
214
221
239
206
223
224
228
195
203
215
190
210
206
197
206
218
231
235
208
206
205
215
202
196
228
202
220
201
203
198
207
224
188
188
202
193
210
212
214
232
217
214
214
178
225
213
206
227
204
219
225
237
210
227
218
207
207
225
190
221
196
249
196
215
197
230
221
205
178
211
206
198
227
216
236
201
193
203
236
221
176
209
213
200
226
201
195
211
226
200
233
212
217
215
210
219
209
213
204
215
212
207
205
195
194
219
211
228
216
222
184
214
232
213
231
209
223
211
211
215
200
212
209
201
202
213
228
195
224
225
200
206
209
216
184
223
217
213
240
203
210
214
230
243
215
217
206
186
228
199
216
240
249
228
221
204
194
208
203
222
216
215
212
239
213
226
220
217
232
223
206
215
232
226
243
216
232
231
227
208
260
216
281
193
230
240
220
212
228
211
217
251
239
206
229
214
231
222
233
235
268
242
240
258
249
207
272
257
241
223
225
281
261
262
259
217
276
257
251
234
225
244
251
276
241
261
252
256
254
250
267
246
280
264
273
245
268
268
268
266
229
264
255
253
270
275
304
279
286
235
272
243
268
277
315
273
239
267
270
313
277
289
292
282
284
302
277
283
280
289
290
276
293
298
302
280
318
297
314
313
312
304
364
331
314
304
326
309
330
337
292
301
311
294
357
337
344
306
353
286
354
338
336
353
318
332
333
388
357
366
328
367
355
350
376
343
367
396
355
351
391
370
381
385
372
418
357
390
395
398
395
405
435
391
377
383
414
422
402
431
407
435
419
423
414
420
415
422
416
436
446
440
419
428
461
411
451
456
466
446
422
478
451
474
452
438
442
463
509
467
463
482
494
528
456
493
478
549
477
472
474
498
469
496
529
524
488
515
525
551
513
514
540
520
524
505
576
540
509
557
563
551
537
553
599
573
541
543
565
540
533
599
527
617
558
569
586
523
602
589
594
576
599
605
609
586
600
675
618
632
635
570
569
616
595
612
589
656
609
589
627
630
620
631
652
641
646
636
609
628
681
608
611
644
642
693
688
631
660
667
686
639
670
665
661
654
689
637
669
641
684
630
683
679
628
637
680
703
723
677
651
671
668
676
708
668
713
629
696
670
770
666
720
707
701
666
705
685
687
691
664
652
695
691
615
682
674
733
671
682
672
697
691
688
699
654
699
636
660
680
725
690
646
722
687
694
657
673
673
699
691
647
689
665
638
668
641
708
672
639
673
636
661
662
686
689
623
642
599
651
660
672
631
677
628
639
629
637
652
612
647
617
634
588
650
600
620
624
613
660
603
622
545
604
590
566
608
564
584
604
592
526
610
587
588
582
570
520
541
547
591
583
564
569
536
569
548
527
563
545
531
496
512
533
509
531
480
494
486
507
538
488
477
491
501
520
495
486
499
501
469
457
495
459
434
437
447
441
478
453
443
467
406
414
395
380
433
437
417
431
405
395
438
437
425
398
396
407
394
377
368
372
382
358
410
359
342
375
378
362
355
361
360
332
340
329
349
348
357
344
351
344
312
286
280
343
294
315
293
272
275
294
284
297
310
316
280
270
279
270
271
289
277
261
255
253
254
238
303
234
247
244
261
246
236
234
238
251
227
245
212
224
236
230
227
215
215
204
220
177
217
190
226
218
186
207
219
207
198
211
233
195
174
193
210
192
198
156
188
170
181
177
208
184
169
162
195
180
170
166
178
158
178
171
171
165
160
156
165
181
162
176
149
158
182
170
166
185
152
162
144
142
154
169
162
170
156
166
167
171
127
171
141
165
159
148
152
143
183
158
150
141
150
145
169
195
162
150
154
142
150
155
161
137
143
164
156
132
145
157
157
144
153
177
160
155
162
181
163
176
161
146
169
155
139
166
158
177
160
147
174
151
171
166
175
158
173
161
168
189
186
157
167
188
184
173
159
178
163
185
181
200
197
185
181
190
172
171
180
176
192
184
189
194
226
188
201
183
204
195
196
182
185
219
200
210
213
223
212
226
198
205
231
206
213
222
220
225
215
221
208
249
252
226
224
244
228
224
226
236
244
266
247
256
280
245
242
267
270
259
277
269
272
255
273
271
260
278
261
253
286
265
297
289
301
299
269
294
296
291
317
286
295
274
317
289
312
295
322
328
298
323
306
322
298
329
321
335
349
322
298
341
364
320
331
316
347
335
348
363
348
364
339
379
357
374
346
352
373
381
401
342
368
377
349
382
394
385
376
351
401
391
390
396
420
389
388
371
394
397
387
386
384
428
441
399
440
371
422
468
479
443
439
444
410
437
397
441
422
436
454
448
442
426
465
475
502
463
426
436
454
467
482
466
494
496
502
433
487
486
493
514
483
449
504
517
480
487
478
510
521
477
496
525
476
479
482
481
488
548
507
496
543
520
482
532
535
528
539
556
524
521
549
536
499
553
551
482
548
530
536
563
524
545
504
485
544
565
533
540
563
517
524
516
534
558
562
581
572
548
559
518
564
554
561
555
528
560
484
524
551
569
571
530
532
529
553
557
551
512
548
525
553
530
548
553
558
569
570
564
537
547
515
539
512
519
560
539
500
516
539
577
558
535
582
538
504
514
551
554
539
498
506
511
530
559
548
553
512
532
484
491
570
504
538
502
500
558
509
529
499
465
523
518
506
512
519
501
502
517
483
506
546
467
476
480
479
484
490
495
491
431
480
473
475
503
496
450
462
436
469
446
456
463
431
436
401
460
426
424
390
427
459
443
425
408
395
417
444
429
405
455
405
383
414
379
390
385
390
337
364
401
389
385
369
375
355
329
387
358
368
374
366
340
390
365
370
350
343
317
340
322
318
325
329
342
329
346
315
329
322
326
319
305
270
279
311
294
260
282
280
281
300
293
264
281
267
260
263
220
256
260
235
248
265
235
253
229
253
253
233
228
241
227
236
200
206
230
205
224
212
203
211
214
211
218
223
184
205
189
200
182
195
197
177
200
172
189
214
176
156
155
174
164
159
147
158
147
149
173
137
149
143
131
152
141
162
153
132
124
153
146
132
127
133
133
140
127
105
136
131
120
128
120
106
107
101
100
106
102
98
109
102
100
108
99
82
111
90
81
95
73
92
95
87
101
83
75
73
81
73
86
94
77
62
66
71
68
94
69
73
70
72
67
87
56
76
63
54
43
67
62
74
60
64
49
64
64
53
52
52
52
57
63
55
50
47
54
56
59
59
51
44
41
52
44
47
42
54
33
42
35
47
42
40
32
51
37
34
39
25
47
33
42
33
32
28
30
30
31
26
35
30
22
34
48
33
27
32
34
33
36
29
28
29
35
19
23
35
23
20
18
23
20
28
26
27
13
21
31
18
24
21
19
29
21
24
23
22
19
24
21
22
18
18
19
27
13
16
22
19
24
22
13
19
21
16
13
20
12
13
20
20
9
13
11
18
10
14
18
19
10
22
10
20
19
15
20
17
15
16
21
9
9
21
18
15
14
9
15
17
19
9
21
20
7
14
16
10
11
21
11
13
15
17
16
13
12
13
13
16
13
11
13
7
20
10
7
10
9
10
18
15
8
13
12
13
9
13
9
14
12
15
13
7
9
13
14
11
10
11
9
12
12
11
13
14
15
6
6
6
13
10
16
12
8
12
8
7
8
8
10
4
7
9
11
11
11
12
8
9
9
11
15
9
8
6
10
11
7
12
9
7
10
5
11
20
11
10
5
14
10
4
7
6
12
10
4
8
2
11
10
10
5
16
10
13
12
7
9
10
12
12
15
8
9
8
13
15
11
5
9
11
11
6
8
11
12
6
12
7
5
7
6
11
5
3
6
5
8
9
3
12
7
8
10
8
8
6
3
7
9
13
4
9
9
8
3
8
7
4
8
7
6
3
4
6
5
7
6
4
8
5
14
9
8
13
6
10
12
4
8
3
8
6
7
11
7
4
9
10
5
13
7
8
13
7
7
3
2
2
8
13
9
7
2
6
9
4
3
5
4
3
3
5
8
3
9
5
8
10
5
6
6
6
5
11
4
5
5
10
10
8
6
10
8
9
10
0
7
6
13
7
9
5
7
2
2
5
5
7
7
6
8
5
9
9
5
4
7
11
7
5
9
7
0
7
8
10
8
5
3
10
9
2
7
12
9
7
5
4
2
6
8
7
8
7
3
4
4
3
5
7
2
6
10
6
7
3
7
9
5
3
11
8
10
3
6
2
6
2
6
7
6
8
8
7
4
4
7
5
5
6
5
7
7
8
5
1
6
4
5
5
4
5
9
3
3
5
9
7
9
5
3
3
8
7
3
8
4
6
6
10
7
7
3
5
8
4
6
2
8
6
7
4
5
6
7
5
15
4
9
4
5
3
6
6
7
8
7
12
6
9
6
3
4
4
3
5
6
8
3
4
7
4
11
6
8
4
5
6
5
5
4
4
2
4
3
5
7
2
5
6
9
6
6
5
2
5
5
7
10
6
5
8
2
5
9
5
7
8
6
4
8
9
6
4
10
6
4
3
7
10
11
8
7
7
4
6
10
3
7
7
8
7
4
6
6
3
1
6
11
7
2
7
4
5
2
7
6
3
3
4
4
4
8
8
10
6
7
4
7
5
8
2
5
4
8
7
5
11
7
10
5
9
7
3
3
6
4
9
7
6
4
6
4
5
9
7
4
4
3
3
5
9
5
3
4
6
4
6
4
6
7
6
8
8
2
8
10
4
8
9
6
4
3
6
4
6
4
3
4
4
5
5
7
7
11
3
5
1
5
3
7
3
4
5
4
6
7
5
3
8
7
7
8
8
3
7
2
6
5
3
4
5
5
3
5
3
2
5
4
0
2
4
5
6
7
6
4
4
6
6
7
1
2
7
4
4
10
4
4
7
2
2
5
4
10
4
9
9
4
7
3
5
3
6
4
5
5
2
6
7
3
1
6
4
5
3
8
7
7
6
8
8
6
7
5
3
4
3
5
6
6
2
6
4
5
7
5
5
4
5
9
8
5
4
8
4
5
0
7
4
8
4
6
3
3
9
5
8
4
5
3
4
5
2
5
4
2
2
4
7
2
5
2
7
8
2
4
4
6
3
2
2
7
3
6
7
4
8
6
6
3
4
3
5
2
8
6
7
5
4
3
6
6
5
5
5
8
4
6
8
10
7
2
5
0
4
1
2
2
5
2
3
8
3
9
3
7
3
3
3
6
4
7
4
3
3
4
2
7
4
4
4
7
8
3
5
3
3
5
11
4
7
5
9
5
3
2
3
3
7
2
4
7
1
4
3
6
1
7
6
5
3
4
5
2
3
4
7
1
8
4
5
4
2
3
3
4
10
4
7
2
8
4
4
4
7
6
1
3
5
5
5
6
3
5
0
4
4
3
5
6
2
5
4
9
4
6
8
1
3
5
2
4
7
5
4
5
8
6
6
3
3
2
7
3
3
2
5
7
4
2
7
2
4
3
3
8
3
6
7
5
2
7
7
4
4
6
4
3
5
1
7
4
4
2
8
4
3
4
4
5
3
6
8
3
3
3
4
3
2
6
2
6
7
0
6
2
9
5
3
4
3
4
5
2
5
7
7
6
3
1
2
4
5
5
3
2
5
6
7
8
4
5
5
1
5
6
1
3
4
4
3
1
2
5
3
4
3
4
3
3
4
4
2
7
3
2
5
1
1
4
2
1
3
4
3
4
3
6
2
4
5
1
4
7
3
2
4
1
5
7
10
3
2
2
5
5
8
2
2
4
1
2
8
4
4
3
4
3
2
7
5
1
10
1
1
6
1
4
2
3
6
4
3
2
4
4
4
3
5
6
4
1
5
2
6
3
5
6
2
8
4
3
4
7
4
1
6
2
2
3
1
2
2
4
3
8
4
4
1
6
6
7
7
3
4
1
3
6
2
2
4
0
7
5
2
2
4
4
8
2
4
8
6
4
5
9
4
6
6
5
3
4
3
5
5
4
4
2
2
3
0
7
6
1
2
3
1
4
1
4
2
4
2
4
6
4
6
4
6
5
4
2
4
4
5
6
3
6
3
4
3
3
3
2
2
8
5
3
2
3
2
6
3
3
6
4
4
5
3
4
1
6
5
4
2
2
1
5
2
4
2
8
1
2
4
9
2
3
4
3
4
4
2
8
2
4
3
3
3
6
2
5
4
2
1
6
3
2
4
3
3
3
6
6
5
3
1
3
8
3
3
1
5
2
4
8
4
2
1
3
2
5
1
2
3
5
5
1
1
4
4
2
6
8
2
4
4
2
5
4
3
3
4
4
5
2
4
3
5
3
4
2
4
3
3
2
4
8
6
3
4
5
4
3
3
5
5
5
1
3
6
3
4
4
2
3
2
3
4
3
7
3
6
5
3
7
6
5
5
1
4
7
7
2
4
4
4
2
7
7
6
13
14
9
9
5
16
9
14
21
15
17
25
18
20
41
34
35
38
49
42
50
58
71
73
82
79
86
98
115
101
100
128
116
116
111
114
119
120
115
141
136
142
135
130
159
159
159
151
179
189
169
197
186
177
146
114
78
48
44
19
15
12
8
5
11
7
3
8
6
3
2
5
12
9
11
9
17
27
15
14
3
0
0
0
0
0
0
0
1
0
0
0
0
0
0
0
0
0
0
0
0
0
0
0
0
0
0
0
0
0
0
1
0
0
0
0
0
0
0
0
0
0
0
0
0
0
0
0
0
0
0
0
0
0
0
0
0
0
0
0
0
0
0
0
0
0
0
0
0
0
0
0
0
0
0
0
0
0
0
0
0
0
0
0
0
0
0
0
0
0
0
0
0
0
0
0
0
0
0
0
0
0
0
0
0
0
0
0
0
0
0
0
0
0
0
0
0
0
0
0
0
0
0
0
0
0
0
0
0
0
0
0
0
0
0
0
0
0
0
0
0
0
0
0
0
0
0
0
0
0
0
0
0
0
0
0
0
0
0
0
0
0
0
0
0
0
0
0
0
0
0
0
0
0
0
0
0
0
0
0
0
1
0
0
0
0
0
0
0
0
0
0
0
0
0
0
0
0
0
1
0
1
0
0
0
1
0
0
0
0
0
0
0
1
0
0
0
0
0
0
0
0
0
0
0
0
0
0
0
0
0
0
0
0
0
0
0
0
0
0
0
0
0
0
0
0
0
0
0
0
0
0
0
0
0
0
0
0
0
0
0
0
0
0
0
0
0
0
0
0
0
0
0
0
0
0
0
0
0
0
0
0
0
0
0
0
0
0
0
0
0
0
0
0
0
0
0
0
0
0
0
0
0
0
0
0
0
0
0
0
0
0
0
0
0
0
0
0
0
0
0
0
0
0
0
0
0
0
0
0
0
0
0
0
0
0
0
0
0
0
0
0
0
0
0
0
0
0
0
0
0
0
0
0
0
0
0
0
0
0
0
0
0
0
0
0
0
0
0
0
0
0
0
0
0
0
0
0
0
0
0
0
0
0
0
0
0
0
0
0
0
0
0
0
0
0
0
0
0
0
0
0
0
0
0
0
0
0
0
0
0
0
0
0
0
0
0
0
0
0
0
0
0
0
0
0
0
0
0
0
0
0
0
0
0
0
0
0
0
0
0
0
0
0
0
0
0
0
0
0
0
0
0
0
0
0
0
0
0
0
0
0
0
0
0
0
0
0
0
0
0
0
0
0
0
0
0
0
0
0
0
0
0
0
0
0
0
0
0
0
0
0
0
0
0
0
0
0
0
0
0
0
0
0
0
0
0
0
0
0
0
0
0
0
0
0
0
0
0
0
0
0
0
0
0
0
0
0
0
0
0
0
0
0
0
0
0
0
0
0
0
0
0
0
0
0
0
0
0
0
0
0
0
0
0
0
0
0
0
0
0
0
0
0
0
0
0
0
0
0
0
0
0
0
0
0
0
0
0
0
0
0
0
0
0
0
0
0
0
0
0
0
0
0
0
0
0
0
0
0
0
0
0
0
0
0
0
0
0
0
0
0
0
0
0
0
0
0
0
0
0
0
0
0
0
0
0
0
0
0
0
0
0
0
0
0
0
0
0
0
0
0
0
0
0
0
0
0
0
0
0
0
0
0
0
0
0
0
0
0
0
0
0
0
0
0
0
0
0
0
0
0
0
0
0
0
0
0
0
0
0
0
0
0
0
0
0
0
0
0
0
0
0
0
0
0
0
0
0
0
0
0
0
0
0
0
0
0
0
0
0
0
0
0
0
0
0
0
0
0
0
0
0
0
0
0
0
0
0
0
0
0
0
0
0
0
0
0
0
0
0
0
0
0
0
0
0
0
0
0
0
0
0
0
0
0
0
0
0
0
0
0
0
0
0
0
0
0
0
0
0
0
0
0
0
0
0
0
0
0
0
0
0
0
0
0
0
0
0
0
0
0
0
0
0
0
0
0
0
0
0
0
0
0
0
0
0
0
0
0
0
0
0
0
0
0
0
0
0
0
0
0
0
0
0
0
0
0
0
0
0
0
0
0
0
0
0
0
0
0
0
0
0
0
0
0
0
0
0
0
0
0
0
0
0
0
0
0
0
0
0
0
0
0
0
0
0
0
0
0
0
0
0
0
0
0
0
0
0
0
0
0
0
0
0
0
0
0
0
0
0
0
0
0
0
0
0
0
0
0
0
0
0
0
0
0
0
0
0
0
0
0
0
0
0
0
0
0
0
0
0
0
0
0
0
0
0
0
0
0
0
0
0
0
0
0
0
0
0
0
0
0
0
0
0
0
0
0
0
0
0
0
0
0
0
0
0
0
0
0
0
0
0
0
0
0
0
0
0
0
0
0
0
0
0
0
0
0
0
0
0
0
0
0
0
0
0
0
0
0
0
0
0
0
0
0
0
0
0
0
0
0
0
0
0
0
0
0
0
0
0
0
0
0
0
0
0
0
0
0
0
0
0
0
0
0
0
0
0
0
0
0
0
0
0
0
0
0
0
0
0
0
0
0
0
0
0
0
0
0
0
0
0
0
0
0
0
0
0
0
0
0
0
0
0
0
0
0
0
0
0
0
0
0
0
0
0
0
0
0
0
0
0
0
0
0
0
0
0
0
0
0
0
0
0
0
0
0
0
0
0
0
0
0
0
0
0
0
0
0
0
0
0
0
0
0
0
0
0
0
0
0
0
0
0
0
0
0
0
0
0
0
0
0
0
0
0
0
0
0
1
0
0
0
0
1
3
0
0
0
1
1
0
0
0
1
3
0
0
1
0
1
2
2
0
0
0
0
1
0
0
1
1
1
1
0
1
1
0
3
0
0
0
0
0
1
0
0
1
0
2
0
0
2
0
1
0
1
0
0
0
2
3
3
0
0
2
1
1
2
0
2
1
0
2
2
1
0
0
0
0
1
1
0
3
0
1
2
1
1
2
3
5
0
1
1
1
3
1
2
2
5
2
3
1
3
2
5
5
3
6
6
5
7
2
10
5
8
6
5
4
8
12
9
11
24
20
19
