23
25
30
45
55
97
128
146
180
195
229
240
227
229
224
201
213
203
205
207
211
211
198
205
216
210
225
237
223
247
209
171
217
208
212
227
229
213
227
210
201
191
219
236
230
214
205
215
190
245
213
215
239
204
258
199
207
215
242
209
209
200
217
210
249
223
241
235
233
211
216
233
209
222
229
243
225
222
219
240
228
244
226
239
243
233
218
202
211
250
222
220
249
233
226
217
227
215
230
232
219
236
224
242
217
222
231
250
241
239
230
219
223
222
238
231
225
229
220
234
225
250
229
187
267
247
233
216
241
252
240
224
233
232
251
249
248
267
250
228
229
250
260
252
227
224
246
183
258
245
241
250
272
234
236
243
257
227
258
242
242
241
239
254
271
232
260
234
228
242
240
232
270
230
220
251
264
252
242
227
259
245
225
228
263
240
248
234
261
249
260
225
287
213
238
268
249
224
249
246
283
253
227
255
242
230
248
270
241
243
287
267
258
283
244
270
252
233
273
271
256
240
237
279
279
269
266
259
264
260
267
261
279
245
272
257
286
286
249
278
247
290
265
283
259
261
267
239
267
298
276
254
298
276
279
260
282
271
257
317
258
266
259
276
251
279
286
302
247
296
255
297
251
303
288
314
300
265
265
300
251
283
269
248
290
251
299
288
269
270
264
272
291
271
307
302
266
254
255
274
268
328
263
276
282
260
274
277
245
280
245
311
305
277
276
300
273
285
273
269
251
298
270
302
289
275
266
260
271
277
284
276
259
307
272
262
265
269
272
274
279
272
296
268
255
257
272
286
269
245
285
305
281
268
293
291
287
274
272
270
261
301
285
276
284
271
278
286
287
268
284
243
268
238
295
272
290
267
271
283
264
279
278
305
265
281
267
276
258
286
288
257
296
270
268
269
286
262
309
322
259
240
274
265
264
283
271
282
286
263
286
275
262
266
280
260
265
281
248
291
257
257
284
268
285
282
270
267
270
290
297
271
275
239
257
266
263
275
296
273
290
264
249
269
254
284
254
271
272
303
278
287
270
284
268
315
275
281
292
309
277
275
252
275
294
275
262
276
273
316
259
291
303
295
293
276
289
281
265
290
283
284
278
311
293
304
265
272
258
331
304
315
312
280
276
275
268
288
304
292
276
299
267
268
269
268
283
268
298
269
281
254
268
267
266
302
277
295
320
295
282
273
285
280
269
283
255
285
275
267
272
254
292
294
277
295
277
300
286
298
285
273
287
311
300
285
282
304
291
292
275
306
285
271
277
301
288
290
290
276
299
272
256
293
297
285
290
317
255
281
307
290
285
282
281
301
275
306
290
323
277
295
258
277
294
257
292
276
268
293
274
296
296
268
298
286
281
281
345
304
298
277
282
283
261
276
294
292
290
285
270
296
287
279
279
323
286
286
259
300
297
276
270
271
259
273
290
259
284
256
301
270
287
301
289
314
287
304
315
303
291
321
291
280
282
256
265
278
291
277
302
284
296
293
292
299
293
313
303
320
296
256
321
293
315
293
289
299
260
301
294
295
291
300
293
282
318
284
285
297
285
287
287
302
322
262
272
265
267
277
290
324
287
312
259
313
291
298
304
326
309
295
317
308
280
318
313
278
294
296
290
287
280
273
310
287
287
309
338
311
283
278
336
281
270
312
300
313
298
302
315
292
302
273
290
317
323
316
306
322
318
308
344
273
303
286
334
297
328
332
333
322
318
303
322
316
304
316
324
331
318
304
325
296
362
323
355
326
300
342
307
335
338
295
331
337
308
286
316
329
325
313
347
328
335
333
351
359
346
329
370
319
319
360
363
335
345
336
324
338
348
316
341
344
333
395
349
330
342
376
376
332
352
372
364
346
336
365
375
349
336
331
359
368
361
363
395
345
330
367
372
372
378
368
373
376
381
372
411
395
330
376
370
328
380
350
361
391
346
337
381
385
332
347
362
388
371
378
376
360
349
366
352
355
366
407
364
356
358
390
405
348
368
345
344
343
416
327
364
364
379
352
350
345
342
373
370
360
379
355
358
354
395
355
363
369
384
339
329
377
388
381
327
340
383
378
358
376
342
368
366
354
351
349
340
330
345
350
359
356
395
365
360
350
371
357
335
374
349
355
335
341
350
368
311
339
329
349
339
310
334
335
329
314
344
366
321
329
348
334
347
344
354
349
333
323
337
337
365
352
329
339
317
327
331
336
348
358
338
319
327
326
320
352
332
312
302
368
354
323
334
320
306
314
339
326
329
329
318
327
326
314
329
350
335
308
308
299
330
328
321
318
321
327
321
328
291
314
317
310
297
302
289
306
336
309
310
330
312
317
318
305
337
312
320
309
302
289
320
334
316
312
326
305
337
328
323
321
315
297
332
318
302
323
314
321
318
311
321
294
330
306
282
294
356
324
315
287
271
315
317
301
291
295
307
279
339
315
305
306
284
334
278
298
287
290
307
312
339
308
327
312
348
311
302
304
327
287
296
292
289
279
329
320
279
277
255
316
291
294
270
314
317
323
299
336
323
329
311
307
272
309
263
301
280
301
270
271
320
316
290
330
279
308
302
267
289
276
282
300
314
280
254
317
276
297
288
274
287
297
300
276
305
286
293
297
275
272
290
294
338
295
315
288
303
301
274
309
307
279
267
296
295
300
273
259
282
329
290
253
261
293
305
293
287
267
289
328
297
268
303
290
293
283
278
306
315
257
305
269
298
301
275
303
297
286
265
286
283
265
282
310
311
292
263
306
277
276
264
320
262
274
278
294
292
291
282
281
233
284
315
248
257
310
263
263
283
290
286
264
265
271
268
274
279
284
296
258
253
283
249
299
249
304
263
258
280
313
260
240
277
257
275
277
258
281
271
273
248
288
271
227
264
253
276
254
277
249
265
268
300
315
299
252
289
276
283
272
279
265
279
257
274
238
275
254
271
269
254
272
257
268
294
262
250
279
287
268
277
253
261
261
283
275
262
270
278
250
231
261
282
268
286
261
276
272
262
264
283
257
253
252
272
249
220
270
252
256
261
288
235
284
243
263
258
245
250
253
216
274
284
256
252
255
264
268
276
241
269
245
242
263
230
244
248
231
251
265
257
255
294
244
243
277
289
276
240
247
250
256
253
282
251
257
256
251
263
224
277
273
269
265
270
266
239
244
272
262
233
270
245
259
268
257
291
245
245
270
264
278
262
259
263
265
228
274
249
236
243
239
252
240
247
269
256
248
267
278
258
279
229
276
237
266
253
271
290
250
265
263
239
276
242
239
271
229
257
257
257
283
279
260
256
229
239
263
246
247
253
267
271
258
270
241
237
245
237
223
257
229
248
225
253
237
264
256
242
227
270
271
246
261
263
254
245
249
234
250
262
223
257
248
234
219
264
244
282
248
260
249
249
234
264
238
244
282
225
223
241
237
253
217
268
235
239
220
269
262
258
256
225
246
251
260
226
249
216
239
243
253
266
247
215
231
213
232
233
217
261
238
255
233
232
265
244
248
239
233
218
254
235
243
247
248
246
240
231
237
245
261
233
247
234
258
268
225
243
268
276
228
244
236
246
252
244
227
248
244
234
231
261
257
249
220
254
239
254
256
255
242
238
256
217
227
248
236
240
244
259
234
251
242
267
226
254
269
246
201
227
221
291
230
231
262
244
244
230
239
242
245
225
240
227
230
223
253
234
255
251
256
253
251
268
266
233
241
224
247
233
242
225
210
225
217
243
227
277
252
255
258
228
233
233
225
246
241
238
233
231
241
275
233
274
245
253
250
246
260
237
248
229
210
210
255
239
240
235
260
239
207
261
248
232
232
218
200
231
237
243
248
227
257
213
257
256
234
268
239
249
235
252
223
251
238
249
234
224
230
192
234
207
240
239
236
242
234
265
219
211
251
261
225
248
230
273
225
257
225
243
239
243
228
254
215
232
222
265
256
242
251
250
244
239
199
228
229
221
253
238
230
218
234
250
242
243
242
256
230
206
233
241
246
234
268
237
242
226
241
223
236
235
232
217
222
211
235
283
242
234
229
216
226
226
234
246
216
240
239
218
242
205
233
252
214
221
212
242
257
257
229
266
208
217
214
265
213
260
250
252
250
250
244
250
221
259
217
244
231
233
247
227
238
244
206
206
229
237
238
221
241
252
213
208
244
246
222
212
215
261
225
204
246
242
207
252
254
200
218
249
234
218
232
232
253
215
214
243
247
249
248
253
274
222
225
243
207
259
225
227
208
257
222
225
234
239
221
235
257
230
230
236
255
245
252
229
245
237
241
240
232
243
237
216
230
256
239
237
210
203
239
276
235
230
242
254
229
213
232
235
236
245
220
224
251
214
220
238
227
212
253
239
257
224
211
254
211
239
209
225
219
255
235
242
253
251
222
218
230
241
253
244
257
222
265
221
236
227
230
241
237
221
235
220
226
228
218
233
235
233
233
229
212
249
223
223
221
239
225
243
251
240
249
228
231
243
246
218
234
232
255
224
215
213
212
248
229
243
251
229
247
238
213
205
230
229
208
202
232
263
244
216
236
234
224
205
245
237
236
231
244
198
216
247
224
229
239
233
234
227
208
226
200
222
240
220
240
219
234
208
209
229
253
238
238
228
229
230
216
220
237
237
243
231
222
223
255
231
209
237
240
236
224
226
255
237
266
222
217
212
211
229
226
221
215
224
219
216
236
212
242
217
235
242
220
219
213
240
220
246
213
227
238
218
235
242
242
224
260
232
224
240
221
251
242
244
226
227
209
216
232
246
238
193
231
258
255
237
239
234
226
212
225
223
241
242
195
193
219
241
195
239
224
229
187
230
250
226
225
233
231
221
225
240
237
255
214
280
233
247
220
230
246
225
244
226
274
229
225
248
218
203
217
223
220
242
210
226
234
257
228
220
225
210
220
227
223
203
228
207
247
213
242
213
227
254
252
238
264
226
232
255
208
232
222
218
196
220
236
231
213
226
251
221
215
234
249
218
227
233
239
230
222
231
243
215
233
208
230
225
215
228
245
236
205
220
238
223
228
227
230
232
219
238
244
228
206
242
225
250
215
236
216
229
258
213
208
233
228
236
249
232
246
218
198
236
235
236
233
213
249
217
236
246
234
243
226
225
233
212
235
222
219
247
224
235
211
262
234
263
245
238
224
244
248
248
226
211
238
226
223
233
241
221
211
223
222
229
201
234
241
221
230
228
221
237
236
231
253
231
264
226
207
234
239
225
242
233
245
248
231
235
243
221
232
210
203
217
226
239
230
246
248
252
207
248
213
230
236
263
240
227
208
228
204
233
269
213
235
234
238
241
244
231
219
217
235
224
227
240
231
242
253
232
240
246
240
246
271
233
217
217
231
237
224
240
228
249
229
221
241
217
223
216
222
242
224
235
240
230
221
214
229
245
254
225
235
241
215
224
242
249
224
243
248
233
242
260
233
255
226
227
250
226
231
244
241
243
235
229
242
225
247
231
220
224
209
252
203
223
221
227
199
228
254
244
230
258
237
248
227
247
221
210
233
236
243
234
244
215
232
254
219
240
243
237
235
219
249
236
245
231
230
236
228
241
230
220
216
247
236
217
207
231
241
221
262
218
227
246
235
232
260
224
225
227
216
247
227
243
237
216
252
224
229
219
208
221
231
227
219
231
228
249
256
243
230
224
266
244
230
251
251
239
244
222
217
222
225
231
240
225
261
216
229
215
238
228
242
215
228
237
237
232
242
228
231
246
232
224
254
234
244
243
217
248
225
219
253
251
223
246
219
253
219
246
270
266
265
237
232
238
227
244
236
231
228
240
253
234
219
240
230
251
245
224
215
231
222
253
232
225
191
226
210
248
239
223
235
252
261
234
232
244
220
209
243
236
237
218
249
218
246
248
224
224
248
248
246
230
245
242
214
242
212
276
237
233
232
240
224
239
259
250
223
233
257
251
250
234
251
218
239
234
239
267
235
249
225
237
219
245
277
238
263
243
227
225
254
231
250
251
267
242
260
234
219
233
255
214
215
238
277
244
246
210
221
253
223
249
205
241
260
216
220
253
266
243
259
211
228
227
210
226
249
242
246
242
238
239
213
246
243
234
246
222
262
263
228
273
268
242
234
236
254
233
250
243
237
236
223
264
229
222
261
238
260
248
249
253
216
251
246
235
238
209
248
244
222
237
268
235
241
227
277
242
252
248
230
231
251
243
253
242
269
227
242
269
243
244
240
239
217
227
252
219
232
244
251
264
256
260
260
228
228
231
262
248
265
235
247
232
250
229
258
256
250
224
234
231
210
243
251
241
289
243
237
237
229
245
272
226
237
269
235
224
240
215
254
255
244
242
232
246
252
265
241
253
254
246
248
233
210
229
241
238
249
254
240
253
253
240
259
236
270
243
266
264
236
221
239
238
228
249
266
216
256
240
246
227
255
245
240
238
212
220
268
237
221
242
244
221
230
239
229
251
252
243
254
254
248
256
282
251
258
252
267
208
249
269
224
264
239
262
243
264
258
252
247
260
247
266
236
241
253
256
238
245
259
226
287
236
239
256
261
266
247
263
236
265
257
246
288
263
257
240
261
243
236
281
266
252
266
242
250
231
263
259
259
254
245
250
250
247
271
244
245
254
298
238
273
265
243
254
247
278
268
234
227
247
267
249
224
276
266
217
240
236
254
234
250
257
264
244
231
263
276
274
275
240
276
263
244
220
258
280
275
261
234
227
260
251
249
255
257
237
266
254
254
254
274
296
262
251
252
234
254
275
253
277
216
282
236
267
258
234
268
286
242
284
256
268
272
243
266
272
261
254
245
247
258
244
240
247
255
249
238
238
223
216
277
284
238
269
268
262
257
260
269
256
266
246
260
242
252
262
277
264
258
256
260
240
251
272
271
242
271
263
252
261
297
252
254
251
244
260
264
258
283
256
247
272
267
251
231
263
255
241
250
251
260
248
260
247
267
249
268
287
277
249
280
260
278
303
246
264
297
289
246
276
274
259
267
258
249
282
272
279
242
257
296
257
285
262
276
287
251
261
251
280
276
265
251
257
291
254
263
268
242
270
230
257
279
265
277
301
284
265
273
249
273
288
296
284
249
293
274
261
274
292
273
299
272
267
278
282
282
288
247
263
264
246
296
266
267
238
275
255
280
280
286
290
263
260
254
260
263
284
261
263
288
265
298
271
257
281
270
270
273
294
317
319
245
255
298
257
276
275
294
273
266
279
292
275
268
283
286
264
281
279
272
256
260
263
254
275
315
267
313
292
283
266
279
310
313
299
286
271
290
274
235
285
261
273
244
272
251
272
264
289
297
295
321
276
267
262
278
283
319
293
280
281
274
280
284
287
294
251
303
285
280
286
251
284
273
296
271
270
293
284
253
279
262
293
278
261
273
270
280
271
301
252
286
265
299
319
267
285
285
275
275
267
292
283
283
276
271
309
289
275
315
320
280
285
274
279
310
247
271
258
259
273
269
278
288
291
325
295
264
304
284
289
286
288
274
277
286
291
282
312
324
279
293
304
306
275
261
290
281
275
288
288
281
292
298
264
312
267
282
278
306
286
270
261
284
304
312
264
302
243
263
268
285
289
296
304
283
272
315
298
269
268
277
291
269
271
270
261
286
295
248
341
270
240
326
274
296
314
293
292
278
296
266
300
264
271
321
299
293
269
296
286
287
251
320
291
278
303
290
282
270
283
285
302
275
285
280
267
309
265
271
275
300
290
277
270
308
301
303
288
269
309
285
284
274
274
278
280
294
281
289
291
256
251
322
301
290
276
260
286
308
306
262
283
256
273
279
315
242
280
276
266
283
284
299
262
268
287
280
272
244
258
284
285
305
293
289
278
275
287
298
302
290
291
258
268
269
265
288
296
297
284
264
309
276
271
306
288
268
315
261
261
277
279
269
261
291
279
318
294
270
272
240
295
303
292
289
281
282
295
277
249
267
266
278
277
275
270
287
291
292
249
267
289
269
271
276
298
252
308
289
259
298
250
264
273
278
259
279
257
263
248
279
284
246
260
260
270
266
234
281
305
264
242
236
257
271
278
260
274
300
261
266
238
275
278
243
294
273
271
267
258
260
243
248
291
229
265
266
270
260
284
288
278
269
276
279
250
264
251
272
253
241
239
267
265
270
280
247
272
261
265
263
264
243
265
260
250
245
257
276
237
224
225
237
236
246
267
258
233
246
264
268
258
264
266
285
254
224
253
259
265
239
214
253
250
237
245
239
261
245
219
258
253
252
252
239
263
262
269
255
224
222
248
253
235
236
239
211
284
253
267
210
212
219
265
235
235
266
228
250
226
242
227
248
239
248
219
241
237
203
245
241
226
224
212
240
286
245
207
215
232
203
234
232
240
223
221
223
223
207
212
218
201
214
247
230
235
242
241
232
232
234
222
231
207
211
221
220
216
212
241
208
230
219
236
213
241
201
209
224
228
225
221
218
219
226
199
233
225
198
233
240
212
224
235
214
197
220
214
222
218
200
205
220
192
204
230
182
223
212
212
216
220
204
223
193
220
209
212
196
243
197
200
201
197
197
197
203
227
208
214
229
188
191
224
213
209
206
193
223
201
238
191
217
184
215
202
212
182
192
186
191
213
217
203
200
220
199
199
174
188
223
206
202
197
191
193
175
217
186
189
179
197
190
188
209
171
200
214
176
216
203
195
172
190
203
197
222
165
200
189
207
208
217
193
198
197
178
202
184
222
185
195
175
180
196
180
193
195
185
196
202
190
190
208
198
196
170
176
202
189
186
192
183
213
186
197
203
207
182
182
168
205
181
177
179
173
196
169
181
159
182
176
193
175
204
172
184
154
180
185
200
159
175
207
195
191
206
183
197
178
185
198
195
180
202
183
189
201
181
198
171
186
196
197
177
187
199
178
167
207
218
186
183
154
164
200
204
180
173
190
195
190
166
157
176
184
181
184
195
178
191
191
188
178
183
188
180
175
183
181
182
174
179
190
142
201
182
200
185
207
181
166
188
173
195
199
182
210
178
202
174
163
183
146
198
164
185
183
176
177
197
176
175
184
188
175
173
169
183
164
180
158
161
160
164
183
182
169
191
180
169
173
184
196
172
199
182
181
178
168
170
183
179
193
153
167
178
173
183
157
183
166
203
174
188
177
174
173
190
167
190
171
179
148
173
175
184
178
177
182
192
160
182
162
182
156
180
175
184
177
159
175
166
175
172
194
175
174
183
177
169
158
186
181
201
157
166
168
172
185
191
188
166
167
169
159
179
178
182
169
162
183
170
170
144
175
174
155
172
178
160
193
182
186
173
166
156
177
164
153
172
171
169
171
194
170
151
179
163
170
180
187
164
169
177
176
182
180
146
180
155
174
171
169
171
181
171
190
161
188
163
161
179
178
181
166
187
173
172
170
155
164
179
168
158
177
169
183
177
182
178
174
195
162
173
200
164
181
157
196
174
191
192
140
178
181
158
180
176
179
181
176
159
164
179
194
154
187
165
175
158
167
194
185
178
151
178
180
172
191
187
174
182
191
195
184
194
195
150
172
171
179
187
168
156
189
172
201
191
186
215
191
184
191
184
198
181
204
207
201
218
197
187
218
198
203
175
231
182
193
178
189
206
185
182
170
186
199
218
179
206
183
212
191
185
196
189
207
191
212
208
192
222
193
201
206
215
183
194
231
210
232
186
215
231
219
215
205
218
192
231
241
255
216
224
226
204
252
237
226
237
218
254
220
266
245
220
213
236
239
249
236
264
261
223
242
254
215
233
275
237
250
254
240
255
264
226
272
259
265
271
280
265
247
301
267
276
282
276
243
265
262
292
283
265
292
256
284
290
273
264
292
294
313
290
334
308
298
298
284
278
316
333
320
307
326
306
324
331
323
339
335
330
337
333
355
393
339
350
364
342
370
335
352
361
361
361
357
349
373
364
347
382
352
379
382
397
404
372
380
379
384
394
390
380
393
391
397
398
365
398
391
414
385
406
425
399
390
409
383
430
406
414
455
425
445
443
444
432
432
429
429
460
457
426
447
482
528
459
441
465
485
469
444
463
483
464
500
496
493
464
498
488
503
503
489
468
518
490
503
472
521
516
492
530
474
539
512
525
555
513
519
527
525
471
544
545
535
533
515
558
519
541
517
473
570
547
548
488
552
547
560
534
568
556
556
553
594
546
550
557
598
577
622
569
556
626
588
579
616
597
571
553
609
574
598
617
569
567
584
597
557
588
578
561
604
598
559
573
607
579
583
593
558
606
562
597
548
594
589
588
582
575
590
588
610
578
601
572
593
575
585
518
549
599
590
556
526
516
604
532
557
555
627
576
558
594
557
580
546
535
565
548
554
578
529
546
521
548
557
579
546
543
539
520
547
583
524
560
525
519
475
545
498
502
505
567
524
500
520
532
517
498
549
508
499
504
547
523
476
533
486
477
469
471
468
506
432
455
500
478
473
467
477
479
481
423
480
452
429
473
471
440
475
417
447
431
438
424
445
428
400
399
406
398
411
392
416
400
400
412
376
393
396
389
394
402
416
358
339
393
355
350
344
354
357
345
356
356
322
322
336
298
340
316
332
303
301
322
311
337
319
291
335
294
306
314
315
296
280
266
270
324
308
297
274
268
277
290
245
256
246
239
260
261
257
245
229
214
240
254
249
217
226
232
237
248
240
230
246
233
210
204
201
193
212
209
201
200
194
202
235
192
187
200
177
199
182
186
193
207
219
188
169
169
165
152
193
182
195
174
164
172
147
149
150
181
160
152
149
137
148
159
142
160
138
151
158
134
134
136
136
151
135
132
138
140
139
131
148
126
146
136
141
136
117
108
140
122
141
105
115
124
136
134
115
121
131
122
118
134
145
120
117
123
117
131
114
110
114
115
104
118
107
110
113
116
124
118
118
134
102
113
125
145
100
109
112
128
128
129
104
122
115
110
121
124
110
140
137
100
98
108
109
121
150
152
129
120
103
124
129
112
131
118
125
108
125
111
136
117
125
119
129
126
132
139
111
129
114
133
124
128
143
123
121
157
128
123
142
150
114
159
130
148
147
144
165
155
125
163
152
152
145
141
150
149
162
143
152
184
167
155
162
180
158
167
177
177
153
161
174
180
166
153
183
162
165
163
175
175
166
186
186
176
196
184
214
206
180
202
198
194
201
204
186
192
214
202
208
212
181
206
178
246
206
199
215
191
221
222
223
209
220
234
228
213
227
241
192
227
263
230
241
251
228
245
234
252
262
266
225
246
272
269
244
245
258
267
281
265
247
274
248
287
248
273
264
298
294
271
305
273
292
293
282
301
290
277
297
315
293
296
299
306
303
307
310
309
316
338
275
328
320
325
325
347
338
361
339
339
346
345
386
347
335
346
363
359
329
362
353
370
360
390
370
406
356
349
371
352
384
360
353
389
379
370
391
364
384
377
398
383
369
377
375
436
403
397
388
396
393
402
409
358
420
424
387
395
385
423
397
410
421
410
407
406
444
431
444
420
422
409
466
447
429
383
470
445
440
502
418
483
446
430
453
447
434
416
463
451
448
440
420
426
437
463
442
479
435
444
477
438
445
454
477
446
451
475
424
422
479
467
474
454
469
493
450
461
460
444
439
448
452
424
494
476
519
496
450
475
464
501
423
496
458
451
449
471
407
470
479
467
453
503
431
459
429
441
461
444
444
439
440
469
449
419
465
451
460
468
414
445
419
460
408
454
458
439
449
461
418
462
433
405
382
435
395
439
393
435
396
402
394
403
373
402
429
449
388
392
374
425
385
407
387
376
381
425
367
381
403
389
358
382
376
360
396
388
365
359
401
379
386
382
362
378
365
358
336
360
328
354
342
340
332
343
300
326
323
331
352
326
349
348
345
328
347
302
331
303
345
322
287
298
303
303
282
284
278
289
295
308
314
301
275
293
248
253
301
282
256
275
288
257
266
238
260
265
227
230
253
230
233
227
219
230
261
233
229
251
232
237
244
212
225
206
218
231
229
204
229
209
217
202
163
170
179
187
193
198
171
198
133
166
185
180
168
162
176
168
170
187
166
138
153
187
162
136
130
139
169
159
153
149
145
151
138
142
128
135
125
135
152
127
97
121
117
134
127
115
105
100
121
121
93
109
117
106
121
98
88
121
97
101
80
97
104
111
103
95
93
84
86
109
79
90
90
77
99
79
76
77
73
73
63
76
69
73
57
86
56
69
66
82
71
74
70
75
66
68
60
49
62
63
48
49
49
58
41
48
46
59
38
46
49
53
50
56
48
46
50
28
50
56
49
37
38
32
32
38
34
33
36
38
45
32
29
43
25
42
37
22
26
31
44
29
26
38
34
25
34
32
33
28
31
39
25
21
32
28
15
24
21
22
23
20
22
22
20
25
19
31
23
25
25
20
14
16
19
26
23
26
17
16
25
15
14
30
17
18
13
26
14
20
19
20
15
23
22
20
14
22
18
21
11
16
16
10
14
11
9
20
14
16
21
19
14
11
14
11
22
14
17
15
12
8
12
11
20
14
17
7
15
14
9
12
14
15
7
11
17
14
8
17
13
14
9
12
9
10
11
11
11
10
9
10
19
10
10
6
8
7
7
4
20
10
4
5
9
14
8
5
11
8
6
14
9
8
9
9
9
11
8
9
8
12
7
5
12
8
2
17
12
7
7
14
9
7
11
9
10
10
9
5
10
5
3
7
6
10
15
10
8
11
5
12
9
11
8
6
8
7
7
5
8
4
5
8
6
8
6
9
13
6
6
9
5
8
6
7
10
13
8
8
9
5
7
5
6
6
6
7
7
7
3
6
7
3
7
4
8
5
8
7
7
3
6
7
8
7
8
6
7
8
5
8
6
8
4
8
3
4
4
4
7
5
4
3
7
3
10
6
8
6
4
3
6
8
5
3
5
12
2
9
12
7
3
3
6
12
10
9
7
5
6
1
4
8
2
2
7
2
7
2
5
6
8
4
4
5
10
5
10
3
2
2
8
6
8
3
6
4
4
6
8
6
2
6
5
5
3
5
7
5
3
4
4
5
4
3
6
8
5
2
6
3
4
7
5
4
5
7
7
3
3
1
6
6
7
3
9
4
7
7
1
7
3
6
4
4
7
5
6
6
6
5
8
5
5
3
5
9
4
3
6
2
3
6
4
2
3
5
5
6
7
2
5
3
11
2
2
2
1
5
6
2
4
7
3
5
5
3
2
4
6
9
3
4
3
1
6
3
6
6
3
3
4
3
3
3
2
6
1
4
2
5
3
3
2
2
5
3
4
3
4
4
6
4
6
5
2
4
5
0
4
4
3
4
4
8
5
9
4
8
4
3
4
6
2
5
2
4
0
7
4
4
4
4
3
3
3
2
5
2
4
3
2
5
2
4
3
2
4
2
1
2
8
3
1
5
4
5
2
4
2
4
3
3
5
2
4
4
4
6
5
2
5
10
2
4
6
4
4
5
4
7
4
3
7
4
6
3
5
6
1
2
4
4
2
3
5
0
3
2
6
4
5
5
2
4
8
2
7
7
3
6
2
5
10
4
6
7
5
1
3
3
2
2
3
9
3
3
5
2
3
7
3
6
4
1
4
4
4
5
1
3
2
3
9
2
8
3
2
6
3
4
5
0
7
4
4
5
2
1
3
3
5
2
1
3
3
2
10
3
3
2
0
4
4
0
3
3
2
2
3
4
5
4
5
1
4
3
1
2
4
3
2
5
7
3
2
7
2
7
1
3
2
1
2
5
3
4
2
1
5
3
4
1
5
5
2
4
5
3
3
4
0
2
4
1
4
4
1
9
6
7
2
4
5
4
3
3
5
2
3
2
2
3
1
4
2
1
5
2
4
3
2
4
4
4
5
2
2
0
2
3
4
2
3
5
4
4
2
3
3
7
2
2
3
5
6
5
6
1
1
3
4
3
3
0
5
5
2
6
3
0
4
3
3
4
2
4
2
5
3
2
5
2
5
4
3
2
2
6
3
2
0
3
1
2
2
2
0
4
4
1
2
7
2
0
3
4
3
4
3
8
5
5
1
2
1
2
3
1
3
3
3
1
3
1
1
5
1
3
3
6
3
1
2
3
5
3
1
3
5
4
3
8
2
3
0
1
1
0
0
5
5
5
4
4
1
6
5
3
7
4
1
1
2
2
1
3
3
3
1
1
4
3
5
4
3
3
0
0
1
2
5
1
3
1
2
4
1
4
2
1
2
1
5
7
3
2
3
2
3
2
3
4
1
0
4
4
2
2
5
3
4
1
7
2
2
0
3
1
3
2
4
1
6
5
5
4
1
2
4
4
3
1
4
4
5
0
6
4
0
2
1
0
1
2
3
4
2
3
2
3
2
2
1
2
1
2
5
4
2
1
4
1
4
0
2
7
1
2
3
5
0
2
4
2
1
0
1
5
2
1
1
5
1
2
3
4
4
2
6
3
2
4
2
7
5
5
5
3
1
1
4
4
3
5
2
3
1
2
2
5
4
4
2
0
3
7
3
1
4
2
3
1
3
2
2
2
3
3
1
2
4
2
5
3
2
3
2
2
3
0
2
2
1
2
2
0
2
2
2
5
5
3
2
2
4
2
1
1
6
3
2
2
2
1
2
0
4
5
0
1
1
2
0
1
3
1
2
2
4
6
1
1
3
1
1
3
4
2
1
3
2
6
1
4
2
3
1
2
4
1
1
4
3
3
2
1
6
6
1
2
3
5
3
2
2
1
0
3
3
4
0
3
2
1
2
3
2
0
3
5
1
4
2
4
3
2
5
5
2
3
0
2
6
2
3
4
1
2
3
6
0
3
5
6
1
6
5
1
2
0
1
1
1
3
1
2
3
0
0
1
4
1
4
3
1
2
1
4
1
1
7
2
3
4
3
0
3
1
4
2
1
3
2
3
2
3
6
4
2
3
2
5
4
4
5
2
1
2
1
2
0
0
2
3
1
2
2
2
1
1
1
3
2
2
0
2
1
0
3
5
1
1
1
3
5
1
1
5
4
1
2
2
4
3
3
2
3
0
2
3
5
2
2
3
3
3
2
0
3
0
4
4
4
2
1
2
1
2
0
0
2
4
1
4
0
4
5
4
3
2
1
1
0
1
1
4
3
3
2
2
1
3
0
0
1
2
2
3
2
4
1
3
2
4
1
0
3
1
5
2
0
3
3
2
3
5
6
2
1
1
5
4
1
4
0
2
2
3
3
3
1
2
2
2
1
4
1
4
1
3
2
1
2
4
1
3
2
3
2
2
0
3
3
3
2
4
2
1
2
7
2
1
1
2
3
0
1
1
2
3
4
3
0
0
1
3
0
2
4
3
5
1
1
1
2
2
1
2
3
1
3
2
0
3
2
1
1
3
3
3
3
3
1
0
0
2
0
2
1
5
2
2
3
5
1
3
1
3
2
1
3
0
6
0
2
0
2
2
1
2
2
3
3
2
2
0
3
5
3
2
1
4
1
3
4
2
2
0
1
2
2
0
5
1
5
1
1
2
0
4
3
4
1
2
4
2
2
3
7
2
5
4
1
2
3
4
2
3
4
1
3
2
6
3
7
6
7
8
9
10
6
8
4
4
14
15
16
15
21
16
23
22
28
39
39
31
48
25
42
60
59
65
60
50
60
70
58
62
81
52
74
68
83
90
87
80
85
84
83
93
76
100
112
109
132
114
109
101
72
63
31
21
17
17
6
2
2
2
3
6
2
8
6
9
3
6
6
12
15
23
27
27
12
17
3
1
3
1
0
0
0
0
0
0
0
1
0
0
0
0
0
0
0
0
0
0
0
0
0
0
0
0
0
0
0
0
0
0
0
0
0
0
0
0
0
0
0
0
0
0
0
0
0
0
0
0
0
0
0
0
0
0
0
0
0
0
0
0
0
0
0
0
0
0
0
0
0
0
0
0
0
0
0
0
0
0
0
0
0
0
0
0
0
0
0
0
0
0
0
0
0
0
1
0
0
0
0
0
0
0
0
0
0
0
0
0
0
0
0
0
0
0
0
0
0
0
0
0
0
0
0
0
0
0
0
0
0
0
0
0
0
0
0
0
0
0
0
0
0
0
0
0
0
0
0
0
0
0
0
0
0
0
0
0
0
0
0
0
0
0
0
0
0
0
0
0
0
0
0
0
0
0
0
0
0
0
0
0
0
0
0
0
0
0
0
0
0
0
0
0
0
0
0
0
0
0
0
0
0
0
0
0
0
0
0
0
0
0
0
0
0
0
0
0
0
0
0
0
0
0
0
0
0
0
0
0
0
0
0
0
0
0
0
0
0
0
0
0
0
0
0
0
0
0
0
0
0
0
0
0
0
0
0
0
0
0
0
0
0
0
0
0
0
0
0
0
0
0
0
0
0
0
0
0
0
0
0
0
0
0
0
0
0
0
0
0
0
0
0
0
0
0
0
0
0
0
0
0
0
0
0
0
0
0
0
0
0
0
0
0
0
0
0
0
0
0
0
0
0
0
0
0
0
0
0
0
0
0
0
0
0
0
0
0
0
0
0
0
0
0
0
0
0
0
0
0
0
0
0
0
0
0
0
0
0
0
0
0
0
0
0
0
0
0
0
0
0
0
0
0
0
0
0
0
0
0
0
0
0
0
0
0
0
0
0
0
0
0
0
0
0
0
0
0
0
0
0
0
0
0
0
0
0
0
0
0
0
0
0
0
0
0
0
0
0
0
0
0
0
0
0
0
0
0
0
0
0
0
0
0
0
0
0
0
0
0
0
0
0
0
0
0
0
0
0
0
0
0
0
0
0
0
0
0
0
0
0
0
0
0
0
0
0
0
0
0
0
0
0
0
0
0
0
0
0
0
0
0
0
0
0
0
0
0
0
0
0
0
0
0
0
0
0
0
0
0
0
0
0
0
0
0
0
0
0
0
0
0
0
0
0
0
0
0
0
0
0
0
0
0
0
0
0
0
0
0
0
0
0
0
0
0
0
0
0
0
0
0
0
0
0
0
0
0
0
0
0
0
0
0
0
0
0
0
0
0
0
0
0
0
0
0
0
0
0
0
0
0
0
0
0
0
0
0
0
0
0
0
0
0
0
0
0
0
0
0
0
0
0
0
0
0
0
0
0
0
0
0
0
0
0
0
0
0
0
0
0
0
0
0
0
0
0
0
0
0
0
0
0
0
0
0
0
0
0
0
0
0
0
0
0
0
0
0
0
0
0
0
0
0
0
0
0
0
0
0
0
0
0
0
0
0
0
0
0
0
0
0
0
0
0
0
0
0
0
0
0
0
0
0
0
0
0
0
0
0
0
0
0
0
0
0
0
0
0
0
0
0
0
0
0
0
0
0
0
0
0
0
0
0
0
0
0
0
0
0
0
0
0
0
0
0
0
0
0
0
0
0
0
0
0
0
0
0
0
0
0
0
0
0
0
0
0
0
0
0
0
0
0
0
0
0
0
0
0
0
0
0
0
0
0
0
0
0
0
0
0
0
0
0
0
0
0
0
0
0
0
0
0
0
0
0
0
0
0
0
0
0
0
0
0
0
0
0
0
0
0
0
0
0
0
0
0
0
0
0
0
0
0
0
0
0
0
0
0
0
0
0
0
0
0
0
0
0
0
0
0
0
0
0
0
0
0
0
0
0
0
0
0
0
0
0
0
0
0
0
0
0
0
0
0
0
0
0
0
0
0
0
0
0
0
0
0
0
0
0
0
0
0
0
0
0
0
0
0
0
0
0
0
0
0
0
0
0
0
0
0
0
0
0
0
0
0
0
0
0
0
0
0
0
0
0
0
0
0
0
0
0
0
0
0
0
0
0
0
0
0
0
0
0
0
0
0
0
0
0
0
0
0
0
0
0
0
0
0
0
0
0
0
0
0
0
0
0
0
0
0
0
0
0
0
0
0
0
0
0
0
0
0
0
0
0
0
0
0
0
0
0
0
0
0
0
0
0
0
0
0
0
0
0
0
0
0
0
0
0
0
0
0
0
0
0
0
0
0
0
0
0
0
0
0
0
0
0
0
0
0
0
0
0
0
0
0
0
0
0
0
0
0
0
0
0
0
0
0
0
0
0
0
0
0
0
0
0
0
0
0
0
0
0
0
0
0
0
0
0
0
0
0
0
0
0
0
0
0
0
0
0
0
0
0
0
0
0
0
0
0
0
0
0
0
0
0
0
0
0
0
0
0
0
0
0
0
0
0
0
0
0
0
0
0
0
0
0
0
0
0
0
0
0
0
0
0
0
0
0
0
0
0
0
0
0
0
0
0
0
0
0
0
0
0
0
0
0
0
0
0
0
0
0
0
0
0
0
0
0
0
0
0
0
0
0
0
0
0
0
0
1
0
2
1
0
0
0
0
0
0
0
1
0
2
0
0
0
1
1
1
2
1
1
2
0
0
1
0
0
2
0
1
0
0
0
1
1
0
1
1
2
1
2
0
1
1
1
0
1
0
0
0
0
1
0
1
2
0
1
0
0
1
1
0
0
0
0
1
2
0
1
1
0
1
1
0
1
1
1
1
0
0
3
3
1
0
0
2
3
3
3
0
1
4
1
0
2
1
1
1
1
1
2
1
1
0
3
4
2
2
1
3
6
4
3
6
5
1
6
7
11
4
8
10
15
21
11
