34
51
44
26
16
19
16
11
19
10
26
22
38
55
48
42
50
78
83
84
93
108
120
150
135
181
171
218
212
300
289
351
353
451
456
507
534
615
625
686
756
733
766
745
698
690
635
617
536
486
450
481
360
392
393
419
482
521
597
650
724
720
809
891
1025
1137
1133
1190
1276
1404
1342
1438
1360
1330
1416
1312
1207
1195
1135
1106
1092
1067
1089
1124
1155
1188
1294
1280
1395
1386
1483
1513
1619
1571
1641
1663
1592
1582
1492
1498
1408
1348
1276
1144
1078
982
977
810
835
747
697
601
581
609
509
461
378
397
367
308
282
264
269
208
227
182
181
171
165
129
149
165
151
145
176
153
170
182
166
204
204
203
199
218
235
256
248
277
271
321
345
352
401
373
415
441
502
499
533
544
611
657
674
713
697
847
879
946
958
987
1057
1048
1151
1239
1298
1308
1316
1377
1433
1545
1496
1592
1589
1665
1746
1727
1808
1852
1906
1989
2056
2136
2195
2207
2323
2432
2471
2619
2662
2884
2899
3072
3228
3379
3523
3672
3885
4148
4222
4367
4769
5012
5123
5415
5616
5765
5983
6249
6500
6759
7062
7393
7522
7722
7813
8020
8027
8266
8492
8601
8529
8683
8548
8530
8719
8450
8456
8388
8139
8012
7853
7669
7419
7125
6879
6679
6336
5970
5653
5490
5041
4901
4503
4212
3844
3650
3421
3085
2780
2704
2452
2199
2050
1772
1563
1439
1269
1197
1051
972
815
734
673
570
481
435
374
352
313
284
269
222
213
178
160
159
128
150
127
129
102
84
105
77
88
74
78
96
82
75
75
60
76
84
61
57
64
69
80
67
65
57
83
66
64
78
62
56
60
77
71
77
67
74
73
72
73
65
71
53
59
73
70
63
83
52
47
57
49
61
75
49
83
70
59
56
73
61
61
53
62
53
51
83
55
54
49
51
57
57
65
65
62
48
61
56
60
71
60
59
60
70
60
51
56
76
49
61
69
64
51
54
55
59
71
57
53
58
50
63
65
60
64
60
47
67
56
78
56
66
62
49
62
50
55
52
51
54
45
66
62
55
43
56
56
61
66
73
53
61
65
58
54
60
56
49
47
48
62
55
63
56
55
53
52
54
62
50
60
53
61
37
48
58
58
63
44
57
53
41
55
52
36
59
42
51
53
50
59
40
48
37
55
52
57
64
45
57
58
46
38
39
48
44
55
49
60
36
48
56
34
41
54
41
44
53
39
40
51
51
49
43
40
52
48
45
53
48
37
48
64
40
54
48
42
52
42
44
37
39
44
54
51
36
44
54
46
40
42
31
33
39
48
50
52
58
42
31
37
39
43
51
43
45
35
28
40
39
38
33
32
31
43
31
42
27
38
34
52
40
41
22
35
33
35
32
43
34
34
29
33
30
29
29
28
44
32
35
29
40
26
43
33
23
38
30
36
41
37
32
35
41
34
31
31
40
23
27
29
36
38
29
22
49
29
29
33
13
26
23
32
29
44
28
33
35
30
24
31
29
28
27
30
39
30
32
36
23
42
28
35
32
24
17
28
35
27
27
24
26
33
27
20
25
27
35
33
22
27
22
33
33
28
24
24
25
34
26
24
21
24
32
25
32
34
32
34
25
36
31
29
21
30
28
34
23
30
36
30
33
27
23
23
31
31
35
28
24
27
26
25
22
29
26
20
26
30
14
24
19
16
34
23
26
28
32
25
22
29
34
24
25
20
20
22
37
24
28
20
20
31
24
33
26
30
24
29
19
27
26
34
18
22
22
36
22
20
35
27
26
22
21
32
32
23
31
26
35
18
24
28
26
20
27
27
22
21
23
24
32
20
16
22
28
23
24
27
37
32
28
23
21
26
28
26
30
21
19
38
24
21
28
23
20
20
23
18
26
20
19
23
16
33
26
23
22
20
20
27
27
23
28
31
21
18
18
21
33
15
21
29
19
24
25
29
28
18
24
22
29
26
23
19
19
16
20
36
22
21
22
22
23
22
30
23
15
18
26
23
22
23
23
20
27
20
22
16
20
31
19
25
20
19
28
19
22
26
16
21
24
19
16
18
23
19
21
23
19
23
21
25
19
19
17
21
15
18
20
19
16
23
20
20
16
20
22
20
25
22
23
22
19
13
17
25
20
22
23
12
18
12
21
24
10
15
21
19
26
18
22
25
23
16
14
17
23
19
34
22
16
13
23
24
13
19
22
9
16
22
17
21
22
15
21
18
17
24
17
20
23
20
16
22
18
20
14
21
19
20
30
25
24
13
26
20
18
17
17
29
19
16
20
26
14
14
21
26
14
15
25
20
29
21
22
31
20
19
14
21
12
20
15
16
15
10
22
23
19
11
19
17
14
26
15
18
15
31
19
18
21
12
7
13
18
18
16
10
10
18
13
18
18
17
12
13
15
17
19
12
10
11
17
13
15
15
18
16
15
13
27
22
18
16
9
17
15
15
13
17
15
17
14
10
17
25
13
18
14
14
18
16
13
11
13
13
13
14
15
10
16
23
15
7
18
16
5
14
14
14
8
14
11
12
12
13
12
17
16
14
14
11
17
10
5
20
13
11
11
11
15
16
10
8
10
13
9
12
13
11
15
9
12
13
8
9
12
15
11
13
9
14
13
10
9
14
9
11
12
9
14
16
11
12
19
9
18
13
12
12
9
17
13
11
12
7
13
13
10
11
7
9
7
10
11
17
7
16
15
9
5
10
12
15
15
11
9
8
12
15
11
16
8
8
11
11
13
12
18
15
8
13
9
11
8
10
11
12
14
11
12
5
16
8
12
14
13
10
8
18
11
11
17
10
14
11
20
5
11
10
17
10
13
7
13
7
14
7
12
13
5
14
9
9
8
11
10
8
13
11
7
12
9
13
8
17
9
15
15
19
14
11
6
4
13
10
15
11
11
10
12
10
12
11
8
11
10
4
10
12
12
11
4
9
7
10
9
12
8
12
5
14
12
14
7
6
10
7
8
7
14
9
8
10
10
11
7
13
9
10
5
5
16
10
8
6
8
7
10
10
6
8
8
1
6
13
17
10
7
6
11
4
6
17
5
7
12
7
7
10
11
4
5
12
7
4
8
12
5
11
6
10
8
12
11
10
14
17
6
5
14
10
8
12
9
3
10
8
7
6
5
10
15
9
6
4
18
5
7
4
7
8
14
4
5
11
8
8
6
12
11
11
14
4
6
8
8
11
14
6
6
9
16
8
8
6
12
10
10
7
7
10
12
3
13
2
10
7
7
9
6
8
9
8
10
9
9
9
11
5
7
17
6
8
3
12
10
6
8
11
3
6
11
5
10
10
6
5
12
9
9
6
5
8
7
7
7
7
5
11
6
5
10
6
11
8
10
6
8
11
10
6
11
7
8
10
8
13
3
8
13
12
13
8
2
10
8
13
7
7
3
6
10
10
5
8
4
4
9
12
8
10
8
11
6
10
7
8
12
9
7
9
4
8
6
10
8
5
10
4
7
9
10
11
7
13
10
7
4
2
9
4
7
2
3
5
6
5
9
5
5
3
8
1
7
7
2
5
4
6
6
9
4
2
4
9
4
4
7
6
10
8
4
4
10
8
6
11
11
5
4
6
7
8
4
9
6
7
7
2
5
3
8
2
3
3
5
6
5
7
9
4
5
4
3
6
4
4
6
8
7
6
5
3
2
7
4
2
6
6
5
6
5
2
3
6
6
5
11
8
5
6
5
3
4
6
5
6
1
7
6
13
5
5
7
5
3
3
9
3
4
5
7
7
6
6
12
2
2
7
5
8
7
5
9
1
5
4
6
6
5
6
5
7
5
4
4
2
13
3
3
1
4
5
3
5
4
6
5
3
3
1
2
6
4
7
7
5
2
5
3
7
7
1
3
2
9
3
6
5
5
5
5
6
5
10
3
3
4
6
1
9
4
7
4
2
6
8
7
3
6
6
6
4
5
3
4
4
3
5
9
3
8
6
8
6
5
2
5
2
2
4
8
4
5
7
9
4
2
3
3
4
1
4
3
7
1
2
6
3
1
5
3
6
11
6
5
8
7
5
4
5
4
5
7
6
2
6
5
5
5
2
2
5
6
4
2
3
5
4
3
7
5
2
6
6
1
6
2
5
2
4
5
3
1
12
5
3
5
7
4
3
2
4
4
3
5
4
4
4
4
5
2
5
8
5
6
4
2
4
5
4
1
7
2
3
5
4
4
3
2
4
8
5
7
5
3
6
6
2
6
3
2
5
4
4
7
4
4
5
6
7
5
2
4
6
6
4
5
4
1
8
5
3
5
6
3
3
8
7
7
5
6
5
3
8
8
2
7
5
1
4
3
3
2
3
3
6
7
3
0
10
3
5
4
7
0
3
3
3
4
6
1
3
4
3
8
8
6
3
6
3
9
3
7
9
4
4
5
4
1
7
7
6
4
5
2
2
3
0
3
5
3
5
3
4
5
2
4
4
5
6
3
4
6
7
4
6
3
2
1
3
1
3
2
3
4
3
1
4
3
4
6
5
1
6
2
6
4
7
2
1
1
4
5
5
4
9
6
5
0
5
2
3
5
6
3
6
3
5
3
2
5
3
1
1
3
9
5
7
2
3
1
6
6
3
3
8
7
6
9
0
2
2
9
3
4
3
4
1
3
2
7
3
6
5
5
4
3
3
6
4
4
6
5
2
7
5
5
6
1
5
0
4
2
5
5
4
2
5
5
1
3
5
2
1
2
1
6
5
6
7
2
8
2
3
9
1
3
7
6
2
5
4
3
3
1
4
5
5
1
2
7
6
1
1
3
3
3
5
3
2
6
5
2
3
4
5
8
7
1
4
3
1
2
5
3
3
4
3
6
6
3
1
3
1
4
2
3
1
6
1
6
6
4
4
4
2
7
4
2
4
2
5
2
4
3
2
1
5
6
4
4
3
5
3
5
6
4
5
1
6
3
3
1
3
6
7
7
6
3
2
3
4
4
3
2
0
2
5
0
2
5
9
5
4
5
6
4
2
4
3
0
3
5
3
5
3
4
2
2
1
3
0
3
2
2
8
2
2
2
4
3
0
4
2
3
2
2
7
3
2
4
4
6
2
3
4
1
5
2
4
1
3
4
2
6
3
4
3
3
5
4
2
5
3
3
3
1
5
1
4
3
6
2
7
1
1
2
4
3
0
1
6
3
1
3
5
7
4
2
4
4
4
4
3
6
3
7
3
4
3
2
3
3
4
4
4
5
5
2
1
9
3
5
2
3
1
5
4
2
2
0
4
10
5
1
4
10
4
6
4
3
4
3
3
3
4
4
3
6
3
5
4
3
6
3
5
8
3
1
1
3
8
7
2
3
5
5
4
4
3
4
2
3
3
6
5
3
6
4
4
3
7
8
7
7
1
3
6
5
4
4
4
7
5
3
5
2
0
2
5
3
7
1
0
1
1
3
3
2
3
1
4
0
3
5
3
2
4
4
2
2
4
0
8
3
5
3
6
5
4
4
1
5
3
2
2
2
4
6
2
3
4
3
4
3
3
3
2
6
5
5
7
3
7
4
4
5
2
6
5
2
2
3
3
8
3
4
2
1
5
2
5
1
7
4
4
2
2
6
3
4
3
5
4
4
6
4
3
5
2
5
1
8
4
8
4
2
2
7
4
4
4
5
6
9
4
4
4
2
3
2
5
2
1
5
1
3
3
2
3
5
4
5
1
3
3
2
3
7
3
2
2
4
3
3
4
1
4
4
3
4
2
5
2
3
8
6
2
2
4
8
2
6
4
0
4
3
6
2
8
5
3
2
6
4
4
5
5
2
3
2
3
4
4
2
6
3
4
1
2
3
0
5
2
6
1
4
2
4
6
1
5
7
4
3
8
5
4
4
5
4
2
5
4
2
1
0
4
1
2
4
2
4
3
2
5
8
5
5
3
4
2
3
5
2
1
1
5
3
3
2
1
2
4
0
4
2
3
2
6
0
2
3
2
2
5
2
1
5
3
3
3
3
3
4
4
2
3
4
1
0
2
6
4
1
4
5
3
2
6
2
2
8
3
1
3
1
2
1
3
4
6
4
4
2
8
5
4
4
2
5
5
2
4
1
6
0
3
3
4
2
4
1
4
1
2
2
1
5
4
3
2
4
2
5
3
5
3
3
6
3
3
6
2
3
7
3
0
2
4
3
2
4
5
1
1
4
2
4
2
1
3
3
3
6
3
6
2
3
5
1
5
7
2
2
2
5
5
3
2
6
2
1
0
1
0
4
4
4
2
1
4
5
3
2
2
0
1
1
2
1
5
3
1
1
3
2
2
1
3
4
3
2
3
2
0
4
1
5
2
3
3
1
4
2
0
4
5
4
3
3
3
1
7
2
1
6
3
3
4
0
1
5
1
2
5
3
2
1
4
8
1
2
3
4
2
4
2
4
2
1
2
3
4
3
3
1
5
3
4
0
1
4
0
3
4
0
3
3
2
1
3
1
2
5
1
2
2
4
5
3
4
2
2
4
0
1
1
2
6
3
4
2
1
3
1
4
3
6
1
3
3
4
1
2
2
4
3
2
4
4
2
1
4
1
3
4
0
2
0
3
4
2
2
5
1
2
2
4
2
2
4
4
1
4
2
2
0
2
2
2
5
1
2
2
3
6
0
4
5
3
1
0
2
3
3
2
2
2
4
2
5
4
4
2
2
0
2
4
1
1
3
3
2
1
1
2
2
2
2
5
3
0
2
2
3
3
1
1
6
3
3
2
4
1
2
2
1
3
1
3
0
0
3
2
2
4
4
6
3
0
6
2
3
1
5
2
1
1
1
0
2
1
4
4
3
0
3
4
1
2
2
1
1
6
4
2
3
2
1
4
4
4
1
0
2
1
2
1
5
2
2
3
1
4
3
1
1
3
3
4
4
5
3
2
0
3
5
1
4
1
2
4
3
2
1
2
4
0
1
1
2
2
0
2
2
1
3
5
4
2
4
1
4
1
1
1
4
1
1
5
2
0
3
3
2
3
1
0
4
2
2
4
5
2
4
3
1
1
4
3
2
5
4
3
3
1
1
0
0
3
2
0
1
2
1
4
2
5
4
3
3
3
0
0
2
2
1
4
2
5
2
3
3
4
0
1
1
3
1
1
2
3
2
2
2
4
5
2
1
3
3
1
5
3
3
3
1
1
2
3
3
3
1
1
3
3
2
6
6
1
3
3
2
2
3
2
4
4
1
2
2
6
3
2
2
1
2
3
2
2
1
6
3
3
4
1
1
1
3
1
2
2
2
3
3
4
2
0
3
6
5
2
4
0
2
1
4
0
2
1
1
2
2
4
3
1
6
1
1
3
6
0
2
2
1
3
2
3
2
5
1
3
2
0
3
2
4
8
0
2
1
0
5
1
5
0
1
0
3
3
3
4
2
1
2
2
1
2
4
3
2
1
5
1
3
0
3
1
2
0
0
5
2
2
1
3
0
3
1
5
2
2
3
3
0
4
1
5
1
3
2
2
1
4
1
3
5
4
1
0
2
2
1
1
1
4
2
2
1
2
2
2
1
2
2
2
2
5
1
4
1
1
4
1
1
3
2
0
4
5
0
0
3
4
3
3
2
2
1
1
0
2
3
1
1
1
1
3
1
1
2
1
1
4
1
5
2
3
1
1
2
3
2
1
2
1
0
3
1
3
3
2
3
2
2
3
1
0
2
2
1
3
3
1
1
2
2
1
3
1
4
5
2
3
1
2
2
3
1
2
3
3
1
2
0
3
2
3
2
2
1
6
4
2
2
2
3
0
2
4
2
1
0
2
2
3
2
1
0
5
4
2
0
1
2
0
2
1
0
3
1
3
2
2
2
1
4
1
2
2
2
2
2
3
0
1
3
2
3
1
4
3
1
2
0
3
1
2
0
3
1
1
2
3
0
2
2
2
5
4
2
0
2
1
4
2
3
4
3
1
2
2
1
4
1
2
2
2
2
0
0
1
3
2
1
1
4
3
5
1
2
2
1
2
3
1
3
6
1
5
2
3
1
1
0
0
1
2
0
4
4
0
3
3
3
2
2
1
2
4
6
1
1
1
2
1
1
1
1
6
0
0
3
5
2
1
2
1
2
1
2
0
0
0
2
0
4
0
2
4
4
5
0
0
2
6
2
5
0
5
2
4
3
3
1
0
2
2
2
3
0
2
2
5
0
0
4
2
1
1
3
1
2
1
0
3
2
3
3
1
1
1
3
0
4
1
4
1
2
1
1
2
2
4
1
4
2
1
3
2
5
1
1
2
2
3
1
3
4
3
1
1
2
2
2
1
3
1
3
3
3
4
0
3
0
1
0
5
2
1
1
3
2
5
2
1
2
4
4
0
0
2
2
1
6
0
3
2
1
2
4
3
4
4
0
1
0
2
1
5
1
3
1
2
2
1
1
0
1
2
4
3
4
3
1
5
1
3
2
4
5
0
1
2
1
2
2
2
4
2
2
0
4
3
0
4
1
7
0
1
0
2
3
5
3
1
0
0
2
0
5
3
2
1
1
1
5
1
2
2
3
1
4
1
1
4
1
0
4
0
1
3
6
3
0
0
4
1
3
3
3
0
3
5
3
1
1
3
2
5
3
4
3
5
4
4
4
4
1
1
4
1
3
1
5
3
4
2
3
1
2
0
2
2
5
5
5
2
1
2
2
1
1
1
2
0
1
1
1
0
2
2
0
3
1
0
1
2
2
3
2
2
3
1
2
1
3
1
1
1
2
2
3
5
1
2
5
3
0
2
2
3
1
0
0
3
0
4
0
2
0
1
3
1
3
5
1
3
1
2
1
1
2
2
2
2
3
1
2
1
2
2
3
2
3
2
0
1
1
0
3
2
1
1
3
2
0
2
1
5
2
2
2
3
1
2
3
2
2
2
1
1
0
1
1
0
2
2
2
1
2
3
2
3
1
1
5
1
1
1
1
2
1
5
1
3
1
0
2
2
2
4
0
2
1
0
1
0
1
2
1
1
1
5
0
0
0
3
5
1
1
0
2
0
2
1
2
1
4
0
1
2
0
3
1
1
2
0
0
0
2
0
1
3
2
2
2
1
2
1
0
0
0
6
2
2
1
2
0
2
2
0
2
3
1
2
1
1
1
1
3
2
1
2
3
2
1
2
2
1
1
0
2
0
5
1
1
1
0
1
4
3
2
1
2
2
3
0
1
3
2
1
5
3
2
1
2
1
0
2
4
0
5
2
4
0
2
1
1
0
1
2
1
0
0
2
2
2
1
3
1
1
1
3
0
2
4
0
4
2
2
0
1
4
0
3
2
0
2
2
1
1
1
2
0
2
2
1
2
3
2
2
2
4
0
0
1
0
1
2
0
2
3
4
3
3
1
0
1
3
3
2
0
1
2
2
1
2
2
0
0
1
1
2
0
1
2
2
1
2
1
0
3
1
5
1
2
2
0
3
1
1
1
2
0
0
0
2
0
1
1
1
2
1
0
3
1
0
1
3
0
3
1
2
1
3
2
2
1
5
1
1
1
1
1
1
4
0
3
0
2
0
2
3
1
0
1
0
4
2
0
3
1
2
4
1
3
5
0
0
3
0
3
2
0
3
1
2
0
1
2
1
1
1
1
1
1
0
2
2
1
3
3
2
0
0
1
0
1
3
0
2
2
3
4
1
2
3
0
3
1
2
1
0
3
1
0
1
3
2
1
0
0
0
2
2
1
4
3
2
1
2
0
1
0
3
0
3
2
4
0
3
4
3
1
0
3
2
3
1
0
1
0
2
1
3
2
1
0
2
2
3
4
0
1
0
2
3
1
3
0
1
0
4
3
2
1
3
0
1
2
2
3
0
2
1
2
0
0
3
2
1
3
2
1
1
2
0
1
2
1
2
1
1
1
2
1
3
1
1
2
3
0
1
1
2
0
4
1
0
1
0
1
0
2
1
3
1
3
0
2
0
1
2
5
2
0
3
1
1
0
1
3
3
1
1
4
3
1
2
2
0
2
1
2
1
1
3
1
5
2
1
0
1
1
1
1
1
3
3
0
1
1
0
2
2
4
2
3
0
2
0
2
2
2
2
1
1
2
2
0
0
2
2
2
1
1
3
1
0
2
2
1
2
1
0
3
1
0
1
2
1
3
2
1
5
0
0
1
2
3
1
0
1
0
1
0
1
0
0
1
1
2
2
0
1
1
2
2
1
1
0
3
3
1
0
0
0
3
3
1
1
2
3
0
3
1
2
0
3
2
4
0
1
1
0
1
1
4
0
1
2
1
1
1
1
2
2
3
2
2
0
2
1
2
2
0
1
3
1
1
1
3
2
1
1
1
0
2
1
2
1
1
1
2
1
1
3
2
3
1
5
1
0
2
2
1
3
5
0
2
0
1
4
0
2
0
0
1
3
1
0
2
1
7
0
1
3
1
3
1
1
0
2
1
1
0
1
1
4
0
3
1
0
1
1
1
2
0
3
3
0
1
0
1
0
1
4
3
2
3
2
0
1
2
3
0
1
3
2
2
4
1
0
0
3
1
1
0
2
2
1
1
5
2
2
2
0
0
0
1
0
3
2
2
1
0
3
3
1
1
2
2
1
1
1
2
3
1
0
0
2
3
1
1
1
0
1
2
2
1
3
3
2
3
2
1
1
1
3
3
0
1
2
2
4
0
1
2
0
0
0
0
3
1
1
0
1
2
1
2
2
2
1
1
0
0
0
2
0
0
1
1
1
1
3
2
0
2
1
0
1
2
0
2
1
3
2
4
1
4
2
0
2
5
1
3
0
1
1
2
0
3
0
1
2
1
0
0
1
2
1
1
1
1
2
1
2
1
1
3
4
6
2
0
0
1
0
2
1
1
0
3
3
2
4
1
3
2
1
0
2
1
1
1
5
1
1
1
2
1
0
1
1
1
5
1
2
3
0
0
1
0
1
2
0
0
2
2
1
0
1
1
2
1
3
2
1
2
0
0
1
1
2
1
0
1
2
3
1
2
2
1
2
1
3
1
0
1
0
2
1
0
0
1
0
0
1
2
1
2
1
0
3
0
0
2
1
1
1
1
0
1
1
0
1
3
1
1
1
0
0
1
0
1
2
2
0
0
0
0
1
1
0
5
1
2
1
0
1
3
2
0
2
0
3
0
0
1
0
0
1
2
1
1
1
0
0
1
0
0
1
1
0
1
0
1
1
1
1
1
1
1
0
0
0
2
0
0
0
1
0
1
2
0
0
0
1
0
2
0
0
1
2
1
0
0
1
1
0
1
1
1
0
1
2
1
1
2
0
3
0
0
0
1
1
0
3
3
0
1
1
0
0
0
2
0
0
1
1
2
0
2
0
3
1
0
0
1
1
0
1
2
1
2
1
2
1
0
2
0
0
2
1
0
0
2
0
1
0
2
0
0
0
1
2
0
1
0
0
1
0
0
3
0
0
2
1
0
3
0
1
1
0
1
0
3
1
0
1
1
3
0
1
0
0
0
1
1
0
1
1
0
1
0
2
1
2
1
1
0
1
0
0
1
0
2
0
1
1
1
1
1
0
1
0
1
1
1
0
1
0
1
1
1
1
0
0
2
1
1
1
0
0
0
2
0
0
2
0
1
0
0
0
1
2
0
2
0
1
0
1
0
2
2
0
0
0
1
2
2
2
0
2
1
0
2
2
1
0
0
0
0
1
0
1
0
1
0
1
0
2
2
2
0
1
0
1
1
1
0
0
0
1
1
1
1
1
2
2
0
1
0
1
0
1
0
1
0
1
2
3
1
0
0
1
1
1
0
1
0
2
2
1
1
0
3
0
3
1
0
3
1
4
0
2
2
0
0
0
0
1
2
0
1
0
1
2
0
1
1
4
0
2
1
1
1
0
2
2
1
0
3
1
0
0
2
3
0
0
0
1
0
1
2
0
0
0
2
2
1
0
1
1
1
2
1
2
3
2
0
2
1
1
1
3
1
0
0
2
2
2
2
1
0
1
4
0
0
2
1
0
1
1
3
1
2
1
1
0
2
0
1
1
2
1
1
1
1
1
0
0
1
0
0
2
0
1
2
2
0
1
0
1
2
1
1
0
0
1
2
2
1
1
1
0
2
1
0
0
3
1
0
1
1
1
1
2
1
1
1
1
1
1
1
1
0
1
0
1
3
2
2
0
1
2
1
2
1
2
2
0
2
1
0
1
3
1
1
0
2
0
1
0
1
3
2
0
0
3
3
0
1
1
2
0
1
0
0
1
2
0
2
2
2
2
0
3
2
2
2
0
1
2
1
2
2
1
0
2
2
2
1
1
1
0
0
0
0
2
0
0
0
0
0
0
1
2
0
2
0
0
0
1
2
2
2
1
3
0
2
2
2
1
1
1
0
1
0
0
0
0
2
0
2
0
0
0
1
0
1
1
0
1
2
2
3
0
0
1
0
0
1
1
0
0
1
1
0
1
0
1
0
0
0
0
0
1
2
0
0
0
0
1
0
1
1
0
0
2
0
2
1
0
1
0
0
2
0
0
1
0
0
0
2
0
1
0
1
1
2
0
1
0
1
1
0
0
1
1
1
0
0
2
3
2
1
1
1
0
0
0
0
0
3
1
2
1
1
1
0
1
0
0
0
0
0
0
1
2
2
0
1
0
0
0
0
0
0
0
1
1
1
1
0
1
2
3
1
1
1
1
0
0
0
0
0
0
0
1
1
1
0
0
3
0
2
0
0
2
0
1
1
1
0
0
1
1
1
0
3
1
1
1
0
0
0
0
2
0
0
0
1
0
0
1
0
1
1
0
2
1
0
1
1
1
0
1
2
0
2
2
0
0
1
1
1
0
0
0
1
0
2
3
0
0
0
1
0
0
0
0
0
1
1
1
2
1
0
0
0
2
0
1
0
0
0
0
0
2
0
0
1
0
2
1
2
2
0
1
1
0
1
0
2
2
0
0
0
0
0
2
0
2
1
0
1
0
2
1
2
1
2
4
1
2
0
1
3
3
0
1
0
2
1
1
3
0
3
0
1
0
1
4
0
0
2
4
3
1
1
3
2
2
0
4
0
0
2
1
1
1
0
1
0
0
1
0
0
2
2
0
0
0
1
2
1
1
1
2
0
0
3
1
0
1
1
1
5
0
1
0
2
0
1
0
0
0
2
0
1
1
1
1
3
0
1
3
3
0
0
1
2
1
1
0
2
1
1
2
1
2
2
2
2
2
0
2
2
0
1
2
0
0
0
3
1
0
0
0
0
2
0
2
2
2
2
1
0
1
0
2
0
0
3
3
1
1
1
0
2
1
1
1
1
0
2
2
1
0
1
0
3
0
0
0
2
2
1
2
1
1
2
0
2
2
2
0
1
2
1
2
2
1
0
0
0
0
1
3
1
0
1
1
0
1
1
0
1
0
0
0
1
0
0
0
1
0
0
2
0
0
1
0
2
0
1
0
1
2
0
0
0
0
1
1
4
1
1
1
0
1
0
0
0
0
0
0
0
2
1
0
0
2
0
1
0
1
1
0
0
0
1
0
0
0
1
0
0
1
0
0
1
0
1
0
1
0
0
2
0
0
0
1
1
0
0
0
0
0
0
1
0
0
0
2
0
0
2
0
1
0
0
0
0
1
1
0
1
0
0
1
0
0
0
2
0
1
1
0
0
0
0
0
1
2
0
0
1
0
0
1
1
0
1
1
1
1
0
1
0
2
0
0
1
0
1
0
0
0
0
0
1
0
1
0
0
1
1
0
0
0
0
0
1
1
0
0
0
1
0
1
0
0
1
0
0
0
0
0
0
1
0
0
0
1
1
0
0
1
0
0
0
0
1
0
1
0
0
0
0
1
1
0
0
0
2
0
0
0
0
0
0
0
0
0
0
0
0
0
0
0
0
1
0
0
0
0
0
0
1
0
0
1
0
0
1
1
0
2
1
0
0
0
1
2
1
1
0
0
0
0
0
0
0
0
0
1
0
0
0
0
0
0
0
0
0
0
0
0
0
0
0
0
0
0
0
0
0
0
0
0
0
0
1
0
0
0
0
0
1
0
0
0
0
1
1
0
0
0
0
1
1
0
0
0
0
0
1
1
0
0
1
2
0
0
0
0
0
1
0
0
1
0
0
0
0
0
0
0
0
0
0
0
0
1
0
1
1
0
0
0
0
0
0
0
0
0
1
0
0
0
0
1
2
1
0
2
0
0
0
0
0
0
0
0
0
0
0
1
0
0
0
0
1
0
0
0
0
0
0
0
0
0
0
2
0
1
0
0
0
0
1
2
1
0
0
0
0
1
0
0
0
0
1
0
0
0
1
0
0
0
0
1
0
0
0
0
0
0
0
0
0
1
0
0
0
0
0
0
0
0
0
0
0
0
0
0
1
0
0
1
1
1
0
1
0
0
0
0
0
0
0
1
0
0
0
1
0
0
1
1
0
0
0
1
0
0
0
0
0
0
0
0
0
0
0
0
0
0
0
0
0
1
0
0
0
0
0
0
0
0
0
0
0
1
0
0
0
0
0
0
0
1
0
1
1
0
0
0
0
0
0
0
0
0
0
0
0
0
0
0
0
0
0
0
2
0
0
0
0
0
1
0
0
0
0
0
0
0
0
0
0
0
0
1
0
0
0
0
0
0
1
0
1
0
1
2
0
0
0
0
0
1
0
0
0
0
0
0
0
0
0
1
0
0
1
0
0
0
0
0
1
0
0
0
0
1
0
0
0
0
1
1
0
0
0
0
0
0
0
1
0
0
0
1
0
0
0
1
0
0
0
0
0
0
1
0
1
0
0
0
1
0
0
0
0
0
0
1
1
0
0
0
0
0
0
0
0
0
0
0
0
0
0
0
0
0
0
0
0
0
0
0
0
1
0
0
0
0
0
0
0
1
0
0
1
0
0
0
0
0
0
1
0
0
0
1
0
0
0
0
0
0
0
0
0
0
0
0
0
0
0
0
0
1
1
0
0
0
0
0
0
0
0
0
0
0
0
0
0
0
2
0
0
0
0
0
0
1
0
1
0
0
0
0
0
0
0
0
0
0
0
0
0
1
0
0
0
0
0
0
0
0
0
0
0
1
0
0
0
0
0
0
0
0
0
0
1
1
0
0
0
1
0
0
0
0
0
0
0
0
0
0
0
0
0
0
0
0
0
0
0
0
0
0
0
0
0
0
0
0
0
0
0
0
0
0
0
0
0
0
0
0
0
0
0
0
0
0
0
0
0
0
0
0
0
0
0
1
0
0
0
1
0
0
1
0
0
0
0
0
0
0
0
0
1
0
1
0
0
0
1
0
0
0
0
0
0
0
0
0
0
0
0
0
0
0
0
0
0
1
0
0
2
0
0
1
0
0
1
0
0
0
0
0
0
0
0
0
0
0
0
0
0
1
0
1
0
0
0
0
0
1
0
0
0
0
0
0
0
1
1
1
0
0
1
1
1
0
2
0
0
0
0
1
1
0
0
0
0
0
0
0
0
0
0
0
0
0
0
0
1
1
1
0
0
1
0
0
1
1
0
0
0
0
0
0
0
0
0
0
0
0
0
0
1
0
0
1
1
0
0
0
0
0
1
0
0
2
0
0
0
0
0
0
0
0
1
0
0
0
0
0
0
0
0
0
0
0
0
0
0
0
1
0
0
0
0
2
0
0
0
0
1
0
1
1
1
0
0
0
3
0
1
2
0
3
1
3
3
5
7
2
7
6
9
5
1
7
6
5
4
5
7
2
3
4
4
7
6
4
5
6
17
19
12
4
11
11
20
21
11
14
15
19
15
2
6
3
6
0
6
2
3
1
1
0
1
0
1
2
1
6
5
11
39
46
34
11
5
2
0
0
0
0
0
0
0
0
0
0
0
0
0
0
0
0
0
0
0
0
0
0
0
0
0
0
0
0
0
0
0
0
0
0
0
0
0
0
0
0
0
0
0
0
0
0
0
0
0
0
0
0
0
0
0
0
0
0
0
0
0
0
0
0
0
0
0
0
0
0
0
0
0
0
0
0
0
0
0
0
0
0
0
0
0
0
0
0
0
0
0
0
0
0
0
0
0
0
0
0
0
0
0
0
0
0
0
0
0
0
0
0
0
0
0
0
0
0
0
0
0
0
0
0
0
0
0
0
0
0
0
0
0
0
0
0
0
0
0
0
0
0
0
0
0
0
0
0
0
0
0
0
0
0
0
0
0
0
0
0
0
0
0
0
0
0
0
0
0
0
0
0
0
0
0
0
0
0
0
0
0
0
0
0
0
0
0
0
0
0
0
0
0
0
0
0
0
0
0
0
0
0
0
0
0
0
0
0
0
0
0
0
0
0
0
0
0
0
0
0
0
0
0
0
0
0
0
0
0
0
0
0
0
0
0
0
0
0
0
0
0
0
0
0
0
0
0
0
0
0
0
0
0
0
0
0
0
0
0
0
0
0
0
0
0
0
0
0
0
0
0
0
0
0
0
0
0
0
0
0
0
0
0
0
0
0
0
0
0
0
0
0
0
0
0
0
0
0
0
0
0
0
0
0
0
0
0
0
0
0
0
0
0
0
0
0
0
0
0
0
0
0
0
0
0
0
0
0
0
0
0
0
0
0
0
0
0
0
0
0
0
0
0
0
0
0
0
0
0
0
0
0
0
0
0
0
0
0
0
0
0
0
0
0
0
0
0
0
0
0
0
0
0
0
0
0
0
0
0
0
0
0
0
0
0
0
0
0
0
0
0
0
0
0
0
0
0
0
0
0
0
0
0
0
0
0
0
0
0
0
0
0
0
0
0
0
0
0
0
0
0
0
0
0
0
0
0
0
0
0
0
0
0
0
0
0
0
0
0
0
0
0
0
0
0
0
0
0
0
0
0
0
0
0
0
0
0
0
0
0
0
0
0
0
0
0
0
0
0
0
0
0
0
0
0
0
0
0
0
0
0
0
0
0
0
0
0
0
0
0
0
0
0
0
0
0
0
0
0
0
0
0
0
0
0
0
0
0
0
0
0
0
0
0
0
0
0
0
0
0
0
0
0
0
0
0
0
0
0
0
0
0
0
0
0
0
0
0
0
0
0
0
0
0
0
0
0
0
0
0
0
0
0
0
0
0
0
0
0
0
0
0
0
0
0
0
0
0
0
0
0
0
0
0
0
0
0
0
0
0
0
0
0
0
0
0
0
0
0
0
0
0
0
0
0
0
0
0
0
0
0
0
0
0
0
0
0
0
0
0
0
0
0
0
0
0
0
0
0
0
0
0
0
0
0
0
0
0
0
0
0
0
0
0
0
0
0
0
0
0
0
0
0
0
0
0
0
0
0
0
0
0
0
0
0
0
0
0
0
0
0
0
0
0
0
0
0
0
0
0
0
0
0
0
0
0
0
0
0
0
0
0
0
0
0
0
0
0
0
0
0
0
0
0
0
0
0
0
0
0
0
0
0
0
0
0
0
0
0
0
0
0
0
0
0
0
0
0
0
0
0
0
0
0
0
0
0
0
0
0
0
0
0
0
0
0
0
0
0
0
0
0
0
0
0
0
0
0
0
0
0
0
0
0
0
0
0
0
0
0
0
0
0
0
0
0
0
0
0
0
0
0
0
0
0
0
0
0
0
0
0
0
0
0
0
0
0
0
0
0
0
0
0
0
0
0
0
0
0
0
0
0
0
0
0
0
0
0
0
0
0
0
0
0
0
0
0
0
0
0
0
0
0
0
0
0
0
0
0
0
0
0
0
0
0
0
0
0
0
0
0
0
0
0
0
0
0
0
0
0
0
0
0
0
0
0
0
0
0
0
0
0
0
0
0
0
0
0
0
0
0
0
0
0
0
0
0
0
0
0
0
0
0
0
0
0
0
0
0
0
0
0
0
0
0
0
0
0
0
0
0
0
0
0
0
0
0
0
0
0
0
0
0
0
0
0
0
0
0
0
0
0
0
0
0
0
0
0
0
0
0
0
0
0
0
0
0
0
0
0
0
0
0
0
0
0
0
0
0
0
0
0
0
0
0
0
0
0
0
0
0
0
0
0
0
0
0
0
0
0
0
0
0
0
0
0
0
0
0
0
0
0
0
0
0
0
0
0
0
0
0
0
0
0
0
0
0
0
0
0
0
0
0
0
0
0
0
0
0
0
0
0
0
0
0
0
0
0
0
0
0
0
0
0
0
0
0
0
0
0
0
0
0
0
0
0
0
0
0
0
0
0
0
0
0
0
0
0
0
0
0
0
0
0
0
0
0
0
0
0
0
0
0
0
0
0
0
0
0
0
0
0
0
0
0
0
0
0
0
0
0
0
0
0
0
0
0
0
0
0
0
0
0
0
0
0
0
0
0
0
0
0
0
0
0
0
0
0
0
0
0
0
0
0
0
0
0
0
0
0
0
0
0
0
0
0
0
0
0
0
0
0
0
0
0
0
0
0
0
0
0
0
0
0
0
0
0
0
0
0
0
0
2
0
0
0
0
0
0
0
0
0
0
0
0
0
0
0
0
0
0
0
0
0
0
0
0
0
1
0
0
0
0
0
0
0
0
0
0
0
0
0
0
0
0
0
1
1
1
0
0
0
0
0
0
0
0
0
0
1
0
0
0
1
0
0
0
0
0
0
0
0
0
0
1
0
0
0
0
0
0
0
0
0
1
0
0
0
0
0
0
0
0
0
0
0
0
0
1
0
0
0
0
0
0
0
0
0
0
0
0
0
0
0
0
0
1
0
0
0
0
2
2
5
2
8
11
22
