7
4
7
15
21
40
43
48
53
74
67
58
70
60
77
62
70
59
69
73
70
74
63
77
64
70
61
58
66
60
59
67
59
66
44
63
60
80
66
60
78
49
49
58
60
56
71
67
55
53
64
56
51
59
58
64
63
62
72
79
59
65
66
56
84
55
71
57
60
72
64
68
55
74
71
66
58
64
65
57
72
62
55
56
61
65
66
73
74
71
68
63
64
66
72
76
67
71
73
49
60
66
64
75
84
71
61
77
67
69
63
73
71
62
59
60
67
58
84
62
76
67
56
53
66
57
65
67
61
74
69
83
70
60
81
63
60
69
59
62
85
64
78
54
67
61
71
70
56
65
55
76
75
82
67
73
65
59
62
69
66
72
72
61
47
76
73
64
75
67
69
68
73
76
54
82
71
65
69
68
73
87
76
68
80
75
60
79
71
66
78
73
63
74
78
81
66
66
76
75
73
69
76
73
69
78
64
62
75
74
74
82
75
72
87
81
75
75
71
71
81
92
83
74
83
76
63
86
68
76
87
79
76
73
82
77
73
83
82
68
80
82
90
71
66
80
82
86
63
85
75
75
83
76
81
80
68
66
86
78
94
75
86
91
65
75
88
70
78
81
70
72
82
79
95
80
90
90
83
83
80
90
84
89
96
107
82
71
86
87
86
78
91
91
75
75
87
81
82
99
94
71
67
82
81
74
105
84
69
95
96
90
91
81
84
89
92
96
78
73
79
75
91
88
81
71
80
96
83
84
75
79
93
86
64
82
86
59
81
94
69
84
71
85
86
76
88
90
98
74
81
95
77
96
82
103
83
86
90
76
71
84
84
75
84
78
79
86
89
66
86
83
89
84
95
88
89
65
74
84
85
81
86
81
72
75
65
81
79
84
69
84
69
80
87
67
75
73
99
91
85
83
88
77
85
86
79
82
94
103
70
85
61
78
88
81
85
85
73
78
81
79
70
99
84
98
79
63
92
70
77
79
86
79
77
64
77
64
87
96
77
81
81
91
97
72
86
91
76
81
71
67
93
82
77
83
80
77
91
87
71
84
70
89
85
75
98
89
78
71
91
83
70
75
84
81
75
96
93
73
87
84
96
92
105
83
76
70
77
86
77
79
91
80
83
72
86
95
86
92
86
80
97
104
80
67
74
79
93
86
83
87
83
91
91
87
82
75
92
93
84
93
101
87
76
82
78
78
93
75
77
72
79
85
81
86
92
90
84
81
83
80
91
77
87
90
87
93
72
104
96
75
100
80
73
75
93
82
88
86
80
91
92
74
67
94
92
83
81
74
86
82
76
95
89
88
88
88
73
93
91
88
80
77
95
89
75
94
79
83
84
78
87
80
71
70
91
83
81
88
78
71
75
97
81
83
71
73
86
98
92
77
84
101
98
90
69
74
95
76
87
84
77
107
84
86
93
89
88
71
83
87
81
88
85
75
79
85
74
101
93
80
86
96
77
84
95
89
80
88
70
68
90
105
92
79
74
84
95
90
75
87
86
70
93
97
77
98
73
102
87
94
77
85
80
111
108
86
89
97
99
79
82
96
83
84
98
82
73
96
89
90
95
94
102
80
93
81
93
88
89
72
97
75
99
89
87
88
92
83
89
77
90
105
86
81
75
76
95
80
81
93
84
113
95
93
91
83
80
83
92
103
111
78
86
85
103
78
100
83
96
82
108
99
92
96
96
93
103
101
110
91
100
83
104
94
83
76
91
82
93
104
89
95
95
92
90
103
87
82
92
83
85
112
84
82
82
80
98
95
90
88
82
96
91
84
98
94
109
94
115
114
103
115
76
110
102
93
93
98
116
87
105
84
108
99
115
108
96
116
92
93
96
94
95
122
91
104
94
105
98
100
102
100
107
100
115
110
102
95
109
101
110
98
107
102
108
104
104
102
97
112
102
119
95
117
112
87
104
127
108
123
97
91
100
120
118
104
116
101
97
116
99
106
115
100
114
112
106
112
103
102
102
88
131
119
116
111
99
109
105
91
120
105
94
93
123
111
111
117
108
113
122
97
120
115
112
105
114
119
108
106
99
111
113
102
107
102
111
104
105
104
107
118
106
97
97
111
99
109
104
99
93
92
99
105
91
123
117
94
84
92
106
126
85
98
89
107
93
92
91
96
116
84
98
98
115
102
97
80
88
85
104
115
96
100
98
98
96
105
90
80
79
92
94
95
95
106
74
98
106
104
105
82
94
82
82
98
94
106
84
91
110
76
99
101
81
77
115
103
100
91
91
85
104
87
89
82
84
89
95
92
81
87
87
84
97
105
79
90
96
88
79
82
81
84
94
82
84
92
82
74
97
97
95
98
79
92
86
79
76
78
80
93
103
79
100
88
82
69
84
90
93
98
71
81
88
89
100
88
101
107
88
106
96
99
94
82
69
100
86
107
84
80
91
80
87
80
96
81
80
113
91
77
88
86
82
78
66
85
94
79
93
80
78
83
84
95
87
88
92
93
92
76
98
84
99
68
84
88
66
92
76
80
76
88
79
93
85
90
79
84
75
80
82
77
80
80
70
64
80
76
83
88
82
79
88
76
97
88
76
96
73
76
75
88
88
90
86
95
78
104
74
79
86
73
72
108
78
98
78
80
78
76
97
80
82
64
88
72
76
73
70
85
79
96
93
82
87
88
91
83
83
78
94
93
100
77
83
88
81
70
101
81
93
92
88
79
88
79
84
87
85
77
74
84
83
86
87
77
87
85
79
69
67
93
86
84
90
69
91
71
82
101
70
74
82
74
82
84
69
87
87
77
81
66
76
75
69
58
89
78
92
92
69
93
87
67
85
92
74
69
62
88
70
71
72
97
79
81
66
81
100
83
75
69
99
78
89
78
84
74
87
89
87
87
99
76
81
77
67
77
80
90
84
71
73
82
82
80
76
76
83
63
68
82
86
87
81
73
71
81
78
76
81
72
80
84
66
80
70
84
80
84
62
72
68
72
88
78
82
71
56
86
63
82
82
76
87
74
58
85
51
65
72
79
68
74
78
80
84
86
61
77
76
72
78
72
91
96
73
77
85
82
75
57
65
82
82
74
81
79
72
72
70
72
83
71
90
86
69
64
77
71
83
81
81
71
58
93
59
82
79
74
75
67
92
76
87
68
72
90
79
77
77
76
74
67
85
66
64
80
83
65
83
80
68
73
82
87
62
58
76
65
70
85
67
66
91
70
72
64
64
60
95
65
77
86
70
73
73
71
71
70
59
76
77
81
63
71
67
74
76
72
82
71
75
71
81
73
83
72
83
73
68
51
72
67
71
78
80
72
76
71
73
62
77
74
89
65
77
75
77
72
66
70
64
71
74
70
87
70
64
73
62
73
78
76
63
73
84
89
73
70
72
70
62
79
76
76
67
71
77
72
72
66
71
72
68
54
64
82
64
77
78
72
73
71
69
71
76
74
79
73
93
79
68
62
63
66
69
78
73
56
71
57
69
60
69
60
83
67
75
71
71
66
73
72
63
56
65
79
81
68
67
79
72
58
66
68
62
76
83
77
75
83
74
59
64
72
64
89
67
74
74
60
81
73
72
77
73
89
77
67
85
82
64
74
60
72
64
55
63
88
67
74
67
63
62
53
76
50
63
72
75
70
71
81
77
66
69
73
68
62
76
66
82
87
69
64
75
50
76
66
69
61
83
71
60
73
77
71
84
65
54
56
58
71
63
72
58
64
75
69
53
83
80
80
77
67
71
71
83
55
63
62
66
70
64
88
68
87
68
79
73
74
54
72
65
75
63
65
85
81
81
65
52
68
83
73
64
82
68
56
67
64
68
93
72
61
70
50
52
77
61
70
76
56
71
74
64
61
83
47
77
63
63
83
70
63
57
58
60
88
81
73
82
76
63
60
76
79
62
74
65
65
73
76
66
79
71
63
66
87
76
83
80
66
79
73
65
75
59
65
75
75
68
72
64
58
73
68
71
61
66
60
71
68
70
71
60
90
69
71
63
59
69
80
75
72
64
66
83
78
51
65
60
68
78
75
62
71
81
58
69
71
59
73
72
67
47
51
87
70
74
74
80
78
63
70
75
67
76
60
58
63
80
70
69
77
63
78
69
79
74
70
66
81
85
65
73
72
66
70
75
68
72
82
71
68
69
56
70
60
64
95
79
79
67
66
45
61
72
66
69
86
68
64
74
61
78
72
72
79
64
70
64
70
75
62
66
73
89
54
67
70
81
63
66
64
79
61
68
50
61
74
71
70
71
67
65
57
68
81
65
69
65
62
76
67
62
79
70
57
61
61
68
75
64
77
77
70
69
72
65
66
49
71
63
79
61
69
57
73
80
55
63
67
56
64
74
75
85
65
72
59
78
66
80
87
72
79
51
84
73
72
65
67
60
65
70
85
72
83
58
58
66
71
58
85
69
87
71
64
59
67
67
70
78
72
63
65
72
71
72
66
64
67
62
67
90
61
77
73
59
61
62
66
47
74
63
63
72
63
58
66
60
79
70
59
63
67
64
61
75
68
79
67
65
62
82
75
76
61
65
49
59
65
60
61
58
73
69
68
64
59
72
55
55
75
78
68
65
75
83
71
78
64
62
73
68
80
72
50
64
66
54
54
72
66
65
64
61
62
73
65
78
79
65
66
69
82
66
51
58
74
69
65
66
62
72
51
61
75
75
77
58
72
58
73
63
75
58
75
61
64
51
67
77
73
61
82
77
73
60
66
68
63
59
64
78
70
68
62
60
52
65
67
76
63
78
54
59
68
50
69
71
65
64
82
58
73
56
52
71
80
71
74
63
64
71
57
61
59
68
55
60
68
62
69
71
77
66
73
66
58
60
74
67
70
60
66
63
82
46
77
85
71
82
63
66
64
68
59
65
54
71
64
75
67
58
78
65
51
60
58
57
67
64
68
80
65
77
58
59
63
66
82
51
65
53
71
61
70
67
69
57
57
64
53
64
63
91
72
78
54
63
60
57
69
68
55
80
72
69
62
77
77
72
84
62
76
65
64
77
75
70
70
63
62
75
62
79
64
49
65
70
54
66
62
65
69
50
60
60
73
69
68
65
51
80
61
53
69
61
75
79
61
73
64
70
70
72
75
64
72
79
63
68
73
66
68
69
60
74
60
80
56
71
59
63
56
68
60
68
64
63
50
68
64
80
81
81
58
74
65
61
66
70
61
58
79
55
60
72
55
70
73
69
61
67
65
71
78
71
85
67
74
74
63
59
63
80
70
77
79
60
70
73
57
76
77
71
71
60
80
78
46
81
68
73
66
74
89
75
70
65
68
82
65
78
69
72
78
64
64
77
78
77
72
60
64
84
63
55
81
70
77
70
73
81
68
68
65
77
76
64
68
62
72
73
59
72
55
64
63
64
58
57
71
63
75
66
54
67
78
68
49
50
58
49
71
57
65
65
77
92
68
72
71
57
74
63
74
69
71
72
76
59
78
59
62
68
74
54
80
84
63
64
65
69
58
65
58
70
83
59
67
63
53
81
75
66
63
63
67
64
60
62
71
59
79
66
80
70
70
71
72
68
73
58
63
72
59
78
79
82
72
61
79
66
83
55
74
56
63
65
58
80
64
59
74
67
70
65
66
76
76
75
78
71
81
65
87
63
76
62
64
74
67
74
75
80
73
62
61
83
75
69
63
58
77
81
66
55
64
64
66
52
80
73
64
67
64
68
71
56
74
70
67
68
65
73
68
66
68
62
85
66
73
64
72
72
78
68
71
66
62
64
68
79
74
79
77
56
72
67
59
71
75
63
72
68
59
65
64
79
61
81
62
65
75
72
72
66
79
72
61
67
67
73
66
64
70
65
70
57
78
70
80
70
65
81
64
59
81
86
66
71
56
77
74
68
71
74
68
63
70
57
83
72
70
66
65
77
77
63
72
63
73
71
59
74
69
86
79
68
55
78
72
68
88
71
78
66
58
76
64
71
66
67
64
78
86
71
73
76
61
75
58
54
80
65
80
72
64
75
62
78
81
68
61
62
68
80
62
57
75
68
66
67
54
84
65
68
74
70
84
65
62
59
47
71
76
73
71
64
66
78
80
55
65
70
79
74
74
81
67
75
81
55
83
67
61
71
78
82
56
70
75
83
74
64
62
59
76
84
62
68
68
73
71
65
73
71
57
65
78
76
71
65
71
66
68
67
70
85
72
70
77
76
46
74
78
77
64
70
60
67
73
58
73
85
77
87
73
74
81
86
85
81
73
73
70
77
55
52
54
73
83
58
70
56
81
73
64
50
79
74
68
79
62
73
63
63
78
67
79
74
70
80
55
74
79
91
70
59
63
54
65
78
77
62
55
75
82
79
85
60
67
68
63
66
72
66
79
79
72
70
69
62
70
63
57
49
67
88
85
79
72
65
68
65
70
84
87
71
59
63
71
75
75
63
74
81
82
63
64
62
70
66
83
88
53
70
65
73
70
65
79
63
77
80
76
69
75
64
70
69
72
72
78
65
71
67
88
70
71
71
101
85
69
64
73
64
54
78
75
70
72
83
69
69
60
96
84
68
65
75
80
71
75
79
79
74
73
69
79
74
73
62
79
76
61
74
70
84
76
90
73
67
68
64
62
80
79
71
75
77
67
69
63
67
86
94
69
87
81
76
68
79
86
79
89
61
65
73
69
66
88
79
72
59
73
76
100
74
79
58
70
79
80
75
77
64
69
85
87
67
64
79
87
78
61
52
68
86
66
84
92
79
88
69
68
80
59
83
69
75
88
90
59
73
73
65
76
68
67
88
63
60
72
75
69
92
69
80
72
77
92
73
86
70
75
59
68
83
71
75
88
83
70
99
87
79
84
61
69
77
72
83
83
81
77
79
64
66
57
88
88
89
75
70
66
75
74
77
73
81
79
68
78
100
67
87
88
72
70
82
73
70
89
85
82
75
73
68
80
72
76
69
83
95
66
64
71
90
88
72
71
65
94
80
62
78
79
70
73
73
80
73
75
86
80
56
77
85
76
57
90
101
78
72
79
88
78
78
68
79
72
78
78
81
73
81
76
70
76
86
72
86
82
74
70
92
86
85
87
58
85
75
76
81
72
70
76
88
85
83
54
74
67
79
82
73
78
78
85
76
90
70
75
89
72
80
83
83
75
84
84
94
77
82
63
90
92
84
81
84
99
82
81
68
91
93
84
91
55
101
84
77
72
77
69
69
89
72
73
80
84
73
100
87
75
89
92
84
79
87
97
83
70
90
83
93
76
74
79
68
75
66
89
72
80
94
78
76
73
68
79
72
90
78
85
77
84
79
83
86
87
79
77
71
77
87
76
84
83
78
81
91
88
72
93
82
83
80
101
105
65
94
79
74
103
64
83
83
76
80
88
80
73
86
65
99
81
95
74
71
70
89
78
84
101
90
82
101
76
84
72
86
87
86
90
65
100
87
85
86
84
80
91
78
103
66
87
89
97
79
91
84
80
83
91
100
89
86
89
102
73
87
81
88
79
70
85
95
68
89
77
82
93
83
85
78
97
84
91
95
101
92
89
90
82
84
75
84
94
82
90
103
83
78
73
84
78
77
109
74
80
74
94
82
84
75
80
88
87
94
85
84
77
75
77
83
91
86
93
78
86
75
84
75
94
71
82
87
98
98
86
71
91
88
89
74
103
70
81
85
102
84
69
83
90
83
83
70
80
76
82
76
88
88
81
86
70
80
83
84
83
58
65
102
85
97
76
88
83
75
78
94
81
83
77
92
76
85
76
88
82
81
94
87
67
81
95
78
85
72
81
100
79
89
83
89
91
100
81
99
70
89
80
82
75
88
88
94
84
88
79
91
75
92
85
95
80
83
89
88
83
73
77
69
87
78
89
75
58
86
85
92
73
79
103
77
82
80
66
88
88
74
82
89
84
78
74
85
89
73
84
85
89
79
82
79
82
92
69
85
86
90
71
77
84
85
68
71
83
88
88
76
80
63
84
87
83
77
74
75
88
74
89
85
86
64
71
86
80
66
93
86
70
64
82
73
89
84
80
72
79
76
82
79
86
84
56
83
80
79
79
95
78
95
82
78
75
69
79
73
85
83
81
76
87
85
67
58
83
79
68
88
69
81
65
78
71
67
69
68
84
78
62
75
67
80
79
72
87
67
77
65
83
64
62
68
75
68
76
82
70
69
63
81
88
59
85
77
77
61
66
67
64
68
74
64
71
79
68
82
71
78
72
86
87
57
88
85
72
60
90
71
66
62
72
75
76
86
72
67
88
67
65
69
74
66
70
66
82
68
80
56
76
64
90
64
70
57
76
81
61
70
64
72
73
67
65
72
78
74
75
78
75
72
77
66
75
81
66
72
68
66
59
62
68
84
68
59
63
68
63
64
63
69
47
72
60
49
73
71
73
60
64
77
64
51
65
52
70
66
62
47
59
48
55
59
61
66
74
76
66
71
61
76
68
68
61
54
73
55
70
53
69
62
56
48
52
60
76
57
49
68
59
57
61
53
64
58
55
65
56
58
61
58
55
57
58
66
64
65
65
52
64
60
80
68
74
57
59
51
63
51
64
46
67
48
69
53
52
60
62
61
71
49
56
65
57
57
55
65
66
54
64
56
64
59
51
55
66
44
60
56
61
58
43
46
53
57
57
64
44
74
56
64
59
60
50
61
68
61
53
59
47
53
56
60
53
44
49
60
58
63
62
59
51
40
58
54
62
68
64
51
59
57
43
66
57
52
56
45
53
64
71
51
61
43
55
63
48
60
56
53
54
57
63
57
56
62
38
61
57
51
63
49
63
62
58
39
56
68
42
71
51
59
50
53
60
47
60
59
52
62
60
55
66
53
60
66
65
49
61
50
54
45
52
64
54
51
50
46
50
58
59
48
51
40
47
47
57
53
64
56
54
64
52
64
60
61
54
57
57
44
47
72
53
42
42
51
51
59
60
66
59
54
58
51
45
50
49
56
55
52
55
49
47
55
56
51
59
62
53
56
68
41
56
54
47
55
60
42
41
45
50
54
50
62
46
66
61
57
51
40
69
51
47
47
50
52
49
52
60
35
54
54
56
44
56
53
51
40
53
60
57
52
47
46
44
52
48
44
55
54
46
56
47
52
58
48
44
55
55
49
44
49
58
68
40
54
51
38
46
51
53
46
44
40
51
60
59
45
49
51
52
51
42
52
36
48
49
46
56
61
61
51
56
53
56
50
59
49
55
47
58
51
57
43
51
52
57
47
54
34
45
51
58
55
60
63
68
54
60
66
49
46
51
49
56
56
53
52
47
48
61
57
40
53
60
56
40
50
47
50
47
39
40
61
45
48
52
32
46
52
46
51
50
46
59
47
46
51
46
50
39
43
44
54
53
39
52
48
49
51
55
58
69
54
36
55
52
52
50
54
48
46
53
47
49
58
37
54
47
48
58
49
52
50
60
62
51
50
47
54
55
54
60
47
50
47
57
35
54
58
60
55
43
57
65
50
60
53
46
46
48
44
51
44
57
59
46
63
59
53
47
58
50
52
45
46
52
58
53
55
47
57
45
38
52
65
45
62
51
49
59
57
49
85
63
56
54
60
69
43
53
66
69
57
59
48
51
58
51
59
49
50
56
54
61
56
53
60
55
76
59
60
77
63
58
62
67
56
73
53
64
56
70
57
54
61
53
64
69
53
74
73
70
62
67
59
80
60
67
65
62
57
60
61
76
72
57
70
76
76
67
62
69
76
74
70
57
86
89
66
65
85
76
81
74
71
69
79
72
76
83
75
78
66
88
73
80
80
81
80
69
96
86
80
89
94
72
90
76
85
70
86
97
73
88
99
76
85
79
80
92
97
89
76
107
89
91
99
105
93
101
106
105
103
92
96
96
94
92
108
101
92
106
102
97
119
104
98
98
116
107
108
97
106
133
133
108
121
117
112
114
122
111
105
108
118
115
123
105
106
136
120
110
108
106
132
109
122
124
117
130
131
128
144
133
118
128
144
139
122
125
125
125
112
141
130
133
136
122
140
130
136
130
149
138
118
153
159
130
161
127
136
182
138
133
168
145
139
158
148
157
134
150
145
146
154
171
139
153
155
164
152
158
170
146
143
161
171
174
153
176
164
159
163
130
139
135
169
166
131
162
174
160
158
160
165
166
156
156
145
182
169
177
184
163
164
181
173
165
164
181
174
175
164
166
175
158
181
161
171
173
181
163
158
161
194
172
183
176
195
168
167
178
174
198
168
163
197
171
186
141
162
162
193
179
159
176
173
174
174
168
169
177
178
184
164
160
167
160
180
184
192
161
163
174
181
163
154
155
157
144
165
155
159
182
160
172
187
153
173
145
147
168
160
161
177
147
167
142
144
177
159
156
148
160
159
150
152
147
124
143
136
139
153
136
162
156
141
149
131
142
152
149
153
134
141
142
153
124
141
133
122
128
144
117
142
141
127
143
126
129
124
105
146
121
145
130
109
131
124
109
142
127
106
120
120
120
123
149
129
129
131
101
108
110
119
126
106
100
113
99
105
99
105
110
108
88
100
98
98
103
94
89
83
75
73
96
90
94
96
104
87
81
86
87
75
79
109
86
75
80
84
82
85
83
90
90
65
82
73
83
68
79
67
68
65
90
74
64
82
65
67
87
64
68
57
70
59
65
56
57
64
57
56
52
62
55
54
55
44
48
72
51
48
55
59
55
52
45
46
48
40
57
61
50
48
55
46
49
49
41
44
46
48
35
48
42
44
38
35
36
48
33
46
31
50
47
35
30
43
37
39
44
38
39
42
39
40
39
29
32
31
44
39
40
26
40
38
36
39
35
24
44
39
40
24
37
33
30
33
40
42
29
34
40
38
41
47
33
25
24
28
32
30
43
35
30
39
27
35
37
31
24
35
27
37
27
38
27
24
39
28
30
32
25
35
29
44
29
38
35
23
33
31
37
39
26
37
26
32
27
38
34
41
44
42
36
34
46
32
34
44
28
31
42
30
40
49
37
36
43
35
33
35
35
34
52
35
37
39
53
52
28
29
43
29
41
42
42
44
56
46
43
50
60
40
43
45
47
39
46
40
53
55
45
50
49
48
39
50
47
55
51
50
54
46
55
57
41
53
52
56
60
38
47
55
60
46
40
51
50
76
54
43
46
57
61
67
58
65
58
58
63
52
63
62
71
62
65
68
85
60
60
63
66
84
77
54
68
61
69
66
70
61
68
64
89
71
76
93
63
68
82
87
86
69
81
53
78
77
78
96
87
71
74
82
73
78
94
105
103
88
105
91
90
91
86
99
96
97
109
70
88
98
83
98
87
94
113
93
105
97
94
88
88
96
90
92
95
102
96
93
102
105
110
123
103
104
106
102
85
131
98
95
109
113
89
122
122
86
135
96
127
135
98
128
113
119
119
138
125
118
135
121
125
105
113
118
136
122
100
113
115
107
126
132
122
113
113
125
141
122
141
129
122
145
137
135
119
111
134
152
131
120
97
121
149
148
132
155
106
145
129
129
113
133
137
137
146
131
137
144
113
140
155
139
130
125
150
152
109
137
137
105
111
141
155
139
131
144
130
129
153
149
132
138
137
145
120
151
148
134
161
157
175
130
148
129
148
152
151
137
99
127
144
150
139
148
141
147
141
143
139
144
148
139
131
125
147
132
121
134
124
146
118
122
118
137
148
121
158
135
155
159
146
139
134
137
115
112
136
120
165
116
144
123
129
111
101
130
128
118
122
112
123
95
117
115
133
113
154
97
111
124
105
123
98
115
120
112
115
127
82
115
143
94
124
100
108
122
88
119
92
123
91
126
92
109
97
130
100
103
116
106
114
93
90
108
103
84
128
91
103
95
87
97
112
100
84
100
86
101
93
90
87
93
91
73
93
83
84
89
87
86
77
77
82
71
78
65
75
71
98
67
66
59
76
68
68
68
66
53
63
68
69
63
74
54
67
86
62
69
52
64
54
55
57
49
56
59
46
65
38
61
64
58
48
35
57
44
40
52
53
63
55
58
44
38
54
49
48
41
37
46
49
50
42
42
46
35
44
41
40
50
50
50
39
36
32
39
32
33
39
41
29
37
32
30
35
22
33
30
37
31
31
34
30
28
29
22
24
24
30
26
24
26
27
28
26
25
18
23
30
24
16
37
24
17
24
12
14
19
24
15
27
13
20
25
17
25
22
19
21
22
14
17
19
12
17
17
15
12
16
10
13
10
12
18
13
9
11
18
15
7
12
18
10
18
23
14
17
18
12
18
16
7
10
8
12
9
13
16
13
12
11
17
10
7
9
11
10
5
11
10
8
8
7
7
11
5
8
12
7
12
10
3
5
8
3
7
5
8
6
6
10
3
8
6
5
6
7
5
6
2
5
6
6
0
4
4
4
6
6
4
5
3
4
5
7
4
13
2
4
4
6
3
6
5
7
2
5
5
4
3
7
6
5
4
4
2
6
5
4
6
6
4
3
4
2
6
1
5
5
0
2
4
5
2
1
2
3
2
4
5
5
3
3
1
0
5
4
4
4
3
2
2
3
2
3
5
4
5
2
1
3
3
2
4
5
1
4
4
1
4
2
1
1
5
1
4
1
3
3
1
3
0
0
3
3
2
1
5
1
4
2
3
1
5
4
2
5
1
2
1
2
3
1
3
3
0
0
4
1
1
3
2
2
2
2
1
4
1
0
3
4
5
0
3
2
2
3
2
2
4
2
1
0
3
0
2
1
2
4
1
4
1
2
3
1
1
5
1
2
1
1
2
1
2
1
1
2
0
2
2
1
3
1
3
1
0
0
1
1
3
3
1
2
2
0
2
0
2
1
1
0
2
2
3
1
1
2
3
0
2
1
1
0
0
3
1
0
3
1
1
1
2
2
1
0
2
1
4
1
4
1
2
4
0
1
3
1
2
0
2
2
2
0
1
0
1
0
1
0
1
0
0
2
2
2
2
4
2
1
1
1
1
3
3
1
1
0
0
0
0
0
0
4
1
0
0
0
1
2
2
0
6
1
2
3
4
0
2
0
0
0
1
1
1
0
2
1
0
3
3
1
1
2
1
1
0
0
0
1
1
0
2
0
2
4
2
1
2
2
0
2
1
1
0
0
0
1
1
0
2
1
1
0
1
1
2
3
0
1
0
0
2
2
1
3
1
2
2
0
0
1
0
0
3
0
0
0
2
2
0
0
3
1
0
1
1
0
0
2
4
1
1
1
1
0
0
1
0
3
1
1
0
0
2
0
1
1
0
0
0
1
0
0
0
0
3
1
1
0
1
0
0
1
0
0
1
2
1
0
1
0
0
0
0
1
0
0
1
1
0
1
3
1
1
0
0
0
2
1
1
1
0
1
0
1
0
2
2
0
1
0
3
2
1
0
0
0
1
1
3
1
1
0
0
2
0
2
0
2
2
1
0
0
2
1
0
1
0
2
0
0
0
1
2
1
1
2
0
0
0
1
1
2
2
1
1
1
2
1
1
0
0
1
1
0
1
0
0
0
1
0
2
1
1
0
0
0
1
0
1
0
2
1
1
1
1
3
1
0
1
0
0
1
1
0
0
2
0
0
1
0
3
1
0
0
0
0
2
0
0
1
0
2
1
0
2
1
0
1
0
2
1
0
2
2
1
0
0
1
0
0
1
0
0
1
1
3
0
2
0
1
2
2
1
0
1
0
2
2
1
2
0
0
4
1
3
1
0
2
1
3
0
0
0
3
0
1
1
0
1
2
0
0
0
0
1
1
0
2
0
0
0
1
0
0
0
1
0
0
0
1
4
0
1
1
2
1
1
0
0
1
1
1
2
0
1
3
0
1
1
0
2
1
0
0
0
0
0
1
0
0
0
0
1
0
1
1
0
0
0
0
0
1
0
0
0
0
0
1
0
2
0
3
0
0
2
2
1
1
0
1
0
2
0
1
0
0
0
3
0
0
0
0
0
2
0
0
1
0
0
0
0
2
1
2
2
0
0
0
1
0
0
0
0
1
1
1
3
3
1
1
0
0
0
0
3
1
1
0
0
0
0
2
2
0
0
2
1
1
0
1
1
2
0
0
0
0
0
0
0
0
0
1
1
0
2
1
0
0
0
2
1
2
0
0
0
0
0
0
0
0
0
1
2
2
0
1
0
0
0
0
0
1
1
0
2
0
1
0
0
0
0
3
0
0
0
0
1
1
1
2
0
3
2
0
1
1
0
0
0
1
0
3
0
2
1
0
0
2
0
0
1
0
2
2
0
1
0
2
0
0
2
2
3
2
2
1
1
2
0
1
2
1
0
1
0
0
0
0
0
0
2
0
2
1
0
0
1
0
1
0
2
0
2
1
1
2
1
0
3
3
0
0
1
1
1
0
1
0
1
0
1
0
0
0
0
0
0
0
1
0
0
0
1
0
1
0
1
1
0
0
0
0
2
0
0
1
2
1
0
1
2
0
0
0
0
1
1
0
0
0
0
1
1
1
0
2
0
0
0
0
0
1
0
1
1
0
0
1
0
0
2
0
1
1
0
0
0
0
1
0
1
1
1
0
0
1
0
0
2
2
2
1
2
1
0
1
0
1
0
0
0
2
1
0
3
0
2
0
0
0
0
0
0
0
2
0
1
0
0
1
1
0
0
0
0
0
0
0
0
1
0
1
0
1
1
1
0
1
0
1
1
1
0
0
0
0
1
0
1
0
1
0
0
1
0
0
0
0
0
1
0
0
0
0
1
0
1
0
1
0
0
0
0
0
0
1
0
0
0
0
0
0
0
0
0
0
0
2
2
1
0
0
1
0
2
1
1
0
0
0
0
1
0
1
0
1
1
1
0
0
0
1
1
0
0
2
0
0
0
0
0
0
2
0
1
0
0
0
1
0
1
1
1
2
0
1
0
1
1
0
1
0
0
0
0
0
1
0
1
0
1
0
1
0
1
0
1
0
1
1
0
0
1
0
1
0
1
0
1
0
0
0
0
0
0
1
1
1
1
0
1
0
0
0
1
0
1
2
1
1
0
0
1
0
1
0
0
0
0
1
0
1
0
2
2
1
0
0
0
2
0
0
0
0
0
0
0
0
2
1
0
1
0
0
1
0
0
0
0
1
1
1
1
1
2
0
1
0
2
1
0
1
0
0
0
1
2
0
1
0
1
1
0
1
0
1
1
0
1
0
1
1
0
0
0
1
0
0
2
0
2
0
0
0
2
2
1
0
1
0
0
0
1
0
0
0
1
1
1
0
2
2
1
1
1
1
2
0
0
0
0
0
0
0
1
1
1
0
0
1
0
0
1
1
0
1
1
1
0
0
0
0
1
0
3
0
2
1
2
0
1
2
1
1
2
1
1
1
2
0
1
1
1
0
2
0
0
1
0
1
0
0
1
0
0
0
1
0
0
1
0
2
0
0
1
0
1
1
0
1
1
0
1
0
1
0
1
0
0
0
0
0
1
1
0
0
0
0
0
0
1
1
1
0
1
2
1
2
0
0
1
1
1
2
1
1
2
0
0
2
1
0
1
0
1
0
0
0
0
0
0
2
0
2
2
1
1
3
0
0
0
0
1
3
2
0
1
1
4
1
1
1
6
2
3
5
4
3
2
4
3
6
7
7
11
7
9
14
14
15
17
22
16
19
12
16
15
21
19
23
23
25
15
18
16
18
21
15
14
27
30
24
26
31
39
31
26
19
17
4
6
4
1
1
1
0
0
1
2
1
2
0
0
1
1
2
6
7
5
14
13
8
4
1
0
0
0
0
0
0
0
0
0
0
0
0
0
0
0
0
0
0
0
0
0
0
0
0
0
0
0
0
0
0
0
0
0
0
0
0
0
0
0
0
0
0
0
0
0
0
0
0
0
0
0
0
0
0
0
0
0
0
0
0
0
0
0
0
0
0
0
0
0
0
0
0
0
0
0
0
0
0
0
0
0
0
0
0
0
0
0
0
0
0
0
0
0
0
0
0
0
0
0
0
0
0
0
0
0
0
0
0
0
0
0
0
0
0
0
0
0
0
0
0
0
0
0
0
0
0
0
0
0
0
0
0
0
0
0
0
0
0
0
0
0
0
0
0
0
0
0
0
0
0
0
0
0
0
0
0
0
0
0
0
0
0
0
0
0
0
0
0
0
0
0
0
0
0
0
0
0
0
0
0
0
0
0
0
0
0
0
0
0
0
0
0
0
0
0
0
0
0
0
0
0
0
0
0
0
0
0
0
0
0
0
0
0
0
0
0
0
0
0
0
0
0
0
0
0
0
0
0
0
1
0
0
0
0
0
0
0
0
0
0
0
0
0
0
0
0
0
0
0
0
0
0
0
0
0
0
0
0
0
0
0
0
0
0
0
0
0
0
0
0
0
0
0
0
0
0
0
0
0
0
0
0
0
0
0
0
0
0
0
0
0
0
0
0
0
0
0
0
0
0
0
0
0
0
0
0
0
0
0
0
0
0
0
0
0
0
0
0
0
0
0
0
0
0
0
0
0
0
0
0
0
0
0
0
0
0
0
0
0
0
0
0
0
0
0
0
0
0
0
0
0
0
0
0
0
0
0
0
0
0
0
0
0
0
0
0
0
0
0
0
0
0
0
0
0
0
0
0
0
0
0
0
0
0
0
0
0
0
0
0
0
0
0
0
0
0
0
0
0
0
0
0
0
0
0
0
0
0
0
0
0
0
0
0
0
0
0
0
0
0
0
0
0
0
0
0
0
0
0
0
0
0
0
0
0
0
0
0
0
0
0
0
0
0
0
0
0
0
0
0
0
0
0
0
0
0
0
0
0
0
0
0
0
0
0
0
0
0
0
0
0
0
0
0
0
0
0
0
0
0
0
0
0
0
0
0
0
0
0
0
0
0
0
0
0
0
0
0
0
0
0
0
0
0
0
0
0
0
0
0
0
0
0
0
0
0
0
0
0
0
0
0
0
0
0
0
0
0
0
0
0
0
0
0
0
0
0
0
0
0
0
0
0
0
0
0
0
0
0
0
0
0
0
0
0
0
0
0
0
0
0
0
0
0
0
0
0
0
0
0
0
0
0
0
0
0
0
0
0
0
0
0
0
0
0
0
0
0
0
0
0
0
0
0
0
0
0
0
0
0
0
0
0
0
0
0
0
0
0
0
0
0
0
0
0
0
0
0
0
0
0
0
0
0
0
0
0
0
0
0
0
0
0
0
0
0
0
0
0
0
0
0
0
0
0
0
0
0
0
0
0
0
0
0
0
0
0
0
0
0
0
0
0
0
0
0
0
0
0
0
0
0
0
0
0
0
0
0
0
0
0
0
0
0
0
0
0
0
0
0
0
0
0
0
0
0
0
0
0
0
0
0
0
0
0
0
0
0
0
0
0
0
0
0
0
0
0
0
0
0
0
0
0
0
0
0
0
0
0
0
0
0
0
0
0
0
0
0
0
0
0
0
0
0
0
0
0
0
0
0
0
0
0
0
0
0
0
0
0
0
0
0
0
0
0
0
0
0
0
0
0
0
0
0
0
0
0
0
0
0
0
0
0
0
0
0
0
0
0
0
0
0
0
0
0
0
0
0
0
0
0
0
0
0
0
0
0
0
0
0
0
0
0
0
0
0
0
0
0
0
0
0
0
0
0
0
0
0
0
0
0
0
0
0
0
0
0
0
0
0
0
0
0
0
0
0
0
0
0
0
0
0
0
0
0
0
0
0
0
0
0
0
0
0
0
0
0
0
0
0
0
0
0
0
0
0
0
0
0
0
0
0
0
0
0
0
0
0
0
0
0
0
0
0
0
0
0
0
0
0
0
0
0
0
0
0
0
0
0
0
0
0
0
0
0
0
0
0
0
0
0
0
0
0
0
0
0
0
0
0
0
0
0
0
0
0
0
0
0
0
0
0
0
0
0
0
0
0
0
0
0
0
0
0
0
0
0
0
0
0
0
0
0
0
0
0
0
0
0
0
0
0
0
0
0
0
0
0
0
0
0
0
0
0
0
0
0
0
0
0
0
0
0
0
0
0
0
0
0
0
0
0
0
0
0
0
0
0
0
0
0
0
0
0
0
0
0
0
0
0
0
0
0
0
0
0
0
0
0
0
0
0
0
0
0
0
0
0
0
0
0
0
0
0
0
0
0
0
0
0
0
0
0
0
0
0
0
0
0
0
0
0
0
0
0
0
0
0
0
0
0
0
0
0
0
0
0
0
0
0
0
0
0
0
0
0
0
0
0
0
0
0
0
0
0
0
0
0
0
0
0
0
0
0
0
0
0
0
0
0
0
0
0
0
0
0
0
0
0
0
0
0
0
0
0
0
0
0
0
0
0
0
0
0
0
0
0
0
0
0
0
0
0
0
0
0
0
0
1
0
0
1
0
0
0
0
0
1
0
0
0
0
0
0
0
0
0
0
0
0
0
0
0
0
0
0
0
0
0
0
1
0
0
0
0
0
0
0
1
0
0
0
0
0
0
0
0
0
0
1
0
1
1
0
0
0
0
0
0
1
1
0
1
0
0
0
0
0
0
0
0
0
0
0
0
0
0
0
0
2
0
1
1
0
0
0
0
0
0
1
0
0
0
0
0
0
0
1
0
0
0
0
0
1
1
0
0
0
1
2
1
0
2
1
3
1
5
2
4
4
2
3
