502
1588
10415
761
123
126
129
168
211
293
426
482
603
709
765
847
911
1025
1092
1231
1358
1595
1568
1827
1981
2168
2279
2512
2700
2984
3109
3193
3388
3634
3920
4075
4364
4504
4648
4977
5092
5174
5659
5691
5888
6004
6248
6073
6042
5792
4939
3539
2221
1754
1529
1571
1628
1855
1938
2156
2426
2587
2874
3134
3484
3803
4040
4430
4795
5082
5407
5529
5619
5940
6247
6203
6204
5776
5535
4616
3938
3429
3136
2996
3099
3119
3234
3624
3740
3992
4308
4484
4699
4731
5066
5153
5440
5340
5478
5506
5485
5571
5537
5302
5225
5117
4888
4793
4740
4513
4635
4510
4422
4357
4473
4559
4594
4685
4758
4771
5006
4819
4991
5001
5055
5108
5177
5039
5140
5213
5167
5164
5018
5260
5142
5159
5089
5133
5074
5140
5149
5145
5037
5144
5300
5115
5226
5197
5256
5313
5108
5181
5287
5459
5352
5389
5376
5452
5528
5459
5534
5617
5663
5725
5620
5810
5708
5910
5810
5954
6007
5877
5984
6166
6087
6116
6089
6241
6266
6239
6251
6176
6245
6300
6565
6364
6348
6548
6519
6641
6564
6758
6763
6887
6882
6914
6918
6831
6950
7122
6951
7139
7303
7465
7503
7484
7528
7579
7681
7617
7753
7917
7855
8087
8083
8059
8206
8287
8464
8555
8473
8570
8674
8698
8691
8784
8922
8993
9103
9308
9443
9553
9403
9576
9867
9881
9883
9962
10105
10182
10154
10298
10348
10448
10590
10765
10762
10864
10901
10864
11154
11424
11324
11470
11372
11490
11482
11624
11778
11746
11943
11972
12025
12085
12166
12302
12579
12562
12664
12312
12765
12995
12900
13022
13118
13360
13755
13414
13554
13795
13774
13987
14157
14044
14096
14348
14528
14657
14775
14730
15118
14944
15132
15451
15442
15484
15668
15586
15621
16096
16064
16135
16415
16293
16373
16597
16443
16750
16652
16669
16785
16881
17154
16816
16891
17240
16865
17164
17075
17026
17208
17175
17078
16927
17109
16912
16985
16950
17078
17127
17040
16937
16802
16871
16740
16845
16658
16814
16752
16624
16438
16778
16301
16539
16344
16561
16336
16438
16251
16341
16501
16374
16435
16390
16476
16391
16232
16715
16273
16368
16256
16303
16344
16241
16363
16298
16333
16390
16188
16185
16163
16221
16461
16467
16173
16358
16481
16104
16257
16112
15974
16149
16231
16036
16099
16076
15930
15933
15845
15965
16186
15978
15766
15863
15933
15542
15647
15592
15775
15688
15763
15624
15706
15598
15731
15509
15791
15510
15499
15468
15621
15334
15662
15313
15539
15318
15556
15367
15457
15448
15426
15374
15302
15451
15310
15182
15362
15368
15145
15152
15218
15227
15391
15159
15187
15197
15158
15088
15304
14985
15234
14976
15178
15221
15082
14858
14872
15056
14963
15211
14942
14969
15080
14951
14951
14993
14872
14980
15172
15111
14967
14964
15065
15027
15014
14850
14928
14653
14919
14788
14774
15001
14980
14936
14645
14709
14803
14745
14725
14820
14782
14723
14614
14819
14437
14700
14720
14700
14671
14699
14714
14647
14456
14548
14430
14564
14331
14578
14420
14391
14388
14566
14703
14713
14243
14492
14318
14280
14624
14315
14408
14390
14357
14279
14230
14070
14085
14457
14200
14333
14159
14117
14243
14338
14449
14150
14293
13902
14273
14212
14075
13895
14009
14076
14015
14152
13924
13812
13736
14230
14143
14089
13691
13860
14092
13710
13779
13945
13675
13761
13660
13712
13882
13660
13775
13522
13755
13724
13454
13368
13557
13367
13561
13347
13307
13605
13593
13460
13407
13511
13319
13341
13456
13118
13360
13150
13235
13077
13126
13089
13175
13047
13080
13149
13055
13014
12995
12909
12978
12896
12911
12714
12525
12824
12704
12714
12948
12738
12848
12716
12822
12566
12628
12697
12586
12547
12498
12531
12426
12474
12581
12357
12440
12465
12664
12261
12505
12280
12324
12226
12352
12229
12351
12275
12249
12216
12212
12114
12123
12202
12112
11964
12134
11779
12127
11880
12008
11911
12126
11777
11903
12031
11991
11843
11917
11763
11743
11766
11563
11699
11723
11620
11978
11593
11588
11441
11491
11748
11838
11436
11754
11252
11254
11495
11399
11485
11475
11314
11270
11324
11424
11149
11166
11092
11105
11065
10889
10953
11192
11148
11168
11138
11208
11199
11089
11079
10989
10961
10887
10882
10832
10965
10849
10697
10718
10928
10726
10611
10726
10898
10664
10928
10639
10680
10776
10880
10521
10454
10644
10731
10596
10685
10496
10584
10607
10460
10443
10567
10778
10504
10445
10478
10433
10412
10484
10357
10425
10527
10535
10418
10423
10365
10427
10243
10176
10258
10439
10252
10427
9956
10109
10058
10143
10258
10194
10383
10261
10353
10233
10086
10212
10073
10194
10270
10046
10058
9853
10078
9920
10221
10096
10010
10006
9942
9991
9960
9961
9900
10053
9881
9987
9906
9727
10025
9856
9944
9911
9796
9942
9811
9665
9575
9858
9842
9822
9663
9595
9857
9775
9626
9833
9661
9757
9671
9894
9634
9401
9587
9404
9497
9568
9513
9504
9606
9470
9557
9359
9420
9465
9679
9452
9618
9579
9395
9602
9414
9434
9251
9420
9387
9192
9281
9592
9245
9171
9198
9225
9294
9081
9268
9492
9187
9225
9167
9345
9021
9216
9228
8996
9040
9123
9151
9086
9187
9201
8822
8951
9036
9132
9164
8997
9113
9028
9018
9073
8868
9011
8998
9076
8937
8782
8877
8975
8839
8750
8961
8871
8877
8897
8782
9020
8887
8864
8933
8899
8901
8788
8879
8899
8830
8710
8833
8703
8674
8772
8553
8783
8707
8579
8600
8821
8791
8472
8768
8613
8697
8715
8496
8679
8545
8465
8545
8531
8461
8441
8457
8503
8463
8431
8439
8541
8630
8552
8609
8445
8440
8397
8471
8307
8434
8330
8536
8371
8335
8532
8363
8364
8669
8279
8321
8238
8282
8317
8319
8461
8260
8244
8094
8195
8212
8349
8354
8321
8235
7957
8346
8016
8118
8205
8298
8101
8299
8058
8258
8165
8182
8092
8129
8161
8136
7988
8089
8195
8044
8096
8018
8079
8230
7959
7868
8070
8070
8144
7982
7977
8020
8002
8055
7956
7981
7989
7875
7951
7991
7922
8093
7848
7794
7892
7904
7893
7965
7841
7965
7912
7993
7845
7811
7901
7828
7754
7693
7815
7605
7656
7629
7663
7533
7568
7609
7597
7388
7570
7580
7551
7429
7439
7376
7434
7397
7334
7333
7215
7192
7299
7281
7224
7235
7145
7120
7180
7113
6976
7146
7077
6838
6999
6938
6951
6866
7020
6810
6814
6944
6715
7004
6657
6640
6574
6557
6525
6539
6671
6542
6463
6500
6473
6535
6529
6368
6288
6357
6421
6056
6300
6255
6046
6097
6189
6066
6134
6089
6122
6023
6148
6072
6097
5920
5918
5816
5870
5771
5767
5620
5840
5734
5736
5677
5738
5719
5622
5637
5693
5660
5672
5609
5669
5623
5620
5535
5529
5569
5457
5465
5432
5510
5498
5385
5502
5351
5425
5404
5427
5332
5221
5218
5407
5335
5253
5319
5239
5259
5380
5278
5285
5324
5178
5243
5218
5185
5149
5223
5264
5180
5070
5063
4987
5071
5162
5132
5033
5206
4938
5097
5106
5044
5002
5012
5054
5005
5070
4998
5076
4978
4977
5065
4930
5002
4909
5019
4996
4918
4921
4882
4894
4933
4950
5009
4916
4827
4939
4934
4940
4932
4836
4784
4883
4847
4857
4867
4925
4774
4914
4898
4864
4784
4656
4799
4854
4809
4682
4924
4786
4589
4679
4880
4756
4709
4829
4593
4735
4741
4694
4718
4820
4744
4662
4847
4701
4721
4602
4624
4597
4789
4721
4487
4591
4538
4587
4633
4573
4607
4621
4559
4592
4619
4651
4759
4589
4704
4599
4580
4522
4444
4590
4483
4442
4539
4563
4461
4508
4515
4395
4557
4379
4525
4501
4455
4527
4457
4416
4360
4400
4462
4386
4498
4440
4342
4506
4422
4420
4247
4446
4362
4355
4399
4375
4318
4347
4291
4285
4233
4249
4337
4355
4241
4338
4177
4178
4077
4275
4226
4239
4162
4242
4122
4050
4140
4125
4119
4058
4221
4072
4090
4128
4026
4014
4088
3924
4097
4073
4010
4152
3989
4022
3891
4017
4025
4032
4017
3961
3930
3916
3965
3872
3833
3935
3992
4026
3942
3804
3807
3916
3791
3679
3826
3858
3827
3820
3859
3822
3872
3890
3679
3869
3764
3751
3674
3694
3709
3802
3853
3745
3714
3693
3705
3725
3752
3707
3743
3740
3824
3676
3672
3705
3597
3725
3670
3629
3789
3623
3695
3652
3736
3661
3618
3790
3665
3648
3609
3760
3758
3766
3691
3719
3669
3812
3612
3649
3732
3757
3635
3701
3692
3737
3740
3624
3501
3610
3698
3662
3633
3614
3749
3711
3663
3672
3708
3733
3626
3638
3647
3740
3510
3649
3657
3676
3739
3595
3681
3659
3716
3644
3720
3748
3645
3762
3603
3775
3743
3831
3674
3550
3622
3675
3624
3698
3741
3637
3731
3689
3636
3671
3656
3575
3603
3720
3718
3692
3605
3686
3587
3628
3628
3591
3598
3696
3683
3626
3588
3601
3590
3673
3641
3621
3613
3581
3603
3642
3635
3579
3551
3580
3566
3677
3653
3680
3513
3745
3754
3552
3520
3595
3468
3505
3563
3571
3586
3563
3488
3558
3490
3533
3532
3564
3488
3509
3550
3455
3602
3445
3377
3464
3398
3439
3406
3433
3379
3544
3476
3365
3471
3506
3436
3321
3392
3384
3383
3416
3331
3395
3308
3211
3287
3354
3335
3446
3352
3264
3273
3121
3266
3243
3294
3212
3202
3171
3162
3086
3109
3259
3090
3105
3085
3137
3125
3213
3116
3086
3050
3048
3014
3041
3036
3004
3031
3016
3051
3007
2970
2936
2992
2955
2999
2970
2938
2915
2902
2957
2875
2861
2945
2892
2906
2905
2872
2832
2776
2737
2742
2815
2781
2809
2823
2810
2729
2756
2776
2787
2701
2670
2687
2755
2774
2755
2829
2776
2630
2642
2592
2747
2664
2723
2733
2717
2719
2603
2673
2618
2585
2601
2638
2650
2747
2597
2601
2583
2514
2636
2597
2613
2604
2544
2537
2596
2617
2569
2645
2475
2533
2535
2604
2618
2535
2540
2540
2580
2403
2644
2554
2472
2525
2512
2476
2518
2412
2541
2519
2445
2517
2563
2501
2543
2448
2556
2566
2473
2387
2461
2488
2485
2409
2383
2516
2502
2501
2319
2490
2459
2548
2478
2451
2435
2338
2389
2431
2395
2383
2441
2383
2509
2403
2458
2327
2408
2529
2383
2498
2436
2414
2306
2408
2388
2395
2403
2425
2497
2327
2380
2478
2421
2424
2388
2381
2281
2407
2326
2352
2415
2378
2359
2406
2330
2338
2354
2431
2339
2388
2349
2254
2366
2240
2251
2239
2358
2383
2360
2311
2457
2397
2338
2254
2309
2306
2330
2414
2400
2307
2308
2376
2382
2307
2354
2380
2252
2263
2342
2263
2333
2334
2288
2408
2284
2189
2235
2208
2345
2227
2335
2271
2342
2365
2275
2340
2310
2299
2249
2337
2275
2288
2269
2229
2241
2366
2283
2201
2259
2303
2209
2255
2273
2243
2276
2253
2236
2196
2234
2221
2281
2208
2204
2195
2236
2221
2198
2207
2225
2192
2185
2222
2228
2252
2258
2264
2154
2156
2229
2158
2123
2107
2260
2220
2205
2195
2199
2150
2215
2242
2151
2158
2171
2139
2176
2178
2209
2224
2189
2199
2232
2189
2159
2224
2216
2169
2152
2216
2217
2136
2179
2142
2152
2218
2194
2206
2137
2146
2208
2123
2103
2170
2134
2236
2202
2075
2189
2167
2101
2069
2091
2111
2105
2105
2214
2122
2088
2166
2183
2043
2199
2234
2203
2300
2145
2165
2132
2140
2138
2136
2100
2144
2119
2107
2127
2082
2165
2109
2161
2037
2124
2135
2122
2082
2072
2161
2060
2182
2057
2044
2107
2145
2081
2112
2161
1969
2104
2077
2040
2061
2142
2122
2070
2149
2124
2118
2092
2085
2108
2159
2076
2047
2096
2037
1992
2110
2082
2025
2090
2069
2126
2116
2122
2160
2050
2083
2122
2064
2075
2132
2054
2040
1997
2135
1995
2047
2044
2089
2068
2135
2065
2063
2043
2064
1986
2078
2084
2081
2111
2109
2019
2023
2072
2005
2060
2035
2039
1994
2050
2050
1987
2068
2082
2091
2094
2053
2065
2069
2033
2006
2052
2050
1973
1992
1928
1977
2108
2010
2086
2074
2016
2087
2069
2030
2039
1953
2041
2082
1998
2055
2132
2032
2072
2054
1990
2095
2062
2013
2065
1981
2016
1984
1984
1981
2005
1986
2013
2017
2051
1982
2029
2024
2034
2053
1967
1937
2093
1993
1989
2058
1983
2053
1992
2000
2022
1954
1966
2071
2022
2009
1841
2025
2020
1999
1959
1998
1952
2065
1934
2049
1992
1995
2050
2006
1926
2022
2034
2019
1984
1918
1957
1973
1983
1984
1894
2018
1886
2028
1977
1923
2026
2020
1924
2024
1945
1929
2013
1995
2001
1969
1978
2060
2076
2075
2014
1984
2024
1952
2029
1929
1975
2015
1927
2040
2011
2037
2044
2019
1990
2045
2079
2057
2050
1930
1941
1965
1947
1998
2015
2020
1980
1975
2047
1993
1998
1959
1896
1916
1940
1997
1985
1968
2049
2095
2003
2031
1940
2046
1978
2061
1993
1963
2108
1997
1979
2006
2039
1965
1981
1954
1959
1952
1960
2020
1928
1933
1922
2012
1936
2008
1970
2054
1964
1963
1957
1975
1915
1946
1950
1960
1926
1945
1895
1928
1967
2052
1979
1904
1913
1955
2023
1947
1991
1966
1937
1881
1975
1899
1987
1946
1925
1943
1935
1894
1937
1888
1979
1993
2032
1903
1969
1943
1903
1913
1907
1867
1992
1836
1908
2029
1956
1951
1904
1875
1875
1912
1891
1972
1874
1900
1864
1885
1843
1843
1937
1891
1825
1937
1914
1946
1880
1856
1910
1975
1867
1841
1837
1864
1879
1862
1920
1875
1908
1884
1820
1892
1827
1943
1856
1949
1861
1811
1841
1874
1825
1795
1789
1840
1753
1798
1869
1854
1875
1834
1854
1817
1778
1874
1866
1787
1814
1778
1854
1845
1787
1831
1825
1788
1784
1857
1870
1848
1743
1765
1816
1803
1825
1838
1772
1739
1782
1805
1805
1867
1818
1801
1823
1823
1832
1768
1800
1783
1746
1732
1832
1844
1803
1763
1776
1804
1740
1722
1755
1784
1834
1744
1766
1760
1729
1793
1747
1724
1814
1794
1788
1856
1827
1747
1778
1775
1787
1849
1790
1762
1811
1779
1808
1791
1805
1813
1830
1882
1828
1867
1842
1770
1804
1890
1778
1773
1843
1788
1734
1736
1914
1820
1815
1759
1840
1723
1801
1809
1795
1846
1797
1766
1828
1882
1804
1758
1833
1799
1838
1782
1798
1855
1861
1786
1859
1896
1766
1838
1880
1916
1796
1859
1868
1847
1830
1931
1812
1840
1798
1845
1805
1877
1858
1872
1821
1866
1880
1950
1881
1874
1901
1891
1818
1869
1878
1907
1894
1956
1880
1850
1863
1924
1879
1861
1865
1925
1884
1864
1901
2002
1896
1964
1905
1943
1928
1937
1941
1887
1907
1937
1905
1903
1965
1909
1922
1892
1881
1869
1910
1990
1978
1939
1870
1914
1988
1929
2010
1900
1966
1895
1905
1999
1940
1937
1950
1992
1972
1948
1929
1920
1958
1996
1997
2000
1928
1998
1909
1903
1991
1936
2019
2004
1937
1964
1965
1942
1964
2023
1927
1963
1978
2028
1924
2060
2007
2064
2040
1945
1984
1915
1924
2042
1999
1973
1986
1980
2006
2040
2051
1978
1910
2052
1937
2035
1999
1977
2004
2016
2001
1953
2057
1992
2014
2024
2031
1954
2039
1939
1995
2038
2005
2042
2008
1962
1993
2026
1992
1988
2006
2004
2042
2058
2001
1947
1986
2006
1944
1987
2018
2000
1968
1959
2030
1986
1940
1931
1948
1952
1974
1918
1996
2006
1963
1967
1899
2059
1996
1937
1968
1940
1863
1910
1916
1925
1898
1979
1989
2018
1896
1819
1939
1901
1957
1931
1869
1832
1863
1885
1868
1858
1925
1852
1874
1922
1880
1869
1897
1887
1806
1834
1811
1886
1865
1873
1848
1922
1859
1855
1819
1813
1872
1809
1786
1857
1772
1863
1831
1877
1840
1835
1776
1750
1755
1847
1833
1834
1757
1869
1800
1778
1853
1783
1849
1715
1731
1718
1744
1744
1800
1774
1678
1785
1738
1801
1732
1690
1728
1792
1726
1752
1698
1751
1754
1694
1748
1652
1730
1666
1744
1613
1672
1728
1674
1693
1600
1620
1678
1633
1767
1627
1638
1722
1619
1692
1582
1690
1658
1580
1619
1585
1676
1660
1606
1624
1633
1551
1631
1629
1619
1589
1596
1630
1575
1564
1604
1589
1586
1561
1530
1620
1680
1578
1547
1586
1553
1530
1566
1585
1540
1541
1612
1502
1637
1577
1509
1571
1598
1537
1538
1498
1527
1539
1557
1466
1552
1525
1453
1539
1477
1460
1536
1453
1445
1581
1521
1494
1528
1503
1500
1434
1460
1496
1460
1511
1604
1513
1518
1459
1463
1449
1529
1499
1436
1444
1475
1548
1484
1397
1528
1395
1449
1414
1520
1457
1501
1485
1465
1439
1451
1467
1467
1504
1491
1479
1490
1469
1432
1496
1484
1508
1422
1451
1393
1437
1478
1414
1428
1459
1482
1473
1469
1454
1391
1482
1519
1475
1478
1418
1432
1379
1453
1479
1432
1421
1450
1512
1525
1431
1481
1448
1459
1483
1431
1444
1456
1443
1460
1514
1408
1414
1447
1479
1384
1509
1468
1476
1407
1519
1454
1541
1411
1417
1403
1376
1433
1432
1428
1457
1410
1401
1370
1445
1441
1470
1464
1460
1402
1415
1421
1396
1413
1460
1425
1430
1414
1493
1389
1403
1395
1394
1427
1472
1395
1413
1423
1448
1385
1439
1388
1443
1474
1434
1518
1416
1459
1380
1463
1426
1423
1417
1437
1462
1463
1318
1385
1412
1512
1374
1433
1427
1370
1373
1448
1397
1453
1491
1378
1390
1474
1304
1385
1442
1419
1431
1507
1440
1403
1389
1390
1418
1369
1426
1487
1384
1385
1370
1377
1438
1359
1422
1443
1459
1374
1439
1406
1407
1438
1418
1443
1404
1400
1371
1396
1441
1433
1397
1417
1473
1406
1436
1447
1460
1406
1401
1362
1443
1365
1456
1404
1410
1429
1428
1417
1405
1375
1441
1490
1355
1413
1381
1391
1390
1401
1447
1358
1396
1435
1392
1374
1387
1385
1410
1432
1433
1431
1411
1370
1423
1396
1415
1414
1505
1424
1394
1389
1396
1473
1415
1467
1471
1371
1392
1389
1487
1366
1410
1425
1463
1380
1356
1395
1385
1354
1451
1373
1344
1439
1398
1429
1374
1426
1407
1400
1422
1308
1385
1427
1464
1430
1352
1441
1363
1396
1405
1397
1316
1491
1461
1393
1366
1510
1407
1410
1427
1429
1395
1340
1407
1425
1426
1372
1449
1377
1359
1458
1413
1423
1421
1369
1420
1375
1374
1387
1341
1435
1403
1434
1427
1448
1389
1429
1469
1348
1337
1368
1383
1383
1373
1418
1405
1416
1357
1430
1387
1395
1431
1443
1365
1352
1371
1363
1357
1508
1355
1404
1388
1412
1372
1397
1430
1400
1357
1394
1377
1388
1413
1427
1423
1434
1425
1362
1478
1391
1368
1368
1433
1397
1499
1445
1431
1401
1340
1406
1455
1440
1327
1462
1372
1320
1388
1345
1421
1433
1389
1359
1329
1425
1403
1412
1357
1434
1416
1379
1404
1377
1442
1391
1378
1410
1375
1371
1385
1314
1301
1340
1436
1401
1382
1379
1298
1342
1331
1330
1400
1412
1442
1368
1334
1361
1442
1387
1349
1391
1395
1398
1312
1387
1400
1427
1367
1444
1386
1416
1311
1423
1315
1353
1431
1365
1380
1434
1382
1379
1369
1368
1403
1334
1366
1415
1312
1358
1325
1392
1378
1375
1431
1311
1430
1401
1363
1406
1392
1317
1322
1350
1395
1392
1385
1307
1300
1388
1325
1396
1483
1388
1372
1383
1353
1401
1423
1366
1422
1365
1420
1365
1311
1352
1346
1394
1400
1359
1412
1361
1342
1311
1347
1382
1353
1366
1360
1431
1337
1318
1306
1331
1375
1330
1353
1348
1333
1309
1333
1348
1334
1404
1303
1341
1369
1363
1285
1381
1396
1331
1358
1372
1327
1333
1397
1329
1314
1296
1398
1380
1334
1384
1428
1399
1367
1344
1322
1318
1358
1344
1402
1368
1354
1359
1357
1311
1316
1307
1313
1356
1377
1357
1341
1293
1330
1363
1309
1311
1344
1303
1338
1356
1376
1361
1407
1323
1386
1372
1346
1358
1281
1281
1359
1423
1322
1398
1316
1405
1275
1379
1343
1322
1299
1317
1313
1316
1388
1335
1311
1331
1311
1325
1337
1262
1353
1382
1316
1309
1274
1385
1366
1327
1303
1330
1306
1375
1299
1277
1347
1308
1252
1302
1317
1399
1292
1329
1263
1364
1392
1321
1360
1226
1335
1380
1315
1331
1281
1353
1316
1329
1300
1280
1292
1254
1318
1360
1319
1361
1368
1271
1281
1321
1341
1314
1297
1322
1242
1204
1280
1266
1293
1294
1283
1338
1341
1282
1247
1326
1325
1281
1293
1364
1315
1304
1347
1252
1381
1360
1314
1311
1259
1243
1369
1313
1262
1298
1267
1228
1340
1303
1209
1321
1277
1261
1306
1364
1254
1334
1375
1285
1320
1279
1203
1335
1250
1339
1361
1327
1333
1242
1269
1296
1324
1317
1330
1254
1273
1337
1361
1261
1346
1308
1269
1256
1341
1271
1236
1342
1297
1274
1312
1312
1235
1259
1226
1283
1268
1278
1307
1265
1259
1254
1314
1286
1293
1277
1236
1238
1235
1245
1295
1194
1323
1237
1265
1299
1268
1285
1264
1258
1276
1262
1249
1268
1282
1309
1282
1228
1277
1346
1236
1322
1262
1240
1317
1287
1293
1285
1283
1277
1310
1281
1306
1320
1330
1241
1292
1284
1295
1271
1296
1241
1198
1298
1283
1349
1305
1340
1235
1280
1292
1252
1263
1258
1235
1265
1264
1232
1288
1278
1294
1244
1290
1243
1346
1303
1329
1290
1253
1272
1295
1278
1239
1284
1226
1281
1253
1231
1327
1345
1260
1249
1346
1301
1209
1259
1240
1293
1283
1251
1272
1298
1286
1241
1317
1263
1296
1236
1168
1295
1310
1280
1301
1277
1282
1235
1323
1331
1281
1276
1283
1280
1263
1302
1285
1284
1271
1262
1275
1260
1211
1286
1235
1310
1208
1245
1241
1283
1264
1235
1280
1282
1220
1272
1315
1252
1269
1209
1317
1275
1169
1206
1280
1246
1297
1236
1272
1230
1346
1304
1368
1318
1249
1259
1277
1244
1247
1200
1262
1263
1364
1284
1246
1237
1224
1337
1259
1220
1178
1278
1214
1285
1292
1254
1286
1320
1221
1287
1284
1308
1249
1200
1212
1309
1272
1298
1281
1264
1264
1260
1240
1260
1240
1251
1267
1338
1258
1249
1227
1201
1314
1189
1267
1243
1279
1265
1248
1330
1323
1272
1337
1185
1265
1301
1203
1269
1225
1293
1279
1271
1356
1305
1280
1329
1253
1213
1266
1300
1272
1202
1255
1348
1238
1249
1250
1306
1273
1283
1208
1251
1265
1287
1209
1263
1273
1268
1327
1278
1326
1314
1247
1192
1254
1206
1299
1239
1317
1277
1277
1304
1324
1232
1338
1262
1309
1291
1242
1271
1330
1328
1255
1295
1240
1285
1279
1277
1255
1218
1286
1254
1326
1278
1249
1300
1280
1294
1293
1289
1327
1324
1292
1258
1283
1262
1284
1250
1276
1244
1257
1273
1320
1257
1266
1254
1335
1252
1294
1254
1265
1283
1266
1250
1302
1286
1261
1319
1290
1310
1316
1291
1211
1250
1249
1334
1221
1315
1254
1300
1248
1338
1194
1248
1319
1276
1272
1304
1278
1282
1257
1262
1238
1247
1190
1251
1312
1238
1218
1259
1282
1287
1189
1293
1270
1251
1237
1245
1267
1311
1273
1231
1295
1313
1201
1208
1267
1255
1225
1244
1201
1264
1236
1220
1284
1259
1222
1262
1224
1238
1188
1264
1247
1261
1213
1255
1211
1262
1213
1233
1294
1297
1220
1193
1162
1272
1252
1288
1210
1209
1248
1231
1232
1257
1271
1233
1196
1203
1249
1209
1208
1210
1236
1199
1247
1255
1176
1253
1179
1211
1274
1203
1187
1228
1260
1209
1184
1133
1204
1235
1235
1247
1219
1247
1178
1177
1165
1172
1244
1216
1164
1241
1257
1186
1221
1187
1220
1246
1205
1189
1180
1231
1199
1235
1252
1160
1168
1125
1154
1146
1198
1182
1175
1133
1166
1141
1166
1135
1172
1105
1082
1122
1144
1215
1200
1113
1174
1216
1179
1112
1133
1201
1132
1142
1200
1164
1161
1173
1257
1225
1167
1186
1156
1170
1143
1138
1209
1158
1156
1152
1147
1120
1167
1207
1174
1157
1169
1236
1108
1181
1211
1141
1187
1128
1131
1149
1097
1203
1150
1178
1153
1152
1153
1109
1137
1145
1099
1175
1164
1140
1123
1245
1124
1143
1109
1137
1120
1116
1143
1108
1159
1139
1147
1163
1116
1077
1100
1121
1136
1089
1148
1161
1114
1118
1090
1127
1144
1146
1160
1159
1082
1144
1190
1097
1176
1124
1100
1144
1171
1139
1067
1079
1090
1118
1135
1133
1121
1101
1222
1075
1127
1126
1108
1055
1136
1111
1076
1118
1185
1048
1118
1089
1088
1092
1072
1088
1089
1150
1117
1097
1100
1116
1089
1102
1094
1092
1106
1099
1129
1098
1081
1107
1039
1066
1140
1077
1049
1105
1055
1071
1040
1101
1083
1014
1068
1100
1073
1102
1031
1096
1080
1087
1079
1067
1120
1049
1069
1022
1067
1036
1060
1061
1042
1061
1094
1038
1108
1024
1074
1083
1104
1155
1040
1104
1094
994
1075
1021
1036
1026
1034
1093
1064
1025
1033
1047
1052
987
1072
971
1007
1013
999
1006
997
1052
999
1027
1062
986
1023
996
1049
986
1037
954
1023
1096
1057
1054
1012
981
1084
1112
1037
1021
1045
1027
1033
991
989
994
985
1082
969
994
1035
1036
989
1031
1006
1025
999
1054
1030
1019
1054
1035
965
1043
985
966
1064
1013
982
1001
1039
1008
1010
1053
1012
973
1006
1007
1010
970
1017
989
1003
956
935
984
1012
1012
1009
995
1001
980
993
1044
979
971
962
967
1000
982
995
1069
1010
947
983
1016
996
988
949
968
968
953
985
939
1019
951
950
995
1012
984
1015
970
936
1019
985
956
959
959
910
969
989
1025
996
916
922
942
946
988
972
939
1020
980
952
971
1010
965
974
941
935
996
974
952
967
997
949
975
985
998
1005
957
944
961
967
944
978
990
982
936
951
1008
942
941
947
1001
903
965
1019
957
935
916
905
990
968
944
973
899
980
887
953
963
963
1000
920
923
948
949
922
967
943
1007
928
886
985
920
921
918
939
936
957
967
905
914
973
939
959
1006
929
969
981
941
978
936
973
976
909
931
950
955
969
923
950
947
881
938
958
964
934
958
950
980
919
870
944
1005
901
951
923
889
967
921
933
921
906
941
927
956
965
945
928
904
1005
984
928
1006
955
1013
923
923
905
957
884
887
913
952
935
921
935
920
957
919
951
960
980
947
875
880
923
939
943
934
924
969
967
918
909
929
916
904
910
908
950
976
964
899
951
926
919
923
947
934
891
938
871
874
960
929
921
900
918
920
889
933
960
938
880
958
885
947
897
906
891
926
894
912
952
895
985
919
901
923
918
967
914
916
892
865
860
928
875
939
965
907
905
918
886
898
874
935
977
927
920
911
886
877
888
911
870
857
849
911
949
894
920
889
967
940
960
881
941
960
849
912
895
895
934
918
935
960
910
905
939
893
960
932
923
927
960
947
861
866
922
889
921
877
939
869
892
965
930
868
914
922
934
892
912
967
889
903
929
900
915
907
963
961
952
914
958
920
917
947
900
939
933
866
928
975
902
913
973
871
924
895
887
897
899
988
916
907
899
914
930
933
949
951
909
923
942
944
914
956
908
932
922
966
977
919
919
929
936
961
958
954
900
929
998
977
934
963
950
952
933
923
965
903
930
917
899
971
873
936
955
889
941
941
969
908
908
944
995
895
923
945
914
909
935
922
952
1016
943
987
986
889
986
945
930
962
948
910
969
939
998
965
979
996
953
967
946
950
974
982
987
983
930
976
994
1027
1006
979
963
929
983
1023
956
980
951
1022
1017
1003
1031
976
921
1024
1001
1015
1023
972
1030
1012
979
976
991
1015
1066
1024
1057
1069
1045
1019
1033
979
1050
1045
966
1029
1037
1018
1010
1027
1032
1029
1064
986
1062
1024
963
1082
1027
993
1085
964
1007
1096
1090
1076
1057
1024
1048
1025
1097
1071
1001
1041
1033
1054
1122
1050
1039
1066
1047
1053
1032
1077
1074
1042
1084
1046
1028
1084
1038
1062
1076
1000
1048
1108
1131
1082
1093
1049
1048
1101
1082
1099
1007
1076
1130
1113
1058
1083
1090
1145
1076
1082
1059
1113
1077
1071
1059
1057
1060
1004
1150
1075
1099
1088
1116
1029
1080
1063
1099
1128
1090
1123
1144
1077
1106
1101
1171
1108
1114
1045
1120
1079
1108
1052
1074
1133
1121
1084
1079
1112
1152
1108
1116
1118
1080
1061
1033
1101
1058
1151
1086
1104
1084
1067
1025
1122
1069
1098
1063
1109
1100
1037
1135
1097
1092
1101
1136
1074
1073
1066
1056
1046
1053
1072
1050
1071
1094
1111
1063
1091
1019
1075
1023
1104
1138
1059
1027
1105
1043
1060
987
1036
1052
1043
1050
1056
1049
1027
1071
1035
1044
1027
1054
1063
1044
1017
1034
1004
951
975
945
1009
955
1031
989
1028
1035
1028
988
982
1031
974
1006
945
967
943
999
954
995
987
993
988
942
912
945
900
946
876
963
935
940
988
909
891
955
904
925
954
944
895
886
875
845
976
886
942
883
884
896
856
919
790
887
874
868
844
851
874
810
834
868
844
867
809
838
819
819
863
817
817
867
788
800
794
795
846
789
834
775
824
825
785
856
795
766
777
769
813
737
794
750
742
741
733
762
794
764
778
688
786
726
753
779
748
757
756
709
652
728
720
679
670
728
694
758
690
686
735
669
677
713
707
698
662
658
642
643
699
714
669
647
638
684
696
657
693
683
624
678
634
669
657
654
641
637
627
620
659
606
632
610
601
619
662
592
613
605
630
635
568
652
548
579
542
534
611
602
566
572
575
532
570
614
610
573
568
579
586
592
555
566
573
550
572
528
543
546
591
551
552
536
502
559
539
531
548
537
550
525
551
549
489
463
529
537
555
536
532
524
549
535
522
540
542
542
490
476
570
553
513
558
476
474
497
546
515
507
505
523
503
524
488
530
569
517
530
546
510
492
544
501
500
500
510
518
499
487
508
533
563
504
492
531
506
524
498
494
458
513
526
510
497
507
488
503
553
508
529
490
465
502
503
490
495
496
532
480
478
526
475
477
490
504
546
503
472
489
501
492
483
498
498
506
522
539
494
465
539
500
537
501
513
499
511
487
449
538
530
513
482
515
509
524
525
555
488
493
508
499
532
501
487
526
524
504
521
539
513
517
505
518
516
515
505
507
542
564
519
549
509
515
582
465
539
528
556
460
531
524
539
564
561
552
527
507
541
560
516
553
519
551
579
547
582
546
569
573
567
553
572
535
582
584
577
599
583
541
602
598
547
574
578
589
577
544
564
579
575
605
619
526
577
550
626
657
633
584
603
632
577
649
619
618
607
648
632
591
595
600
622
631
632
629
640
667
657
576
633
682
658
634
615
625
662
674
635
651
664
655
675
705
686
654
653
699
606
621
693
685
716
693
671
717
713
670
729
683
703
711
670
677
702
729
709
710
732
735
669
711
722
663
725
722
749
787
704
724
715
752
683
736
760
784
727
772
766
798
769
774
816
819
799
816
832
767
792
765
742
748
794
798
773
816
790
733
801
828
816
812
847
828
863
863
826
851
837
825
821
828
872
827
800
837
810
787
881
873
855
778
846
850
895
835
860
866
870
843
818
802
869
824
846
891
851
852
823
879
853
864
806
852
873
866
891
893
827
879
891
883
871
871
906
929
951
896
891
924
924
915
888
883
898
916
892
902
898
877
876
908
842
881
844
907
887
879
873
907
879
853
883
845
850
884
909
824
874
863
879
866
906
862
843
924
870
865
899
818
831
874
871
858
834
921
907
876
886
897
902
966
875
849
785
849
857
917
842
816
882
886
893
871
834
809
844
821
828
840
840
834
830
824
863
834
832
804
853
808
806
801
791
786
822
863
855
778
832
804
802
764
777
750
763
835
803
821
755
773
719
763
774
755
770
719
768
789
750
742
743
769
773
699
700
732
750
734
684
726
749
717
709
718
732
682
692
674
690
683
678
738
675
684
692
719
681
644
625
634
650
656
648
674
623
604
673
594
633
633
587
642
652
624
609
600
624
592
555
593
576
579
606
582
576
577
567
560
549
514
518
542
558
574
552
531
552
497
520
567
500
509
519
528
458
508
507
477
499
525
518
465
516
493
485
447
491
439
484
451
446
462
449
495
417
472
446
415
447
427
456
462
408
382
425
403
430
407
409
403
414
413
413
405
394
410
387
363
398
405
367
374
395
402
405
359
326
379
395
368
366
371
387
359
400
347
337
367
298
357
330
365
371
350
369
335
350
333
341
347
319
351
342
324
367
332
337
330
336
324
314
273
337
318
300
297
318
285
313
308
314
296
308
346
293
334
307
314
354
306
298
300
318
269
301
269
323
304
287
282
278
297
313
322
315
289
278
308
317
298
288
290
317
280
283
274
296
268
311
292
281
297
267
295
274
283
287
328
299
253
315
297
310
277
319
280
312
314
259
304
286
296
287
286
324
301
292
280
298
297
296
310
308
307
312
306
301
320
279
321
279
321
324
306
300
321
285
291
307
327
330
347
331
326
300
313
335
331
332
314
327
329
337
301
329
331
338
306
308
335
315
327
325
331
325
365
363
338
314
353
349
303
349
353
333
329
330
342
343
341
342
341
361
345
367
363
390
365
339
369
350
370
350
416
345
403
398
391
336
382
357
388
356
343
368
353
369
380
384
361
380
363
397
367
425
407
426
376
373
408
374
383
368
406
400
405
381
378
369
400
391
426
403
406
365
387
398
425
412
423
430
456
440
428
395
432
394
454
455
412
394
433
426
450
421
414
438
462
398
438
413
446
449
407
403
444
453
460
456
421
417
424
462
454
407
396
413
415
394
453
432
486
452
420
398
460
411
409
457
430
467
438
407
409
486
448
437
430
410
457
453
437
433
460
432
444
462
461
439
423
398
423
437
408
449
426
440
467
434
404
432
445
428
465
441
402
451
410
441
413
432
440
459
414
426
430
475
451
417
439
432
410
419
416
395
409
440
410
445
423
440
446
425
400
419
420
474
382
387
392
435
390
420
374
451
388
421
395
390
370
394
407
379
403
408
371
401
391
390
423
389
398
406
382
356
371
371
370
385
397
352
409
358
384
358
362
348
328
384
363
343
358
361
357
341
375
334
361
337
311
341
331
327
324
336
345
326
324
309
321
313
329
320
331
326
319
315
326
313
344
290
303
331
325
327
284
292
296
317
314
319
303
302
296
286
284
308
295
281
290
293
293
276
272
259
276
263
248
269
251
269
289
269
259
256
270
232
260
236
258
237
251
242
240
227
239
211
235
254
217
250
235
237
254
227
248
215
212
233
216
217
239
224
232
222
208
211
228
195
210
209
229
209
226
175
191
196
204
183
190
207
208
184
187
187
172
190
186
181
192
186
173
190
178
190
181
194
188
169
164
165
155
167
165
148
163
157
169
160
163
184
162
172
161
128
158
164
124
138
156
152
132
168
151
132
157
137
137
123
134
155
151
127
153
144
142
139
126
137
124
138
135
126
125
118
117
125
106
117
127
113
123
122
136
118
134
124
122
113
121
118
128
119
106
102
109
122
103
117
104
112
103
95
125
99
117
111
114
108
101
108
102
99
103
99
108
119
106
111
114
104
97
107
83
98
85
101
108
97
105
94
78
103
87
88
85
101
91
88
94
89
83
82
91
98
89
105
78
82
110
109
78
89
86
94
94
80
95
86
66
77
85
100
90
84
95
91
90
75
83
80
101
76
87
95
75
83
86
86
104
75
101
95
80
76
88
64
74
87
98
84
72
73
84
73
77
83
84
91
87
87
74
81
85
80
92
77
78
85
82
83
72
85
83
71
89
81
95
76
60
82
75
86
66
64
72
72
79
73
83
87
79
76
84
83
92
88
77
93
78
93
95
81
62
96
94
82
71
80
88
84
69
85
78
88
84
62
80
62
100
81
83
86
67
87
72
72
77
71
77
72
78
75
69
73
87
70
97
68
80
78
74
76
65
70
67
83
88
70
68
78
76
87
67
76
65
74
72
71
76
68
64
70
63
84
79
65
66
74
72
64
57
79
78
70
70
79
72
70
78
81
79
78
80
86
57
62
64
73
66
91
88
69
94
65
67
66
76
56
62
78
71
79
69
84
53
91
72
67
83
76
66
75
54
66
88
70
76
72
65
73
77
81
74
81
77
82
80
89
69
52
72
77
79
89
79
56
87
52
57
83
61
73
81
71
71
61
80
65
73
73
77
79
67
62
77
75
73
65
88
55
50
77
68
66
84
74
71
67
68
69
77
66
63
65
71
71
67
70
74
69
64
55
58
73
59
58
69
69
66
86
57
62
69
77
68
55
75
66
63
60
54
71
55
66
60
45
59
62
46
63
51
61
72
56
62
50
62
52
67
61
65
54
69
62
80
74
60
62
53
71
62
67
56
61
67
58
57
58
53
61
63
53
56
58
70
46
69
71
52
68
53
60
56
49
71
53
64
53
61
55
57
63
54
59
56
63
61
64
71
47
57
58
51
72
65
61
58
59
54
58
46
57
58
50
53
63
56
65
63
61
43
46
62
50
62
59
57
56
61
59
48
38
54
68
44
57
58
64
57
56
61
65
59
59
45
62
52
57
54
59
56
59
52
48
64
55
68
65
64
56
65
55
61
39
50
55
54
46
62
50
56
55
54
50
69
55
60
50
48
53
51
54
61
54
54
62
40
54
49
53
58
53
49
59
56
50
65
54
56
60
62
40
51
63
50
42
51
62
38
53
52
48
54
49
57
67
46
33
56
50
58
61
53
46
46
67
50
42
59
50
41
47
52
52
62
51
61
51
53
40
42
52
69
54
48
45
48
65
46
50
56
61
47
55
53
62
60
47
58
59
42
57
59
49
41
55
48
42
45
60
50
62
42
59
69
62
64
61
53
69
61
71
66
66
58
60
49
54
64
62
63
56
54
56
62
68
65
55
57
68
72
61
74
74
69
79
92
71
84
78
79
69
67
55
51
53
57
66
71
51
51
57
59
56
61
65
62
60
49
58
77
115
141
105
72
70
57
53
63
49
52
56
53
37
56
56
62
64
57
58
62
53
55
55
54
54
46
48
48
46
58
47
47
53
65
54
61
49
47
54
60
55
45
53
55
58
72
73
63
57
58
57
53
62
68
53
56
68
77
64
49
52
53
52
64
62
61
73
63
55
68
64
55
73
54
59
71
60
59
58
60
70
58
60
69
67
56
74
70
71
68
59
70
75
74
52
66
65
63
68
49
68
70
57
63
68
67
74
52
58
77
66
69
48
59
57
59
60
74
71
71
56
61
62
57
71
64
76
56
67
64
66
71
60
76
68
68
81
82
68
79
66
65
72
63
71
66
53
62
74
74
80
66
66
78
65
86
61
78
68
62
64
72
71
52
81
63
61
73
61
78
66
70
60
67
69
59
70
66
62
83
60
70
66
73
63
71
75
77
63
57
60
76
63
54
66
77
72
67
71
63
74
79
76
73
67
89
76
61
83
81
57
59
89
51
66
75
61
69
65
75
71
69
66
60
68
63
61
67
74
65
72
76
74
68
62
74
65
81
81
63
71
56
54
69
73
70
78
77
64
74
75
60
67
74
71
78
69
83
69
55
62
76
65
79
67
75
67
60
66
79
63
77
72
67
58
84
80
62
62
63
77
73
77
59
85
63
69
81
80
70
60
59
73
66
73
72
47
55
76
66
64
71
65
60
63
76
80
75
81
63
74
69
63
57
52
62
72
57
67
64
78
67
54
69
52
60
64
80
56
61
53
66
55
79
61
51
79
65
74
69
71
65
60
66
76
67
70
51
62
64
63
61
67
52
66
67
57
58
60
59
72
65
71
60
65
59
54
58
60
61
65
60
62
51
51
67
59
52
64
58
49
53
63
61
55
55
58
65
50
60
45
61
61
63
52
42
55
53
61
65
56
49
60
57
64
54
58
60
74
58
55
51
59
62
59
54
71
47
54
57
58
62
52
43
57
60
48
47
55
64
61
58
38
57
62
63
65
42
64
47
48
43
47
51
58
56
46
48
43
66
46
38
45
56
48
41
44
44
54
48
43
48
66
47
44
57
51
42
44
43
42
38
50
50
38
53
58
54
48
46
53
50
37
36
52
45
55
51
40
49
47
36
53
51
46
48
44
52
61
45
47
43
52
58
52
46
34
54
42
48
49
36
41
37
41
47
34
38
52
49
40
42
40
42
51
38
51
46
47
34
40
46
45
47
44
57
41
60
33
43
46
53
49
34
40
43
45
49
41
38
49
37
34
42
43
39
49
51
47
39
28
41
44
49
41
54
38
37
46
51
37
41
41
47
47
47
29
43
50
39
44
46
41
40
38
35
44
40
40
38
45
46
38
57
45
46
41
43
27
37
56
49
46
35
29
39
44
41
34
39
42
43
52
30
47
48
45
38
38
42
40
45
43
40
44
39
44
40
48
34
42
36
38
46
31
35
42
46
44
36
40
30
44
32
54
38
35
32
49
39
39
36
45
45
44
43
41
44
47
30
35
37
40
35
32
29
35
30
38
31
45
49
34
40
35
37
31
41
45
38
28
36
33
34
43
32
32
32
39
30
32
40
35
47
42
27
40
28
31
45
33
29
35
38
29
41
33
42
40
35
44
37
34
45
34
37
42
36
49
41
35
38
28
31
45
40
28
38
44
41
34
35
32
25
50
22
39
32
30
36
36
41
35
40
25
47
28
23
29
41
31
36
30
33
31
27
38
46
26
40
36
42
37
36
40
35
37
27
36
32
34
29
35
31
43
43
34
46
39
35
31
33
36
31
38
38
33
39
36
30
40
35
42
35
31
28
36
47
35
35
33
26
35
42
44
34
40
28
31
38
37
35
45
38
33
29
36
21
26
41
37
37
33
25
37
30
22
31
39
32
37
36
23
41
23
33
30
28
38
34
39
28
33
39
28
21
37
35
27
33
28
40
34
29
35
35
34
34
24
26
34
23
41
35
39
34
31
41
28
33
31
27
25
31
40
31
26
34
33
29
23
43
34
29
24
25
26
29
38
39
25
49
33
33
29
35
32
41
31
37
31
25
27
26
37
24
28
24
27
28
28
36
32
33
17
41
34
28
32
26
29
23
35
40
33
30
29
23
31
40
41
28
38
32
29
25
24
39
25
31
34
38
27
38
32
35
23
25
29
32
25
30
33
21
27
29
28
16
25
26
28
26
28
35
23
34
28
32
32
30
36
23
33
28
27
37
27
32
29
33
30
25
39
26
24
27
33
34
30
23
27
30
30
32
34
26
30
33
21
24
24
23
29
27
22
38
28
38
27
26
28
25
28
28
26
38
34
30
30
28
31
30
30
33
23
35
29
41
30
27
37
34
34
24
27
33
25
34
36
29
30
37
25
33
32
21
30
27
40
22
31
32
21
29
42
37
26
37
25
22
30
35
33
34
23
34
28
34
37
30
28
21
15
29
35
33
30
39
36
20
25
24
33
30
24
25
32
32
24
28
28
48
43
23
31
35
22
28
35
34
26
27
27
33
28
30
21
20
36
33
32
24
31
30
22
22
28
27
29
38
24
21
32
34
27
26
29
27
24
25
34
20
17
26
29
26
35
34
23
21
28
29
25
22
31
31
26
18
24
30
25
27
30
21
23
35
42
27
20
31
43
26
33
22
40
27
36
30
30
32
24
29
28
31
37
40
1193
1175
1187
1162
1229
1179
1256
1230
1181
1176
1229
1183
1211
1222
1187
1180
1186
1204
1238
1183
1208
1270
1225
1175
1226
1198
1252
1255
1210
1246
1182
1238
1215
1233
1222
1165
1209
1184
1151
1259
1210
1243
1184
1166
1212
1198
1194
1158
1138
1130
1153
1153
1216
1151
1203
1228
1231
1219
1189
1168
1211
1176
1171
1174
1227
1200
1169
1192
1263
1232
1183
1255
1160
1151
1177
1210
1210
1206
1182
1177
1172
1197
1180
1194
1198
1200
1144
1190
1184
1215
1200
1193
1201
1233
1155
1190
1204
1158
1095
1121
1146
1175
1163
1232
1150
1214
1204
1158
1171
1111
1137
1254
1177
1179
1156
1160
1178
1219
1201
1186
1186
1208
1136
1157
1142
1148
1178
795
