45
55
53
73
57
70
62
68
56
57
55
68
64
55
54
71
60
56
62
60
52
55
69
51
63
67
69
66
75
59
51
54
53
59
51
51
63
60
59
64
60
68
65
68
63
54
61
65
71
63
59
69
73
73
74
67
80
67
64
81
74
80
59
67
64
79
62
68
61
58
59
75
56
64
77
73
66
57
64
73
60
82
72
64
81
75
81
67
61
63
80
67
57
73
73
70
73
65
61
75
59
55
67
83
73
60
65
77
63
67
74
68
54
73
74
85
73
61
65
70
70
69
78
72
87
66
80
60
71
66
85
76
64
72
72
79
69
71
65
57
64
75
68
82
69
76
77
61
65
77
88
64
74
85
73
88
61
76
79
65
71
68
67
73
66
66
71
64
78
59
76
79
75
78
70
63
65
64
80
76
66
75
85
55
87
82
94
87
89
88
91
86
65
78
78
63
81
62
64
71
79
72
85
77
79
80
77
65
84
80
87
59
64
83
85
64
67
94
79
80
76
64
91
89
76
72
88
70
74
81
69
74
81
65
81
75
80
96
68
77
83
80
80
94
86
89
83
88
76
74
91
76
89
75
75
82
83
79
74
88
80
82
86
94
94
79
74
77
92
81
79
78
90
88
88
85
77
67
83
83
76
89
75
100
75
106
73
86
86
90
71
91
94
78
89
95
76
83
83
82
84
70
74
88
85
90
80
95
74
82
83
74
90
85
88
100
77
86
105
85
90
65
82
98
85
94
62
84
101
89
81
96
74
84
80
74
83
86
103
72
94
83
85
88
81
96
72
70
89
98
96
88
71
86
68
85
86
96
86
66
94
77
60
74
98
76
74
85
69
81
97
77
88
91
94
92
83
93
65
87
89
91
94
88
79
85
84
77
97
85
93
91
87
78
89
75
87
85
84
68
83
93
80
89
74
67
70
80
79
95
98
68
95
81
82
78
87
75
88
66
63
70
75
71
86
80
74
78
95
78
79
86
84
85
76
85
84
77
84
76
67
88
87
74
92
85
89
79
80
85
83
74
63
79
92
78
77
97
83
90
87
82
91
83
80
86
77
71
78
92
93
84
74
83
85
85
74
87
69
95
89
91
74
95
93
76
80
94
89
86
68
73
99
85
82
71
95
93
95
73
84
81
75
91
79
77
95
92
75
68
79
71
92
78
95
95
78
93
91
82
81
82
73
90
92
96
94
83
63
71
86
101
95
85
91
101
75
69
80
98
82
87
76
86
76
94
94
95
84
65
93
99
80
84
95
94
95
86
80
95
85
82
89
88
96
81
88
80
85
78
89
92
96
99
93
77
72
95
85
74
108
92
80
76
76
94
93
107
89
94
74
86
85
96
94
75
88
90
81
74
69
90
79
88
76
107
79
98
78
102
84
90
89
87
93
89
95
90
86
88
80
87
102
89
86
86
95
86
89
83
62
71
101
87
105
68
84
90
78
76
78
85
92
83
82
86
79
73
101
80
84
91
76
85
84
89
78
78
75
81
77
92
103
83
86
101
85
86
76
90
88
81
92
71
91
104
99
94
75
87
91
83
101
87
87
68
76
101
88
86
96
91
89
90
85
92
74
95
101
93
94
53
76
93
75
71
84
98
107
88
90
100
77
72
97
72
85
99
72
91
90
85
94
102
79
92
84
86
96
91
82
106
103
100
88
93
74
97
74
93
84
99
114
97
95
84
101
107
87
93
92
95
88
92
96
95
84
95
94
93
94
82
86
87
86
84
65
98
90
108
98
76
92
92
90
84
89
87
92
85
106
84
85
91
100
95
101
79
89
93
100
76
91
97
88
81
97
93
94
92
85
101
92
96
90
89
86
96
88
98
107
93
84
112
93
111
86
103
102
117
88
94
89
98
106
102
94
83
91
111
78
91
102
95
115
89
80
99
112
106
101
110
90
91
90
113
97
98
107
110
122
112
94
118
92
108
92
117
107
103
101
127
111
112
101
109
104
118
111
88
100
89
111
115
119
85
100
110
101
105
104
113
113
113
103
100
94
110
113
113
103
124
119
126
111
115
94
114
98
116
113
105
105
122
108
134
97
124
106
102
126
98
105
111
99
120
92
123
117
105
98
118
121
115
133
109
122
106
121
106
126
94
112
94
109
107
111
110
104
105
103
111
105
111
104
113
108
114
120
110
131
108
85
114
128
106
112
113
122
106
119
93
100
98
101
102
102
111
92
121
110
103
119
88
105
94
104
98
92
99
101
108
102
120
112
100
116
96
96
105
115
109
105
108
91
113
102
124
108
92
90
110
108
99
104
108
96
109
119
103
92
110
97
102
100
83
103
101
99
94
106
96
99
92
94
95
80
93
92
94
120
106
105
100
95
81
82
96
111
114
92
103
100
110
94
97
115
99
95
102
108
93
103
96
100
80
91
94
86
91
86
90
93
93
76
88
84
105
82
93
101
79
85
99
102
91
89
102
73
109
86
91
104
87
104
96
103
92
94
99
98
89
95
87
95
102
95
102
99
104
91
107
107
95
86
83
81
77
87
88
104
100
101
98
66
99
83
91
107
93
116
88
99
91
85
85
103
93
85
85
89
77
87
82
90
99
103
84
90
94
92
84
83
106
92
85
94
82
84
88
89
94
77
89
99
86
94
92
86
75
85
85
88
85
78
76
80
82
82
90
78
79
100
112
89
85
87
94
71
79
84
81
85
94
93
76
78
78
85
85
79
83
95
83
77
104
77
95
83
93
90
99
94
81
68
86
73
82
89
97
85
90
75
87
89
90
80
83
80
73
86
84
74
88
81
83
90
96
79
91
84
76
90
82
84
82
92
77
73
105
83
80
93
119
80
97
91
80
80
85
79
87
85
83
89
80
81
89
92
82
91
71
68
89
82
92
71
92
95
77
77
72
77
76
75
90
77
79
91
107
75
58
83
89
100
68
84
71
86
102
84
79
81
77
88
75
93
76
76
83
76
77
79
94
98
78
77
91
89
74
83
86
76
73
78
85
60
83
86
95
89
80
103
85
69
87
92
84
85
80
76
68
89
72
87
72
71
88
96
82
77
80
74
80
83
76
77
70
88
73
64
70
85
90
72
73
82
74
74
75
92
101
84
77
82
73
65
88
80
74
78
67
85
88
84
78
86
81
79
70
81
84
97
86
97
82
79
89
73
78
85
77
73
80
95
89
81
62
79
81
64
67
88
71
69
79
96
77
68
90
77
74
83
71
76
69
80
81
87
77
85
68
83
73
70
69
80
90
89
59
80
76
78
85
67
79
63
75
79
87
64
72
68
71
63
79
89
63
63
84
75
79
69
89
77
64
77
69
93
75
69
67
80
67
82
66
59
79
76
77
71
72
72
84
74
68
78
72
70
80
75
70
61
70
80
73
62
62
83
70
69
76
65
72
80
70
78
100
84
68
70
85
74
90
81
46
65
60
84
76
85
84
76
80
67
68
88
71
68
73
63
82
95
64
77
71
72
92
76
78
69
70
67
73
78
75
69
76
74
79
78
67
80
79
74
68
66
70
79
71
66
86
64
65
76
68
71
98
76
68
81
73
83
60
70
58
87
87
87
71
81
72
89
76
71
72
79
76
71
82
71
65
70
56
81
84
72
80
63
81
63
87
71
72
83
72
84
79
68
50
80
64
68
71
75
76
67
72
69
68
74
73
58
64
84
63
67
82
71
70
84
73
86
78
82
74
66
66
73
67
76
58
67
60
74
67
73
64
70
85
78
73
72
58
63
76
67
82
84
82
86
69
57
75
56
73
68
61
64
64
86
76
73
75
82
71
72
71
76
77
73
72
71
69
72
72
70
76
67
64
65
66
64
68
66
56
73
69
76
57
77
64
62
65
76
80
74
79
64
59
75
70
64
79
72
95
84
65
77
77
94
62
66
47
77
87
69
72
76
85
67
76
85
77
56
70
66
66
67
78
84
64
62
68
58
68
74
90
69
75
64
77
69
80
66
60
72
73
71
81
80
68
66
74
69
72
72
64
74
69
73
62
86
57
81
75
70
69
67
83
62
67
70
75
67
67
60
79
78
62
63
72
74
75
70
57
70
68
81
76
80
58
69
77
60
70
83
61
82
77
65
74
56
78
80
84
75
57
65
61
74
58
64
56
72
86
91
56
57
79
73
60
65
50
71
63
66
62
68
80
59
63
63
77
70
71
55
71
61
79
75
59
64
68
74
77
82
60
72
59
81
59
69
59
70
60
73
77
60
78
78
68
60
63
76
73
72
52
73
70
77
78
72
69
58
60
69
75
70
71
68
73
69
66
80
75
68
86
64
75
57
53
62
77
69
66
80
83
73
58
78
88
67
57
60
74
68
76
81
91
70
70
64
57
59
69
72
81
75
64
58
62
68
68
56
68
66
64
78
65
61
81
82
79
76
74
65
40
58
72
73
70
84
66
61
68
65
61
67
63
54
60
78
73
60
68
63
77
53
67
86
76
74
63
75
69
61
70
74
63
73
72
72
63
77
73
75
69
59
73
58
69
54
67
75
56
75
69
70
78
78
54
75
71
68
66
74
68
57
71
63
67
65
68
68
64
60
65
66
47
55
61
71
64
64
55
67
71
76
72
71
51
57
63
73
76
66
82
67
60
53
62
84
69
66
75
58
78
73
70
77
81
66
92
67
61
79
60
61
58
77
57
57
72
70
81
76
66
75
65
74
74
56
69
63
84
61
60
73
69
62
64
72
66
68
69
83
55
71
80
80
62
75
85
69
60
66
73
74
69
52
69
80
69
51
66
63
51
55
68
73
54
83
62
61
68
67
77
75
73
92
62
67
72
74
65
69
67
46
66
70
53
64
73
76
55
75
85
61
68
79
65
67
80
79
56
75
80
69
56
62
71
70
58
79
61
63
77
69
67
67
56
64
72
73
61
65
61
80
67
65
76
74
56
66
70
63
62
67
62
72
65
64
73
66
58
55
69
77
72
69
71
75
74
51
64
68
82
72
80
53
80
70
72
71
75
59
66
62
72
65
71
53
65
74
80
67
60
77
74
53
65
71
70
76
52
66
69
66
83
61
73
62
74
62
85
71
73
54
53
61
71
67
74
67
66
65
62
59
68
42
68
60
68
80
61
78
59
61
59
74
59
66
66
77
60
52
59
56
73
76
74
56
75
57
56
60
59
66
55
58
57
70
77
63
66
79
63
66
54
85
69
72
65
63
61
66
57
67
75
72
61
93
62
78
60
63
65
52
69
75
83
68
66
69
62
69
72
70
70
57
78
76
78
68
71
53
74
58
74
58
60
67
80
61
59
55
61
63
85
69
65
78
55
62
64
61
77
72
59
80
68
67
90
61
69
69
71
64
55
60
65
64
63
61
75
74
79
79
57
57
69
58
66
70
64
52
57
74
52
72
53
63
66
71
60
73
47
85
51
75
69
73
60
56
76
79
69
59
63
61
88
60
64
74
78
70
72
68
60
60
66
69
73
79
70
64
60
63
77
62
76
69
56
67
74
65
78
59
53
72
83
68
87
65
71
78
74
71
64
54
72
72
62
63
72
74
74
59
77
64
60
73
77
67
67
72
62
68
66
80
71
66
78
59
70
69
65
71
81
80
67
66
64
82
66
63
72
65
71
73
71
63
69
62
77
62
67
64
61
70
70
74
69
64
79
70
64
80
69
75
70
70
71
73
62
62
66
75
61
53
58
75
67
67
64
67
67
57
64
75
61
78
58
67
68
63
69
76
60
55
62
74
51
63
59
66
71
77
51
64
68
57
64
80
61
67
70
54
58
73
68
66
67
60
72
77
54
82
84
72
73
72
61
68
78
66
62
67
60
73
50
77
57
76
66
71
68
65
61
77
59
78
74
72
66
80
57
67
53
79
70
63
71
75
65
64
70
78
65
83
47
77
65
58
83
71
71
74
64
57
57
68
64
60
64
81
84
62
60
78
68
71
61
73
75
72
75
63
63
57
66
81
72
68
69
61
66
72
74
57
67
76
59
71
67
68
64
76
51
70
62
79
69
63
52
62
61
64
82
63
65
78
75
66
58
71
64
68
72
69
78
90
76
80
63
66
68
79
71
73
78
57
77
62
55
64
71
72
94
59
66
61
71
63
68
65
80
74
66
59
68
75
70
61
65
75
90
83
68
79
89
77
60
78
77
54
72
81
87
70
72
77
48
87
77
77
74
82
82
64
70
67
70
64
67
76
77
65
69
58
61
67
73
78
62
62
65
95
71
67
65
50
67
71
75
72
69
65
75
60
64
78
72
84
69
80
68
80
72
65
54
63
74
52
75
78
64
55
57
60
70
80
72
76
67
66
63
75
87
68
70
72
61
73
80
86
63
80
62
60
63
74
68
73
70
59
68
58
64
63
72
78
75
80
73
77
73
64
72
75
72
60
66
74
73
55
66
70
57
85
65
70
53
69
80
86
70
69
71
67
84
73
70
65
72
80
65
78
54
56
69
70
69
63
62
64
70
74
68
65
85
64
72
68
74
63
58
59
74
70
81
52
69
62
69
71
70
61
68
73
83
84
70
60
64
79
86
73
69
60
60
74
74
81
67
73
72
83
72
90
76
79
75
70
76
66
68
65
69
70
81
80
77
73
69
72
52
83
84
70
79
76
70
65
69
76
76
61
75
74
66
71
77
66
76
55
57
68
64
77
60
73
75
72
82
73
72
72
79
75
61
94
75
57
73
88
75
91
80
65
67
75
93
56
75
73
88
80
63
60
80
71
65
75
78
61
59
73
67
70
70
72
64
78
92
64
71
78
79
75
72
76
57
82
84
84
82
70
74
83
74
68
68
62
72
74
84
76
79
57
88
67
74
64
77
67
78
75
50
63
59
83
84
68
66
58
55
69
77
71
73
83
82
77
79
70
80
83
83
65
67
72
84
70
67
67
81
72
59
54
62
68
63
84
85
60
79
69
66
68
83
81
73
84
81
75
77
65
76
94
59
66
65
87
74
68
72
90
62
75
75
72
79
59
65
62
79
80
74
86
69
75
72
53
65
76
74
79
69
77
82
56
76
82
79
71
69
58
78
77
74
72
70
84
68
72
80
89
70
68
73
64
77
73
78
60
89
69
75
79
60
75
77
62
72
76
84
56
74
68
72
82
68
66
73
87
65
67
79
98
66
65
83
63
85
68
73
78
73
80
72
68
67
85
76
72
68
68
89
75
65
70
83
93
79
59
79
55
76
60
75
88
83
74
84
79
77
72
87
76
82
58
71
66
61
72
62
72
87
88
65
59
86
67
78
91
82
70
71
71
75
76
69
76
76
51
78
78
84
86
79
80
77
81
70
76
79
56
65
84
83
73
78
79
83
86
80
73
81
70
77
71
57
89
92
73
80
55
66
76
78
69
70
87
88
72
77
75
64
77
86
84
75
81
78
81
64
70
85
78
59
72
72
87
72
74
58
82
91
68
81
75
88
71
82
70
79
70
77
76
87
76
84
78
74
88
83
81
90
80
90
91
74
53
80
78
77
73
74
78
81
91
88
75
77
62
72
68
73
77
65
78
80
72
72
96
83
73
64
66
88
85
85
81
78
79
78
93
77
80
90
79
70
64
76
93
78
77
73
90
84
86
89
71
94
60
72
76
87
71
79
95
81
68
81
83
97
85
85
73
80
78
78
88
96
84
72
67
69
79
87
92
75
78
92
75
84
91
75
76
68
68
84
72
70
82
86
82
71
72
79
87
82
80
77
94
86
69
78
74
86
88
59
88
100
71
78
83
99
76
88
80
65
79
101
67
71
81
71
80
81
88
85
82
78
95
84
73
89
89
83
89
86
94
81
78
84
76
75
80
72
81
89
85
72
69
88
87
93
80
99
81
87
79
88
73
89
87
98
95
74
86
73
78
88
64
88
94
85
88
77
97
84
74
87
93
82
85
98
93
83
82
93
75
82
95
65
89
97
77
71
87
82
81
79
94
73
85
81
84
77
91
92
72
94
96
89
101
89
87
102
80
74
101
92
74
76
87
73
85
104
77
88
91
79
95
82
74
71
95
79
94
79
86
118
85
78
72
81
87
89
90
65
88
91
74
80
78
70
88
90
86
82
86
88
82
90
85
77
93
75
86
78
89
64
74
60
72
90
90
84
98
77
75
82
81
80
88
97
91
89
92
73
79
84
86
84
76
60
81
74
83
77
67
81
116
76
69
83
83
83
80
93
66
96
78
96
81
98
85
73
72
84
81
89
85
89
82
73
102
57
80
80
93
90
83
93
83
86
90
88
84
81
88
77
67
74
84
82
71
91
97
76
85
86
74
79
85
89
66
76
72
61
79
93
83
84
89
76
83
84
80
78
91
83
90
87
86
88
77
84
91
69
81
85
79
82
70
84
98
93
93
79
68
101
87
83
95
81
63
89
91
71
81
88
90
79
82
76
82
71
75
105
70
84
64
75
55
84
76
83
86
77
71
85
86
79
78
74
76
81
88
90
72
82
69
77
92
92
90
80
95
93
64
95
76
84
85
65
67
72
76
79
76
71
96
83
81
91
84
78
59
92
88
85
65
82
80
86
84
79
72
73
75
71
74
76
81
74
85
75
62
74
77
84
67
67
73
76
53
85
65
72
79
74
61
77
66
81
71
74
66
70
68
79
65
76
74
74
89
72
72
78
75
87
76
81
70
67
68
81
62
83
70
83
70
60
70
67
78
75
91
81
61
84
61
78
79
64
72
58
58
67
68
54
92
58
63
70
65
64
69
70
72
61
57
69
77
70
64
82
103
75
94
71
69
51
83
66
66
72
66
83
68
78
60
80
72
75
77
38
74
64
87
83
63
66
67
55
81
70
72
80
68
63
56
95
79
60
62
63
49
67
71
55
66
57
75
65
65
67
74
73
52
52
78
52
58
79
61
63
69
57
59
48
58
69
67
65
78
65
78
89
68
72
63
59
72
58
62
53
70
57
79
66
73
65
60
52
69
53
61
88
64
60
55
63
76
70
61
66
62
70
61
73
59
70
72
63
74
71
63
64
52
68
61
71
76
73
51
59
52
42
52
70
70
72
60
54
64
53
56
53
51
57
50
67
68
44
63
66
71
59
56
66
65
57
69
54
55
58
67
63
62
66
62
67
53
66
53
45
67
60
69
52
79
59
52
60
61
47
53
60
62
73
55
45
61
61
58
51
55
71
75
57
58
63
67
61
70
50
51
60
51
59
71
53
51
54
47
53
68
56
63
51
57
41
55
43
53
55
50
81
66
59
50
53
54
63
53
54
63
47
66
42
56
65
59
65
48
61
56
51
53
58
62
60
58
58
58
51
49
56
46
58
70
52
58
54
56
54
61
55
55
54
57
44
60
54
56
75
51
66
57
49
60
54
63
68
61
53
57
56
54
52
51
53
46
55
64
58
59
49
56
49
58
55
56
68
54
56
71
50
48
55
55
49
62
50
56
54
39
48
62
47
47
61
57
51
65
49
60
60
59
59
61
48
57
57
51
63
51
56
55
51
46
59
55
56
52
66
46
43
46
55
55
49
54
63
67
44
55
73
58
56
53
47
52
67
42
50
60
45
51
49
63
43
48
51
39
52
52
44
66
46
60
66
44
40
40
47
39
40
52
67
60
57
41
34
60
51
46
60
45
44
55
63
61
48
64
42
69
45
51
47
48
48
52
61
51
47
50
53
63
62
66
61
48
42
52
47
55
64
58
52
66
47
44
49
41
43
39
30
45
40
41
35
52
50
44
52
53
49
42
51
41
62
45
66
58
41
43
44
58
37
54
49
48
42
49
56
52
59
50
48
47
40
52
56
49
58
45
39
42
44
50
47
48
54
62
57
50
59
55
62
52
56
61
56
42
54
49
35
45
59
50
58
41
52
51
44
52
44
45
55
63
44
47
46
56
44
53
50
50
57
58
46
48
56
51
49
55
46
46
62
56
49
48
59
51
67
46
42
62
52
42
46
52
48
53
37
50
66
49
47
38
46
44
53
51
56
37
53
47
46
49
55
44
41
43
56
47
59
44
49
49
48
55
57
62
57
53
49
45
51
48
58
49
39
52
46
46
52
52
56
48
52
52
45
49
44
52
47
47
61
59
43
44
62
45
54
55
40
52
56
59
40
57
51
54
49
57
48
72
50
52
49
41
56
66
45
51
56
49
58
54
65
67
55
59
56
51
53
54
60
59
56
57
56
69
72
68
72
50
61
59
55
48
49
60
53
57
55
62
63
55
58
47
70
68
66
62
59
54
61
67
52
58
65
54
59
67
64
69
64
56
56
67
66
53
70
63
54
70
69
64
62
61
61
84
69
55
80
72
62
76
70
69
73
62
73
60
74
69
60
66
55
70
78
77
79
65
78
77
64
81
65
88
79
64
84
68
98
71
61
73
67
76
69
75
100
83
89
77
74
94
79
78
72
79
82
77
74
74
102
86
93
102
79
85
96
82
100
88
74
91
98
102
93
86
100
94
98
97
89
100
74
97
101
91
118
88
95
94
105
83
80
91
96
87
107
111
125
96
113
118
89
97
116
106
124
113
110
127
126
115
118
112
98
125
105
111
118
116
111
110
101
129
133
110
108
118
121
125
106
114
137
110
122
126
130
116
125
132
115
137
117
125
136
152
152
124
151
126
136
138
107
128
146
136
138
150
136
126
149
141
138
155
139
157
124
152
133
137
148
149
149
147
174
142
135
133
136
126
171
155
156
150
158
152
187
165
147
149
171
158
148
176
152
169
140
142
159
161
165
144
179
152
149
170
151
165
174
173
171
169
160
151
162
166
154
199
188
178
166
166
169
191
167
163
149
159
155
180
133
177
162
160
155
157
163
168
153
163
157
149
153
172
164
160
172
157
171
169
171
176
188
160
197
157
168
175
187
175
165
174
175
178
142
180
200
166
156
184
177
154
189
158
178
169
151
165
186
143
169
183
140
175
185
178
156
166
152
152
173
201
167
165
152
142
175
185
188
150
161
159
154
143
160
148
163
149
154
157
165
165
159
133
191
169
160
153
151
164
143
165
169
154
142
149
151
137
165
148
143
136
138
152
149
142
133
143
130
147
135
137
145
134
159
134
144
131
124
133
135
127
138
131
132
123
133
131
131
112
126
141
119
138
112
135
130
127
119
121
130
106
98
119
110
97
123
106
103
119
109
119
111
120
125
113
94
105
98
107
107
114
94
120
98
95
101
98
81
80
109
86
124
100
102
83
84
102
101
103
100
81
81
72
89
87
88
91
87
74
89
81
68
71
90
77
72
89
86
81
74
78
84
80
73
77
64
81
74
85
75
75
76
64
83
74
56
67
60
55
58
56
62
62
64
54
54
65
56
55
51
56
55
53
67
52
58
49
42
60
55
49
55
54
52
41
48
47
56
54
52
56
54
41
57
42
45
57
43
53
47
44
36
33
48
30
41
42
39
44
33
48
48
37
40
46
32
48
39
41
36
34
34
40
47
44
42
38
30
40
29
44
41
35
33
50
47
41
43
40
40
40
31
36
33
34
27
41
32
39
34
42
35
28
29
26
57
46
27
40
33
30
24
26
41
32
39
31
35
32
28
23
30
28
35
35
28
29
21
32
35
35
35
29
35
32
38
29
24
43
20
20
25
26
41
35
26
35
30
28
41
39
33
34
34
33
31
30
39
30
42
29
38
35
35
43
28
41
41
29
33
29
39
47
41
39
34
41
34
46
31
55
28
44
36
43
59
33
36
34
46
35
42
36
52
45
45
42
52
36
39
47
39
50
40
50
41
36
40
46
46
58
40
40
63
54
52
55
37
42
56
49
44
55
54
49
49
49
59
45
42
42
62
46
50
55
50
70
61
63
50
64
52
46
42
55
73
68
58
57
56
54
61
72
57
56
66
66
63
51
52
78
57
71
75
72
58
65
65
80
72
57
81
65
77
83
79
64
67
68
74
70
63
72
66
80
70
78
74
85
78
74
69
83
84
97
92
91
83
63
78
81
80
85
72
95
84
96
93
92
95
99
95
107
97
91
80
118
90
113
97
106
97
100
107
88
101
92
96
103
93
111
112
90
104
101
107
121
112
101
110
108
109
100
108
110
100
104
99
110
105
113
109
106
95
133
105
103
106
116
117
120
123
88
112
124
129
115
117
118
114
117
112
118
125
126
103
122
123
129
121
102
139
132
108
106
131
99
131
139
123
129
140
127
140
134
141
99
126
143
127
140
120
120
122
127
115
119
115
131
134
111
130
148
119
138
149
117
137
120
136
135
128
136
142
144
133
148
121
129
138
145
125
133
131
139
139
117
144
114
147
141
143
141
133
153
155
126
135
144
133
137
115
129
132
147
126
97
132
136
143
136
147
141
117
129
134
166
138
151
134
120
159
114
120
134
128
116
145
109
129
128
126
115
140
132
122
117
138
120
138
114
140
136
158
140
128
134
118
135
145
124
136
115
122
116
124
110
123
124
120
124
116
130
116
126
113
122
122
127
120
111
117
114
114
118
114
100
121
124
94
109
108
113
122
106
118
113
122
117
99
118
101
115
96
109
102
99
93
130
118
118
96
103
89
104
101
113
101
99
88
100
98
81
116
117
109
114
88
83
95
110
103
89
83
88
101
95
78
83
89
86
92
98
95
72
75
81
76
79
83
83
89
65
73
86
75
86
76
73
77
73
83
76
70
78
71
70
65
87
80
61
61
72
56
63
62
65
61
53
62
59
80
61
68
57
63
63
72
67
56
54
65
49
57
54
48
43
55
45
58
45
55
67
35
53
53
46
67
55
49
33
46
52
45
49
37
48
32
56
41
42
46
38
37
41
45
28
46
29
44
26
36
32
35
41
28
40
35
24
24
34
40
24
33
37
33
34
35
26
27
30
34
28
22
29
29
17
23
24
34
18
21
20
27
25
23
26
21
25
29
17
21
24
19
24
24
24
14
10
22
17
25
14
20
18
13
21
14
12
23
19
17
20
19
14
25
12
21
15
20
10
14
13
15
10
10
10
12
9
14
17
12
8
12
7
13
9
18
9
12
6
19
11
8
12
12
13
10
14
9
5
7
10
7
11
10
10
10
11
10
7
7
10
11
7
8
4
14
10
9
8
9
11
7
14
9
7
10
7
8
8
9
11
1
3
6
5
6
6
2
3
6
7
5
8
10
6
8
4
8
4
6
4
7
6
2
1
4
6
7
7
6
8
5
2
7
5
1
5
4
3
4
5
4
4
0
4
3
2
6
4
6
4
5
2
1
1
6
7
5
7
2
4
3
2
2
6
4
5
3
2
4
4
3
3
6
5
0
1
2
4
4
3
4
3
2
4
3
2
3
3
2
4
7
3
2
2
1
3
3
1
2
4
2
0
2
1
4
1
1
1
2
3
3
2
1
2
1
1
5
4
1
2
3
4
4
4
3
1
3
4
6
1
3
2
3
5
0
2
2
5
1
1
4
1
3
2
4
3
5
3
2
2
1
4
2
2
2
5
1
5
1
2
2
3
3
0
1
1
0
1
3
2
7
3
3
1
1
2
1
1
4
1
5
0
3
2
2
2
4
0
1
2
5
0
3
1
1
1
2
4
2
1
4
2
0
1
3
0
0
2
1
1
2
2
1
0
1
4
2
2
1
2
2
1
2
0
2
1
1
2
1
3
2
2
5
0
1
1
3
0
2
1
1
3
0
1
3
0
2
2
2
0
0
0
4
4
2
3
6
3
2
1
0
0
0
0
2
1
0
1
1
0
0
1
1
2
2
1
0
0
0
2
2
1
1
1
1
0
1
1
0
2
1
1
2
2
2
2
1
2
0
1
0
0
1
1
1
3
1
2
1
2
3
3
2
1
0
1
1
0
0
1
2
0
0
2
1
0
0
3
0
0
1
3
2
1
0
0
0
3
2
0
1
2
1
3
0
2
1
1
1
2
2
1
3
0
3
2
4
1
1
3
0
1
1
1
2
0
1
0
0
1
1
0
1
1
1
2
3
0
3
1
1
2
3
0
1
0
0
2
0
1
2
1
1
1
1
3
1
5
0
0
1
0
3
0
0
0
1
1
0
2
1
0
1
0
1
1
0
1
1
2
4
0
0
0
2
1
3
3
3
0
0
2
1
1
0
4
0
1
2
0
1
1
4
2
0
0
0
2
1
0
1
0
2
1
1
0
1
2
1
1
2
1
1
2
0
0
2
0
2
1
0
2
0
1
0
2
2
0
2
0
1
0
1
1
0
0
1
0
2
1
1
0
2
1
0
0
0
2
1
0
1
0
3
0
1
1
1
0
0
2
2
1
2
0
0
0
1
3
0
2
0
1
0
0
1
2
5
0
0
2
1
1
3
1
0
0
1
0
1
1
1
0
0
0
2
1
0
2
1
2
2
1
1
2
0
4
0
0
3
1
1
3
1
0
1
0
3
1
0
1
0
0
0
0
0
1
1
3
0
2
0
2
2
0
3
2
1
1
2
0
0
1
0
0
3
0
0
1
1
0
0
2
0
1
1
0
1
4
0
2
0
2
1
1
0
2
0
1
0
0
2
2
2
2
0
2
0
0
0
0
1
1
2
1
2
1
2
1
1
1
0
0
0
0
1
0
2
0
2
0
4
3
1
1
2
1
0
0
0
0
1
0
1
0
0
3
1
1
0
0
1
0
1
2
1
1
1
3
1
0
1
1
1
0
1
1
0
1
0
0
0
0
1
0
2
2
2
3
1
0
1
0
0
0
0
2
2
0
0
0
1
1
2
1
1
1
0
2
0
0
0
0
0
1
1
1
2
0
1
1
0
0
2
0
1
0
0
1
0
1
1
1
1
1
0
1
0
1
0
2
1
0
0
3
0
2
0
0
0
0
0
2
2
1
0
0
0
2
1
3
2
1
0
0
2
0
1
1
0
2
0
1
1
1
4
0
0
0
0
1
0
0
0
0
0
1
0
1
0
1
0
0
0
1
1
0
1
2
0
1
2
0
0
1
1
0
0
0
2
0
1
0
0
0
1
3
0
1
0
1
1
0
0
0
1
1
2
2
1
1
1
0
2
0
0
2
0
0
2
0
2
2
1
1
1
3
0
2
0
0
1
0
1
1
2
1
0
0
1
1
0
1
0
1
0
1
2
1
1
1
0
1
1
0
1
0
2
0
1
0
1
0
1
0
1
1
1
1
3
0
0
2
1
0
2
2
0
4
1
1
0
0
1
3
1
2
1
0
1
0
1
1
2
2
0
1
0
0
0
1
2
0
2
1
0
1
0
1
1
1
5
0
2
0
0
1
1
0
1
1
0
0
1
3
0
4
1
1
4
3
3
1
3
4
6
2
2
12
8
6
15
7
9
12
17
12
18
27
17
16
16
28
23
22
21
21
29
38
29
19
23
29
20
34
21
32
27
29
27
32
43
37
31
43
41
41
36
39
26
25
20
12
16
9
8
6
1
5
3
2
0
2
0
1
2
4
8
5
4
6
7
6
4
1
1
0
2
0
0
0
0
0
0
0
0
0
0
0
0
0
0
0
0
0
0
0
0
0
0
0
0
0
0
0
0
0
0
0
0
0
0
0
0
0
0
0
0
0
0
0
0
0
0
0
0
0
0
0
0
0
0
0
0
0
0
0
0
0
0
0
0
0
0
0
0
0
0
0
0
0
0
0
0
0
0
0
0
0
0
0
0
0
0
0
0
0
0
0
0
0
0
0
0
0
0
0
0
0
0
0
0
0
0
0
0
0
0
0
0
0
0
0
0
0
0
0
0
0
0
0
0
0
0
0
0
0
0
0
0
0
0
0
0
0
0
0
0
0
0
0
0
0
0
0
0
0
0
0
0
0
0
0
0
0
0
0
0
0
0
0
0
0
0
0
0
0
0
0
0
0
0
0
0
0
0
0
0
0
0
0
0
0
0
0
0
0
0
0
0
0
0
0
0
0
0
0
0
0
0
0
0
0
0
0
0
0
0
0
0
0
0
0
0
0
0
0
0
0
0
0
0
0
0
0
0
0
0
0
0
0
0
0
0
0
0
0
0
0
0
0
0
0
0
0
0
0
0
0
0
0
0
0
0
0
0
0
0
0
0
0
0
0
0
0
0
0
0
0
0
0
0
0
0
0
0
0
0
0
0
0
0
0
0
0
0
0
0
0
0
0
0
0
0
0
0
0
0
0
0
0
0
0
0
0
0
0
0
0
0
0
0
0
0
0
0
0
0
0
0
0
0
0
0
0
0
0
0
0
0
0
0
0
0
0
0
0
0
0
0
0
0
0
0
0
0
0
0
0
0
0
0
0
0
0
0
0
0
0
0
0
0
0
0
0
0
0
0
0
0
0
0
0
0
0
0
0
0
0
0
0
0
0
0
0
0
0
0
0
0
0
0
0
0
0
0
0
0
0
0
0
0
0
0
0
0
0
0
0
0
0
0
0
0
0
0
0
0
0
0
0
0
0
0
0
0
0
0
0
0
0
0
0
0
0
0
0
0
0
0
0
0
0
0
0
0
0
0
0
0
0
0
0
0
0
0
0
0
0
0
0
0
0
0
0
0
0
0
0
0
0
0
0
0
0
0
0
0
0
0
0
0
0
0
0
0
0
0
0
0
0
0
0
0
0
0
0
0
0
0
0
0
0
0
0
0
0
0
0
0
0
0
0
0
0
0
0
0
0
0
0
0
0
0
0
0
0
0
0
0
0
0
0
0
0
0
0
0
0
0
0
0
0
0
0
0
0
0
0
0
0
0
0
0
0
0
0
0
0
0
0
0
0
0
0
0
0
0
0
0
0
0
0
0
0
0
0
0
0
0
0
0
0
0
0
0
0
0
0
0
0
0
0
0
0
0
0
0
0
0
0
0
0
0
0
0
0
0
0
0
0
0
0
0
0
0
0
0
0
0
0
0
0
0
0
0
0
0
0
0
0
0
0
0
0
0
0
0
0
0
0
0
0
0
0
0
0
0
0
0
0
0
0
0
0
0
0
0
0
0
0
0
0
0
0
0
0
0
0
0
0
0
0
0
0
0
0
0
0
0
0
0
0
0
0
0
0
0
0
0
0
0
0
0
0
0
0
0
0
0
0
0
0
0
0
0
0
0
0
0
0
0
0
0
0
0
0
0
0
0
0
0
0
0
0
0
0
0
0
0
0
0
0
0
0
0
0
0
0
0
0
0
0
0
0
0
0
0
0
0
0
0
0
0
0
0
0
0
0
0
0
0
0
0
0
0
0
0
0
0
0
0
0
0
0
0
0
0
0
0
0
0
0
0
0
0
0
0
0
0
0
0
0
0
0
0
0
0
0
0
0
0
0
0
0
0
0
0
0
0
0
0
0
0
0
0
0
0
0
0
0
0
0
0
0
0
0
0
0
0
0
0
0
0
0
0
0
0
0
0
0
0
0
0
0
0
0
0
0
0
0
0
0
0
0
0
0
0
0
0
0
0
0
0
0
0
0
0
0
0
0
0
0
0
0
0
0
0
0
0
0
0
0
0
0
0
0
0
0
0
0
0
0
0
0
0
0
0
0
0
0
0
0
0
0
0
0
0
0
0
0
0
0
0
0
0
0
0
0
0
0
0
0
0
0
0
0
0
0
0
0
0
0
0
0
0
0
0
0
0
0
0
0
0
0
0
0
0
0
0
0
0
0
0
0
0
0
0
0
0
0
0
0
0
0
0
0
0
0
0
0
0
0
0
0
0
0
0
0
0
0
0
0
0
0
0
0
0
0
0
0
0
0
0
0
0
0
0
0
0
0
0
0
0
0
0
0
0
0
0
0
0
0
0
0
0
0
0
0
0
0
0
0
0
0
0
0
0
0
0
0
0
0
0
0
0
0
0
0
0
0
0
0
0
0
0
0
0
0
0
0
0
0
0
0
0
0
0
0
0
0
0
0
0
0
0
0
0
0
0
0
0
0
0
0
0
0
0
0
0
0
0
0
0
0
0
0
0
0
0
0
0
0
0
0
0
0
0
0
0
0
0
0
0
0
0
0
0
0
0
0
0
0
0
0
0
0
0
0
0
0
0
0
0
0
0
0
0
0
0
0
0
0
0
0
0
0
0
0
0
0
0
0
0
0
0
0
0
0
0
0
0
0
0
0
0
0
0
0
0
0
0
0
0
0
0
0
0
0
0
0
0
0
0
0
0
0
0
0
0
0
0
0
0
0
0
0
0
0
0
0
0
0
0
0
0
0
0
0
0
0
0
0
0
0
0
0
0
0
0
0
0
0
0
0
0
0
0
0
0
0
0
0
0
0
0
0
0
0
0
0
0
0
0
0
0
0
0
0
0
0
0
0
0
0
0
0
0
0
0
0
0
0
0
0
0
0
0
1
0
0
0
0
0
0
0
0
0
0
0
0
0
0
0
0
0
0
0
0
1
1
0
1
0
0
0
0
0
0
0
0
0
0
0
0
1
0
0
0
1
0
0
0
0
0
1
0
0
1
0
0
0
0
0
0
0
0
0
1
1
0
0
0
0
0
0
0
0
0
0
1
0
0
0
0
0
0
0
0
0
0
0
0
0
1
0
1
1
0
0
1
0
0
0
0
0
0
1
0
0
1
0
0
0
1
1
1
1
0
1
2
0
0
3
6
3
9
4
6
8
14
12
25
23
