21
15
16
8
4
10
6
14
11
11
14
16
28
15
20
20
24
24
24
33
33
42
51
51
58
60
69
70
75
89
103
124
114
143
145
150
170
176
182
172
169
206
136
181
154
152
133
147
136
138
135
138
101
130
131
136
172
141
160
201
198
215
256
291
273
320
312
332
338
328
287
353
356
322
323
280
306
263
301
294
274
265
316
306
302
313
336
340
370
321
328
386
387
398
356
360
369
346
349
307
301
305
240
231
221
183
175
159
156
152
134
132
94
105
96
85
68
74
64
52
51
51
53
56
38
50
39
52
24
45
39
32
51
41
53
57
53
51
62
63
45
56
53
67
65
64
65
70
85
109
85
99
116
102
132
159
149
157
185
163
175
155
195
207
254
246
259
258
288
290
312
281
312
320
349
368
359
375
394
380
449
424
460
486
463
466
472
511
521
527
524
572
591
642
641
645
705
629
780
737
778
837
884
936
973
1005
1054
1060
1116
1196
1240
1311
1357
1449
1433
1523
1605
1691
1649
1756
1827
1934
1861
1905
1981
2055
2078
2026
2061
2081
2151
2091
2115
2160
2065
2134
2016
1985
1963
1834
1814
1844
1711
1651
1644
1522
1419
1461
1295
1225
1144
1086
1014
922
885
848
769
681
615
571
540
489
431
398
364
334
263
255
246
228
201
159
145
126
127
100
87
85
76
81
60
65
61
52
35
39
32
24
36
27
30
28
18
29
16
28
19
24
26
22
28
13
26
24
18
20
23
20
22
22
24
15
13
19
15
20
22
16
17
25
15
16
20
15
15
19
19
28
12
16
19
11
17
13
13
19
18
12
23
21
20
13
14
15
10
14
18
21
19
14
17
13
7
20
15
22
15
18
17
16
14
14
12
12
8
17
12
21
11
15
20
20
19
8
19
11
13
17
13
9
19
21
24
19
12
16
19
15
23
21
15
9
15
19
18
22
14
10
17
17
15
11
20
17
17
6
20
17
14
14
14
14
17
16
14
18
17
28
17
16
13
10
13
19
18
22
18
21
22
13
11
16
12
14
13
18
16
5
19
17
13
19
8
14
11
15
16
16
20
16
11
12
10
10
16
12
15
12
12
15
9
19
12
13
13
18
12
17
14
16
9
20
13
13
12
14
16
15
12
12
16
18
19
13
15
11
9
19
15
9
18
15
18
16
18
14
14
9
15
14
18
15
16
5
13
10
14
16
10
18
15
8
18
15
12
9
14
10
21
15
13
15
16
10
11
14
17
8
11
11
13
11
12
11
16
7
10
9
17
9
7
10
8
13
10
6
11
21
8
6
19
6
14
12
15
12
14
15
10
17
14
8
13
10
3
12
13
6
11
11
14
6
4
13
6
7
9
8
6
8
8
10
14
13
14
12
8
13
6
10
11
9
8
11
13
7
8
15
13
3
9
8
9
11
8
12
11
9
7
10
11
8
8
10
7
11
6
7
9
8
9
6
12
6
7
8
9
8
9
4
8
7
9
8
10
13
10
13
11
9
17
10
13
5
9
6
12
9
6
8
11
11
12
8
9
9
14
6
4
6
7
7
8
11
11
11
5
8
11
8
6
9
9
8
11
9
10
9
5
12
6
8
9
9
7
9
9
7
14
8
8
12
11
10
8
4
9
6
8
14
11
5
7
8
6
16
9
8
10
15
9
8
8
5
5
9
9
9
8
8
5
11
6
9
16
7
5
13
6
9
3
9
4
7
13
8
8
8
5
10
13
7
14
8
11
11
7
8
13
9
11
2
11
9
8
6
3
8
7
10
7
4
6
4
8
8
7
4
12
12
8
6
5
4
8
7
5
9
11
4
9
10
7
9
8
10
8
10
7
3
13
4
8
9
5
4
7
11
10
11
8
7
6
11
5
7
6
9
7
12
10
6
9
11
4
10
6
7
7
5
6
9
5
9
8
3
4
10
12
5
5
7
7
6
10
2
13
6
4
12
4
9
5
6
10
6
11
7
6
7
7
6
8
4
4
3
5
7
5
2
8
2
7
4
8
2
6
9
6
4
9
2
5
5
7
10
7
5
12
8
10
7
5
5
4
7
2
12
5
4
3
9
12
4
11
6
8
7
6
11
7
6
16
8
5
8
9
8
8
9
5
6
8
7
5
6
4
4
6
9
7
11
9
7
10
14
6
4
4
11
9
11
6
10
9
3
7
10
9
9
4
9
7
6
3
10
8
9
10
10
10
5
7
1
6
6
4
8
8
6
8
4
14
6
5
7
12
6
10
8
7
7
2
8
7
8
9
6
6
10
6
1
10
10
4
9
6
6
3
4
8
7
5
11
6
6
15
9
5
3
7
9
4
6
4
3
8
5
6
7
9
7
6
8
5
8
7
8
4
7
4
1
4
4
8
5
6
8
6
6
7
5
5
12
5
4
6
6
5
2
3
2
3
7
6
2
5
5
3
1
1
7
8
6
4
1
5
9
5
3
1
3
2
4
3
3
4
2
4
6
3
6
5
7
4
2
5
5
3
2
3
3
3
0
8
0
5
5
4
2
5
7
7
3
4
4
2
3
4
4
6
3
6
2
6
6
3
5
4
4
6
3
3
7
6
8
4
2
3
5
4
2
4
1
2
8
3
4
6
2
2
3
4
4
2
3
7
7
5
5
2
4
6
4
3
3
3
5
1
5
6
5
3
4
4
8
3
5
3
5
5
0
5
6
5
6
4
9
3
3
3
3
4
5
3
5
6
3
2
2
2
3
9
6
4
3
1
3
5
5
2
6
0
2
6
3
5
2
5
1
5
5
2
4
4
1
3
4
7
6
3
3
2
2
6
4
5
3
6
8
5
4
5
3
6
5
2
1
2
0
0
1
2
8
3
3
3
3
4
3
4
3
3
3
2
0
6
4
1
1
6
1
1
2
2
4
6
7
1
5
5
3
3
5
7
2
6
4
7
2
2
3
2
2
2
2
1
2
4
6
4
5
1
5
1
1
5
2
6
2
2
2
3
0
4
0
4
2
1
2
7
3
3
3
5
7
3
3
2
6
3
1
5
1
3
1
4
1
5
2
4
7
3
4
2
1
2
4
1
0
2
1
3
8
3
1
0
5
0
3
3
4
2
3
0
1
6
4
4
4
3
2
2
3
0
4
2
4
3
1
5
3
2
2
2
5
0
4
3
4
2
5
6
3
7
5
0
1
5
3
2
4
2
1
2
4
3
4
6
3
1
1
6
1
4
3
3
2
1
4
1
3
1
1
3
2
3
6
2
1
2
1
1
2
3
2
4
4
1
0
4
5
2
0
4
4
4
2
10
4
2
3
5
6
5
3
4
6
3
1
5
5
1
5
3
3
6
0
2
5
5
4
4
0
5
0
6
4
7
3
7
2
2
3
3
5
2
3
2
3
4
3
5
2
4
3
2
3
2
3
3
4
3
1
2
1
3
1
2
2
2
3
2
3
1
5
2
3
0
3
5
5
4
2
2
1
1
3
4
3
2
2
3
2
1
1
1
3
1
2
4
2
0
4
2
1
3
2
1
1
2
1
4
1
4
5
3
4
0
2
2
2
2
2
3
5
1
1
3
2
1
4
4
6
2
2
4
3
3
2
1
2
1
2
2
3
2
4
2
3
1
2
1
4
3
4
2
2
2
0
1
1
4
2
2
4
2
0
1
4
3
4
1
3
1
3
1
1
7
2
1
4
1
4
2
3
1
2
5
0
4
1
2
1
3
0
2
3
3
3
3
2
3
2
7
2
1
1
0
3
6
2
2
3
0
1
2
1
4
1
2
2
0
5
0
1
4
4
1
3
1
3
3
3
2
4
4
1
2
1
2
3
4
2
4
4
2
4
2
2
4
2
0
3
1
2
1
4
2
2
3
2
1
4
2
1
1
2
3
3
3
4
2
4
2
2
4
0
0
1
2
1
3
1
3
1
2
4
4
0
3
1
0
2
2
1
2
4
1
1
6
1
3
2
3
2
4
2
2
3
2
1
1
3
3
1
2
1
4
4
2
3
1
1
1
2
1
0
2
5
2
0
1
5
0
2
2
1
1
1
1
2
1
1
1
0
2
2
2
2
1
4
5
1
4
1
4
2
4
3
1
1
0
1
1
2
0
3
4
3
0
1
2
1
3
2
3
1
4
0
1
3
1
1
3
2
1
2
2
2
2
3
2
1
3
0
2
3
2
0
1
4
1
4
0
2
3
2
1
2
3
5
1
0
4
0
0
2
0
4
2
0
0
0
0
2
2
1
1
2
3
1
3
3
0
1
5
4
5
3
3
3
10
4
4
5
4
3
1
2
2
0
3
1
0
0
3
0
2
2
1
1
1
1
1
1
0
4
1
0
2
2
0
0
2
0
2
0
3
2
0
0
3
1
1
1
0
3
1
2
1
2
2
3
4
2
2
4
4
0
0
1
5
4
1
5
0
3
1
3
0
0
4
0
1
1
0
1
5
1
2
2
1
2
3
2
1
3
2
0
3
3
1
4
4
2
2
5
3
2
3
2
1
2
3
1
0
2
0
1
4
0
2
2
2
1
3
3
4
1
4
1
1
0
3
4
0
3
2
4
2
3
1
2
1
2
0
1
1
0
1
0
4
3
1
2
2
0
1
3
3
1
2
2
1
1
3
1
3
2
3
5
3
0
3
2
3
3
1
0
2
1
0
1
2
1
0
3
4
1
1
4
1
1
0
3
1
1
1
1
1
3
1
1
1
3
2
0
1
4
0
1
1
2
1
2
5
4
2
2
3
0
4
1
1
3
5
1
2
0
5
2
1
0
2
2
3
4
0
2
0
0
1
1
1
3
0
1
3
2
2
2
1
1
1
2
4
1
2
0
6
0
0
3
1
1
3
1
4
6
0
0
2
2
3
2
5
1
2
2
2
4
0
4
1
0
1
1
3
1
1
1
2
0
2
3
2
3
2
0
1
1
2
4
0
2
0
1
3
2
4
3
3
0
1
1
1
4
1
3
1
1
0
1
1
2
0
3
2
0
1
3
0
1
4
1
3
3
0
2
1
2
1
2
2
2
6
2
2
3
2
2
0
1
1
2
0
2
3
1
1
1
5
2
0
3
1
1
1
1
1
2
1
0
2
3
1
0
2
2
2
2
3
0
1
2
1
0
1
1
2
0
1
1
1
2
2
0
3
0
3
0
1
1
2
0
2
2
2
1
3
3
0
1
0
1
3
1
1
4
2
1
1
4
2
2
2
0
2
1
1
1
0
1
3
2
0
1
1
2
0
2
0
2
2
0
1
1
2
1
2
1
0
2
0
1
2
0
1
3
1
0
0
0
3
1
3
2
1
4
2
2
5
1
2
0
1
0
2
2
1
3
2
1
0
3
2
0
0
0
2
2
1
1
0
1
1
3
3
2
3
0
1
1
3
1
3
1
2
2
2
1
2
4
4
4
5
4
0
2
4
3
1
1
2
3
0
2
1
2
3
1
5
1
2
5
1
0
4
1
1
3
3
0
1
1
1
2
1
2
0
1
2
1
1
2
3
3
2
2
1
3
0
3
3
2
3
2
4
0
1
1
2
1
3
4
0
1
1
4
2
4
1
1
1
2
0
1
0
0
1
1
1
1
3
1
2
2
2
1
0
4
1
1
0
0
0
6
3
4
1
0
2
1
1
3
1
3
4
1
1
5
2
1
4
0
2
1
2
0
3
2
3
1
0
3
1
1
2
1
1
0
5
2
1
2
1
2
2
4
0
1
1
0
1
0
5
0
3
3
2
1
2
1
2
0
0
2
0
0
1
1
3
1
1
2
3
3
2
0
6
4
2
2
4
1
1
2
2
1
2
0
1
1
0
5
5
1
0
1
1
1
1
3
1
2
3
0
2
1
2
0
3
5
1
3
3
2
1
2
1
0
2
2
3
1
0
2
0
0
3
3
2
0
3
1
1
2
0
2
3
1
3
1
1
3
1
2
2
4
2
4
1
1
2
1
0
1
4
1
3
1
4
1
1
1
4
2
2
0
2
1
3
1
4
3
4
3
0
1
3
3
0
0
2
2
3
3
2
3
1
2
1
0
2
0
2
4
2
1
1
1
0
1
3
0
1
1
0
2
1
2
2
1
4
4
2
3
0
1
1
2
3
3
0
0
2
2
3
1
3
3
3
2
3
3
1
2
1
0
3
1
2
1
2
0
2
1
0
1
2
1
0
1
2
2
0
3
2
2
1
1
0
0
0
1
0
1
2
2
2
2
0
1
0
0
1
3
0
0
1
3
0
3
1
3
0
2
1
3
0
1
4
1
1
0
2
2
0
2
4
2
3
1
0
3
0
1
3
3
2
1
0
4
5
0
1
3
2
2
0
1
3
1
0
0
1
1
0
3
1
1
1
3
1
2
0
2
0
0
1
2
0
2
2
2
0
2
3
2
1
0
1
1
3
1
1
2
1
2
2
3
2
1
2
1
1
1
3
2
3
0
1
2
2
2
1
0
2
0
1
1
1
1
1
1
2
1
1
2
1
0
1
2
2
0
1
1
4
1
1
2
1
1
1
2
1
2
0
0
3
0
3
1
0
3
1
1
0
3
0
0
2
0
0
1
1
2
3
1
1
0
1
0
5
0
0
1
1
1
4
4
1
1
1
0
2
0
4
1
1
0
1
0
1
1
0
0
0
1
2
1
2
1
3
1
1
1
2
1
1
0
4
2
1
2
3
1
1
2
0
0
0
1
0
2
0
1
2
0
2
0
1
2
1
0
4
2
2
1
0
2
4
0
1
0
0
3
0
1
3
0
1
0
1
1
1
0
1
0
1
1
3
1
0
0
0
2
3
2
2
2
3
0
0
4
0
1
1
3
1
1
1
1
0
1
2
0
2
1
1
0
1
2
0
1
2
2
3
2
1
2
1
2
0
0
2
1
0
1
1
3
3
0
2
2
1
0
1
3
0
1
0
1
3
0
0
2
0
0
1
1
1
4
1
2
0
0
3
0
1
1
1
0
1
2
2
1
1
1
1
3
2
1
1
1
2
2
1
2
2
2
0
0
0
0
0
3
1
2
1
1
2
1
2
2
1
1
2
0
2
1
1
3
0
1
2
1
2
1
0
0
3
1
3
2
1
1
1
3
0
2
1
0
1
1
1
1
0
1
1
1
1
1
2
2
0
0
2
1
1
2
0
3
1
0
0
0
1
1
2
3
0
2
2
0
1
3
1
0
4
0
0
0
1
1
0
2
2
0
0
2
0
1
1
0
3
1
2
1
1
4
0
0
0
1
0
0
0
0
1
2
2
0
1
0
0
1
3
1
2
1
0
1
0
1
0
3
2
3
0
0
0
1
2
3
0
2
1
2
0
1
0
1
0
0
0
2
3
3
0
1
2
0
1
0
0
1
1
3
5
2
2
1
0
1
0
1
0
1
0
1
1
0
2
1
1
2
2
1
2
3
0
4
0
1
1
0
1
0
4
1
1
1
1
2
0
1
0
2
2
0
0
0
0
0
1
0
4
0
0
2
2
2
2
2
2
2
0
0
3
0
0
1
1
3
2
0
0
1
1
0
0
1
2
1
2
1
0
1
2
2
1
1
0
2
3
3
1
0
0
3
2
2
3
0
0
1
2
1
1
2
2
2
2
2
0
3
1
1
2
3
3
0
0
2
1
1
1
1
1
1
3
1
0
0
2
3
1
1
2
0
1
2
2
0
2
2
1
0
2
1
1
1
0
1
0
0
0
2
2
0
1
0
2
1
0
1
1
0
0
1
3
0
1
2
3
0
0
2
0
1
1
3
0
1
2
1
1
2
0
1
0
1
0
2
0
0
1
0
2
1
0
2
1
2
0
1
1
1
1
0
2
2
1
1
3
2
1
1
1
0
1
0
0
0
1
1
2
0
1
1
0
0
0
0
2
1
1
1
3
1
2
0
0
3
1
0
1
3
2
0
1
0
2
1
1
2
0
1
3
2
1
3
3
2
0
1
0
1
2
1
3
0
3
0
2
1
2
3
0
0
1
1
0
1
1
0
1
2
2
1
0
1
0
0
1
1
0
1
0
1
2
2
0
0
0
0
0
1
0
0
2
0
3
0
0
0
2
0
0
1
1
1
0
1
1
0
2
0
1
0
2
1
3
1
1
2
0
1
1
2
0
0
0
1
0
2
1
1
1
2
0
2
0
2
1
0
2
1
0
2
3
1
0
1
0
2
1
1
3
2
2
0
1
2
1
1
1
2
0
1
0
1
0
2
2
0
2
1
0
1
1
3
0
1
1
1
0
1
1
1
1
0
1
2
2
2
1
2
0
0
1
3
2
2
1
2
1
0
0
0
0
2
0
1
0
1
1
2
2
1
0
2
1
1
0
0
1
0
0
1
0
1
2
0
1
1
0
2
0
2
2
1
1
0
1
3
2
1
0
2
2
1
0
2
1
1
1
2
1
0
2
1
1
1
0
0
0
0
1
1
1
2
3
1
1
0
0
2
1
2
1
2
2
0
0
2
1
0
0
0
1
0
1
1
0
1
0
3
2
0
1
2
1
2
0
1
0
2
1
0
2
0
0
0
1
2
1
1
0
2
0
0
0
1
2
0
0
2
1
3
2
1
0
0
1
1
1
1
2
1
1
2
2
1
1
0
1
2
0
1
2
1
0
2
0
2
1
2
1
1
0
2
1
0
2
0
0
1
0
2
2
1
1
1
1
0
3
1
0
1
1
2
0
0
0
1
1
2
1
1
2
1
3
3
0
1
1
2
2
4
1
0
0
0
2
0
1
1
0
3
0
2
0
3
0
1
1
2
0
1
1
1
0
0
0
1
0
0
0
1
0
1
1
0
1
2
0
2
0
1
2
0
0
2
2
0
2
0
0
0
0
0
2
1
3
0
0
2
2
3
3
0
0
0
1
0
2
0
1
0
0
2
2
0
1
1
1
0
1
1
1
0
3
0
0
0
0
1
0
0
1
3
1
0
2
0
0
1
0
0
1
2
0
2
2
0
1
1
1
2
1
1
2
0
0
1
0
0
0
1
1
3
1
0
0
1
1
3
1
1
2
0
2
1
1
0
0
0
0
1
2
0
1
2
2
1
1
0
0
1
0
2
2
0
2
0
1
1
1
1
1
1
1
0
0
3
0
0
2
1
1
1
1
0
0
0
0
2
0
0
1
0
0
1
0
1
1
1
0
2
0
0
0
0
0
0
0
1
1
0
1
0
1
2
2
0
0
1
0
1
2
1
0
1
1
1
0
0
2
1
3
0
1
1
2
0
0
0
3
0
0
1
1
1
0
2
2
2
1
1
1
1
1
2
2
0
0
2
1
0
1
0
0
1
1
1
2
0
0
0
0
0
1
0
0
1
1
1
1
0
0
3
0
0
1
0
0
0
3
0
0
1
1
2
0
2
1
1
0
1
1
0
0
0
1
0
4
0
0
0
0
1
0
0
4
0
1
0
2
0
1
2
1
1
0
1
2
1
1
0
0
2
0
0
1
0
0
0
0
2
0
1
1
1
3
0
0
2
1
0
2
0
0
0
0
0
0
1
1
2
0
0
1
2
1
1
0
2
3
2
2
0
1
0
1
0
2
0
0
2
0
1
1
0
1
1
0
0
1
1
0
0
2
2
0
0
2
1
0
2
1
1
1
0
3
2
1
0
1
0
1
0
1
0
1
1
0
2
0
0
0
0
1
0
1
1
1
0
1
0
3
0
1
0
1
0
1
0
2
0
2
0
1
0
0
0
1
1
3
1
0
0
0
0
1
0
0
0
0
0
1
1
0
1
0
0
1
0
0
0
2
0
0
0
1
2
1
0
3
0
0
0
0
2
2
1
0
1
0
0
1
1
1
1
0
0
3
2
0
0
1
2
1
2
2
0
0
1
0
1
0
1
1
0
1
1
0
0
0
0
1
2
1
1
0
3
0
0
0
1
2
0
1
0
0
0
0
0
0
1
0
3
0
0
2
1
1
1
2
0
2
0
1
0
2
1
0
0
0
0
2
1
3
1
0
0
0
1
0
0
0
0
1
1
0
0
2
0
1
1
1
1
0
1
3
0
0
0
0
3
2
0
2
1
0
0
1
0
2
0
0
2
0
1
2
0
0
1
1
0
1
0
2
1
2
1
0
0
2
0
1
1
0
1
0
0
0
0
1
1
1
1
0
0
0
0
0
0
1
0
0
1
1
1
0
0
0
0
0
1
2
0
0
0
2
3
2
1
0
0
1
1
0
0
2
1
0
0
1
0
1
1
2
2
0
1
0
2
0
1
0
1
0
0
0
1
1
1
0
1
1
2
1
1
0
1
0
1
0
0
0
1
2
0
0
2
1
1
0
1
1
3
1
1
1
1
1
2
0
1
2
3
0
0
3
0
0
1
0
1
3
1
0
0
1
0
0
1
0
0
2
0
1
1
1
2
1
1
0
2
2
0
0
0
1
0
1
2
1
2
0
2
2
1
1
0
1
4
1
0
3
1
0
0
1
0
0
0
0
1
1
0
0
0
2
2
1
2
2
1
1
0
0
1
0
0
1
2
0
1
0
2
1
1
1
2
1
1
0
0
0
1
0
0
0
1
2
1
0
0
2
0
0
0
1
0
0
2
1
2
0
0
0
1
0
1
0
0
0
1
4
3
0
2
0
1
2
1
0
0
2
2
0
1
2
1
1
1
1
1
1
1
2
1
2
2
1
2
1
0
1
0
0
1
2
0
0
3
0
0
1
1
1
1
1
1
1
1
2
1
0
0
2
4
2
1
2
1
0
2
1
2
0
1
0
0
1
1
1
0
2
0
3
0
1
1
2
0
0
1
0
1
0
2
1
0
1
3
0
1
1
1
1
0
1
1
1
1
2
1
4
2
2
3
1
0
0
1
1
0
3
0
0
3
0
0
0
0
0
1
2
1
1
1
0
0
1
1
0
2
0
0
0
1
0
0
0
0
0
0
0
1
0
1
1
0
0
1
0
0
0
2
0
2
2
1
1
1
1
0
1
0
1
0
0
1
0
0
0
0
0
0
0
0
0
0
0
0
0
0
1
0
0
2
0
0
2
0
1
0
0
2
1
1
2
0
0
0
0
1
0
1
1
0
0
1
0
1
1
1
1
0
1
0
0
0
0
0
2
1
2
2
0
0
1
0
0
0
0
1
0
0
0
0
1
0
0
1
0
1
0
1
0
0
1
1
0
0
1
0
1
0
1
0
0
0
0
0
0
0
2
0
0
0
0
2
0
0
0
0
0
1
0
0
0
1
0
0
0
1
1
0
0
1
1
1
0
0
2
0
2
0
0
1
2
1
0
0
0
1
0
0
0
1
1
1
0
0
0
0
1
1
1
0
0
1
0
0
1
1
0
1
0
0
0
1
0
1
1
0
1
0
0
1
0
0
0
0
1
0
1
0
0
0
0
0
1
0
1
0
1
0
1
1
0
0
1
0
0
0
1
0
0
0
0
0
0
0
2
0
0
0
1
0
1
0
0
2
0
0
1
0
1
1
0
0
0
1
1
0
0
1
0
2
0
0
1
0
0
2
1
1
1
2
0
0
0
0
0
1
0
1
0
0
0
0
0
0
0
0
0
0
1
0
1
0
0
0
1
1
0
0
0
0
0
0
0
0
1
0
1
1
0
0
0
0
0
2
0
1
1
0
2
0
0
1
0
2
0
1
0
0
1
0
0
1
0
0
0
0
0
1
1
0
0
0
0
0
0
0
0
0
1
0
1
4
0
0
0
2
1
0
0
0
0
0
0
4
0
0
1
3
1
0
0
1
0
1
0
1
0
0
0
0
0
0
0
0
0
1
1
0
0
1
1
0
1
0
0
0
0
0
2
2
0
0
0
0
1
1
1
0
0
1
0
1
0
0
0
0
0
0
0
0
1
0
0
1
1
0
0
1
0
0
1
0
1
1
1
3
1
1
0
0
1
0
0
0
0
0
0
1
0
1
0
1
0
2
3
1
1
1
0
0
1
0
3
1
0
2
0
0
0
1
0
0
0
0
1
0
0
0
0
2
2
1
0
0
0
0
2
1
1
1
2
2
0
0
0
1
0
0
1
1
0
2
1
0
1
0
0
0
1
0
1
3
1
0
0
1
0
2
1
2
1
1
2
0
0
0
0
3
1
0
2
0
0
1
0
0
0
0
0
1
1
1
1
1
0
1
0
0
0
0
0
0
0
0
0
1
2
0
0
0
1
0
1
0
2
1
1
1
1
1
0
1
0
1
4
1
1
1
0
0
0
1
0
0
0
1
0
1
0
0
0
1
0
0
2
0
0
0
1
0
0
1
2
1
0
0
0
1
1
0
1
0
0
1
0
0
0
0
1
0
0
1
0
0
1
0
1
2
1
0
0
0
0
3
0
0
1
0
1
0
1
0
1
0
0
0
0
1
0
0
0
2
0
0
2
0
0
1
0
0
0
0
0
0
0
0
0
0
0
0
0
1
1
0
0
0
1
1
2
0
0
1
2
0
0
1
1
1
0
0
0
0
1
0
0
0
1
0
0
0
0
0
0
0
0
0
0
0
1
1
0
0
1
0
0
0
0
0
0
0
0
0
0
2
0
1
0
0
0
1
0
0
0
0
0
0
0
0
0
0
0
0
1
0
0
0
0
0
0
1
0
0
0
0
1
0
0
1
0
0
0
1
1
2
1
0
0
0
0
1
0
0
0
0
2
1
0
0
0
0
1
0
0
0
3
0
0
0
0
0
0
0
0
0
1
0
1
0
1
0
1
0
0
1
0
1
1
0
0
0
1
0
0
0
0
0
0
0
0
0
0
0
0
0
0
0
0
1
0
0
0
1
0
0
0
0
1
0
0
1
0
0
0
0
0
0
0
0
0
0
0
1
0
0
0
0
0
0
0
0
0
0
2
0
0
0
0
0
1
0
0
1
0
0
0
0
0
1
1
1
0
1
0
0
0
1
0
0
0
1
1
0
0
0
0
0
0
0
1
0
0
2
0
0
0
0
1
0
0
0
0
0
0
1
0
1
0
0
0
0
0
0
0
0
0
0
0
0
0
0
0
0
0
0
0
1
3
1
0
0
0
1
0
0
0
0
0
0
1
0
0
2
1
1
0
0
0
0
0
0
0
0
0
0
0
2
0
0
1
0
0
0
1
0
0
1
0
0
0
0
0
1
0
0
0
0
2
0
0
0
0
1
0
0
2
0
1
1
0
0
1
0
0
1
1
0
0
0
0
1
1
1
0
1
1
2
0
1
1
0
0
2
0
0
0
1
0
0
0
0
1
1
0
0
0
0
0
0
1
0
1
1
0
0
0
0
0
0
1
1
0
0
0
1
0
0
0
0
0
0
0
0
0
0
1
0
0
0
0
2
0
0
1
0
1
1
0
0
0
0
0
0
0
0
0
0
1
0
0
1
0
1
0
0
1
0
0
1
0
1
2
2
0
0
0
0
1
0
0
0
0
0
0
0
0
0
0
0
0
0
0
0
0
1
1
0
1
0
0
0
0
0
0
0
0
0
0
0
0
1
0
0
0
1
0
0
0
0
1
0
1
0
0
0
0
0
0
2
0
0
0
0
0
0
0
2
0
0
0
0
0
1
0
0
1
0
1
1
0
0
1
1
0
0
0
0
1
0
0
0
0
0
0
1
0
1
0
1
0
1
0
0
0
1
0
0
0
0
1
0
0
0
0
0
0
0
0
0
0
0
0
0
0
0
0
0
0
0
0
1
0
0
0
1
0
0
0
0
0
0
0
0
0
0
0
1
0
1
0
1
0
0
0
0
0
0
0
0
0
0
1
0
0
0
0
1
0
0
0
0
0
0
0
0
0
0
0
0
0
0
0
0
0
0
0
0
0
0
0
0
0
0
0
0
0
0
0
0
0
0
0
1
0
0
0
0
0
0
0
0
0
0
0
0
0
1
0
0
0
0
0
0
0
0
0
0
0
0
0
0
0
0
0
0
0
0
0
0
0
0
0
0
0
0
0
0
0
0
0
0
0
0
0
0
1
0
0
0
0
0
0
0
0
0
0
0
0
0
0
0
0
1
0
0
0
0
0
0
0
0
0
0
0
0
1
0
0
0
0
0
0
0
0
0
0
0
0
0
0
0
0
0
0
0
0
0
0
1
0
0
1
0
0
0
0
0
0
0
0
0
0
0
0
0
0
0
0
0
0
0
0
0
0
0
0
0
0
0
0
0
0
0
0
0
0
1
0
0
0
0
0
1
0
0
0
0
1
0
0
0
0
0
0
1
0
0
0
0
0
0
0
0
0
0
0
0
0
0
0
0
0
0
1
0
0
0
0
0
0
0
0
0
0
0
0
0
0
0
0
1
0
0
0
0
0
0
0
0
0
0
0
0
0
0
0
0
0
0
0
0
0
0
0
0
0
0
0
0
0
0
0
0
0
0
0
0
0
0
0
0
0
0
0
1
2
0
2
0
0
0
1
0
0
0
0
0
0
0
0
0
0
0
0
0
0
0
0
0
1
0
0
0
0
1
0
0
0
0
0
0
0
0
0
0
0
0
1
0
0
0
0
0
0
0
0
0
0
0
0
0
0
0
0
1
0
0
0
0
0
0
0
0
0
0
0
0
0
0
0
0
0
0
0
0
0
0
0
0
0
0
0
0
0
0
0
0
0
0
0
0
0
0
0
0
0
0
0
0
0
0
0
0
0
0
0
0
0
0
0
1
0
0
0
0
0
0
0
0
0
0
0
0
0
0
0
0
0
0
0
0
0
0
0
0
0
1
0
0
0
0
0
1
0
0
0
0
0
0
0
0
0
0
0
0
0
0
0
0
0
0
0
0
0
0
0
0
1
0
0
0
0
0
1
0
0
0
0
0
0
0
0
1
0
0
0
0
0
0
0
0
1
0
0
0
0
0
0
0
0
0
0
0
0
0
0
0
0
0
0
0
0
0
0
0
0
0
0
0
0
0
0
0
0
1
0
0
0
0
1
0
0
0
0
0
0
0
0
1
0
0
0
0
0
0
0
0
0
0
0
0
0
0
0
0
0
0
0
0
0
0
0
0
0
0
0
0
0
0
0
0
0
0
0
0
0
0
1
0
1
0
1
0
0
0
0
0
0
0
0
0
0
0
0
0
0
0
1
0
0
0
0
0
0
0
0
0
0
0
0
0
0
0
0
0
0
0
0
0
0
0
0
1
0
1
1
0
0
0
0
0
0
0
0
0
1
1
0
0
0
0
1
0
1
1
3
2
2
4
3
1
2
1
1
1
2
0
2
2
1
1
1
1
1
2
2
4
3
2
5
5
4
9
4
4
6
6
5
6
3
2
0
2
2
0
2
1
0
0
0
0
0
3
1
4
3
9
6
4
3
3
2
0
0
0
0
0
0
0
0
0
0
0
0
0
0
0
0
0
0
0
0
0
0
0
0
0
0
0
0
0
0
0
0
0
0
0
0
0
0
0
0
0
0
0
0
0
0
0
0
0
0
0
0
0
0
0
0
0
0
0
0
0
0
0
0
0
0
0
0
0
0
0
0
0
0
0
0
0
0
0
0
0
0
0
0
0
0
0
0
0
0
0
0
0
0
0
0
0
0
0
0
0
0
0
0
0
0
0
0
0
0
0
0
0
0
0
0
0
0
0
0
0
0
0
0
0
0
0
0
0
0
0
0
0
0
0
0
0
0
0
0
0
0
0
0
0
0
0
0
0
0
0
0
0
0
0
0
0
0
0
0
0
0
0
0
0
0
0
0
0
0
0
0
0
0
0
0
0
0
0
0
0
0
0
0
0
0
0
0
0
0
0
0
0
0
0
0
0
0
0
0
0
0
0
0
0
0
0
0
0
0
0
0
0
0
0
0
0
0
0
0
0
0
0
0
0
0
0
0
1
0
0
0
0
0
0
0
0
0
0
0
0
0
0
0
0
0
0
0
0
0
0
0
0
0
0
0
0
0
0
0
0
0
0
0
0
0
0
0
0
0
0
0
0
0
0
0
0
0
0
0
0
0
0
0
0
0
0
0
0
0
0
0
0
0
0
0
0
0
0
0
0
0
0
0
0
0
0
0
0
0
0
0
0
0
0
0
0
0
0
0
0
0
0
0
0
0
0
0
0
0
0
0
0
0
0
0
0
0
0
0
0
0
0
0
0
0
0
0
0
0
0
0
0
0
0
0
0
0
0
0
0
0
0
0
0
0
0
0
0
0
0
0
0
0
0
0
0
0
0
0
0
0
0
0
0
0
0
0
0
0
0
0
0
0
0
0
0
0
0
0
0
0
0
0
0
0
0
0
0
0
0
0
0
0
0
0
0
0
0
0
0
0
0
0
0
0
0
0
0
0
0
0
0
0
0
0
0
0
0
0
0
0
0
0
0
0
0
0
0
0
0
0
0
0
0
0
0
0
0
0
0
0
0
0
0
0
0
0
0
0
0
0
0
0
0
0
0
0
0
0
0
0
0
0
0
0
0
0
0
0
0
0
0
0
0
0
0
0
0
0
0
0
0
0
0
0
0
0
0
0
0
0
0
0
0
0
0
0
0
0
0
0
0
0
0
0
0
0
0
0
0
0
0
0
0
0
0
0
0
0
0
0
0
0
0
0
0
0
0
0
0
0
0
0
0
0
0
0
0
0
0
0
0
0
0
0
0
0
0
0
0
0
0
0
0
0
0
0
0
0
0
0
0
0
0
0
0
0
0
0
0
0
0
0
0
0
0
0
0
0
0
0
0
0
0
0
0
0
0
0
0
0
0
0
0
0
0
0
0
0
0
0
0
0
0
0
0
0
0
0
0
0
0
0
0
0
0
0
0
0
0
0
0
0
0
0
0
0
0
0
0
0
0
0
0
0
0
0
0
0
0
0
0
0
0
0
0
0
0
0
0
0
0
0
0
0
0
0
0
0
0
0
0
0
0
0
0
0
0
0
0
0
0
0
0
0
0
0
0
0
0
0
0
0
0
0
0
0
0
0
0
0
0
0
0
0
0
0
0
0
0
0
0
0
0
0
0
0
0
0
0
0
0
0
0
0
0
0
0
0
0
0
0
0
0
0
0
0
0
0
0
0
0
0
0
0
0
0
0
0
0
0
0
0
0
0
0
0
0
0
0
0
0
0
0
0
0
0
0
0
0
0
0
0
0
0
0
0
0
0
0
0
0
0
0
0
0
0
0
0
0
0
0
0
0
0
0
0
0
0
0
0
0
0
0
0
0
0
0
0
0
0
0
0
0
0
0
0
0
0
0
0
0
0
0
0
0
0
0
0
0
0
0
0
0
0
0
0
0
0
0
0
0
0
0
0
0
0
0
0
0
0
0
0
0
0
0
0
0
0
0
0
0
0
0
0
0
0
0
0
0
0
0
0
0
0
0
0
0
0
0
0
0
0
0
0
0
0
0
0
0
0
0
0
0
0
0
0
0
0
0
0
0
0
0
0
0
0
0
0
0
0
0
0
0
0
0
0
0
0
0
0
0
0
0
0
0
0
0
0
0
0
0
0
0
0
0
0
0
0
0
0
0
0
0
0
0
0
0
0
0
0
0
0
0
0
0
0
0
0
0
0
0
0
0
0
0
0
0
0
0
0
0
0
0
0
0
0
0
0
0
0
0
0
0
0
0
0
0
0
0
0
0
0
0
0
0
0
0
0
0
0
0
0
0
0
0
0
0
0
0
0
0
0
0
0
0
0
0
0
0
0
0
0
0
0
0
0
0
0
0
0
0
0
0
0
0
0
0
0
0
0
0
0
0
0
0
0
0
0
0
0
0
0
0
0
0
0
0
0
0
0
0
0
0
0
0
0
0
0
0
0
0
0
0
0
0
0
0
0
0
0
0
0
0
0
0
0
0
0
0
0
0
0
0
0
0
0
0
0
0
0
0
0
0
0
0
0
0
0
0
0
0
0
0
0
0
0
0
0
0
0
0
0
0
0
0
0
0
0
0
0
0
0
0
0
0
0
0
0
0
0
0
0
0
0
0
0
0
0
0
0
0
0
0
0
0
0
0
0
0
0
0
0
0
0
0
0
0
0
0
0
0
0
0
0
0
0
0
0
0
0
0
0
0
0
0
0
0
0
0
0
0
0
0
0
0
0
0
0
0
0
0
0
0
0
0
0
0
0
0
0
0
0
0
0
0
0
0
0
0
0
0
0
0
0
0
0
0
0
0
0
0
0
0
0
0
0
0
0
0
0
0
0
0
0
0
0
0
0
0
0
0
0
0
0
0
0
0
0
0
0
0
0
0
0
0
0
0
0
0
0
0
0
0
0
0
0
0
0
0
0
0
0
0
0
0
0
0
0
0
0
0
0
0
0
0
0
0
0
0
0
0
0
0
0
0
0
0
0
0
0
0
0
0
0
0
0
0
0
0
0
0
0
0
0
0
0
0
0
0
0
0
0
0
0
0
0
0
0
0
0
0
0
0
0
0
0
0
0
0
0
0
0
0
0
0
0
0
0
0
0
0
0
0
0
0
0
0
0
0
1
0
0
0
0
0
0
0
0
0
0
0
0
0
0
0
0
0
0
0
0
0
0
0
0
0
0
0
0
0
0
0
0
0
0
0
0
0
0
0
0
0
0
0
0
0
0
0
0
0
1
1
1
0
4
5
9
12
12
19
10
22
24
16
