8
7
16
24
25
38
44
60
64
67
71
76
85
65
62
56
72
79
75
83
61
79
64
71
77
65
72
67
72
58
75
64
73
71
86
68
72
65
67
88
79
74
67
71
48
72
61
73
65
66
67
61
56
60
67
63
80
64
68
74
69
58
72
64
74
70
81
71
72
94
91
69
71
53
71
82
72
80
58
79
64
86
77
75
71
87
78
77
86
70
72
81
75
68
76
65
61
82
70
76
81
69
76
62
75
82
62
71
65
62
65
74
81
71
75
78
69
61
57
72
67
80
78
81
82
82
80
72
81
77
66
74
59
62
86
70
73
64
74
74
77
102
68
81
60
72
61
65
88
73
74
71
82
71
70
81
83
58
81
90
85
66
69
89
77
77
85
67
77
80
74
84
74
66
78
83
73
73
81
91
79
65
90
97
73
90
94
84
82
81
77
83
94
91
76
101
72
67
76
70
79
92
89
77
76
75
86
93
97
76
77
84
94
74
80
74
79
71
87
82
91
98
84
81
96
72
83
88
97
87
90
101
76
83
101
93
77
79
100
88
98
78
98
95
80
79
90
85
80
99
99
107
78
88
90
77
92
98
86
92
95
101
90
100
82
95
92
97
112
103
99
91
96
104
93
94
100
92
94
100
97
103
100
72
81
108
92
103
100
110
105
88
88
107
105
101
77
93
81
102
100
79
92
104
93
102
76
82
109
86
87
83
80
80
91
84
100
97
83
105
113
85
92
96
117
104
88
78
89
81
101
96
88
97
101
100
95
99
84
91
97
103
91
87
87
87
99
108
79
106
96
93
84
108
98
78
101
105
90
87
94
88
106
85
88
103
105
92
87
104
108
77
91
93
107
116
101
88
102
99
82
90
98
97
78
93
101
95
85
111
88
89
99
102
82
87
101
94
91
86
92
114
88
113
81
88
85
88
101
66
95
90
97
82
79
95
82
104
95
91
106
99
108
99
105
84
81
83
88
114
92
86
112
82
93
92
93
94
104
79
79
78
102
106
100
97
91
86
95
83
98
75
92
86
94
104
94
91
94
92
84
89
105
100
102
84
111
86
118
96
99
90
89
84
96
80
76
114
97
91
90
104
97
90
97
98
95
104
102
91
97
95
98
103
98
87
83
97
86
82
102
111
88
85
109
77
75
99
104
105
111
104
100
99
104
107
106
101
93
93
88
95
99
95
100
100
97
95
100
100
93
93
89
89
103
105
76
75
97
98
92
105
110
102
90
81
93
89
90
94
96
80
101
111
78
97
96
81
93
85
98
90
105
101
86
93
88
103
84
97
95
89
89
115
79
98
89
103
81
97
95
108
85
92
108
106
91
108
102
114
106
83
78
107
107
120
103
101
103
101
88
98
106
104
92
91
90
93
84
87
84
83
88
100
102
98
75
94
99
78
94
90
98
104
98
104
102
98
102
76
76
90
92
91
91
89
78
90
105
99
106
91
94
85
84
80
87
100
111
106
96
106
109
98
112
105
106
80
105
87
87
94
89
92
97
105
93
83
90
95
112
99
103
87
92
92
111
92
79
101
94
81
111
116
99
96
87
84
104
95
90
89
101
114
99
90
92
98
91
96
88
106
91
97
94
95
93
105
103
84
99
96
91
111
96
100
97
110
103
114
103
111
79
82
111
102
107
105
88
101
100
103
97
96
104
95
94
103
106
106
88
113
114
88
99
92
104
90
95
94
96
87
89
91
89
104
96
79
113
82
100
96
104
89
103
83
119
108
96
100
104
132
101
98
82
108
116
106
106
90
110
105
121
111
99
113
90
101
87
110
98
87
101
90
110
110
106
106
120
113
113
91
91
109
97
117
118
113
117
110
116
111
108
92
99
116
124
116
87
107
119
114
124
102
111
109
110
102
125
111
110
106
126
130
85
110
115
105
85
105
132
109
106
110
110
105
106
108
107
117
107
114
124
111
135
98
118
132
108
123
91
126
109
123
109
105
119
112
143
131
136
118
143
113
133
110
127
133
131
112
130
152
119
103
123
140
128
103
116
115
112
135
124
107
126
116
105
122
119
128
122
134
105
132
126
118
112
116
134
112
127
120
106
113
119
110
129
109
126
125
138
127
132
124
112
110
122
139
134
128
109
135
111
122
120
107
132
135
112
108
126
121
96
123
127
120
106
118
128
116
114
114
112
107
126
103
115
91
115
128
119
120
110
108
135
114
103
117
99
102
112
128
108
123
116
114
127
119
108
107
122
90
113
128
119
102
100
133
106
112
103
101
90
109
118
107
108
105
101
115
91
98
108
114
106
88
119
119
100
97
126
109
95
110
121
109
105
109
108
94
117
101
102
100
117
94
101
100
91
120
107
107
104
116
106
114
124
111
89
86
114
103
109
116
114
106
110
87
96
113
109
115
98
106
93
97
91
107
89
102
89
84
112
91
103
91
104
108
95
109
108
101
88
102
116
77
92
105
93
107
104
115
109
102
76
113
110
101
105
87
99
107
97
100
96
97
102
112
102
97
91
101
103
85
107
93
97
122
104
104
102
79
103
109
102
90
92
86
81
88
96
81
100
93
94
109
98
99
92
93
88
97
115
92
105
84
86
83
98
77
103
88
92
78
84
96
73
105
87
83
104
94
96
103
107
69
98
71
94
99
103
109
116
102
88
101
73
111
80
119
88
102
96
106
95
89
93
92
89
98
98
79
97
86
109
103
85
93
95
82
97
104
96
84
78
87
97
87
102
108
93
95
81
103
87
76
86
83
93
104
82
96
83
88
97
85
87
65
90
102
80
85
109
83
92
100
91
82
93
86
83
71
95
94
96
98
91
91
93
101
85
88
101
106
83
98
96
83
89
77
88
84
85
89
87
78
83
101
105
85
90
100
84
97
93
74
95
96
86
88
71
75
75
98
98
90
78
92
72
85
93
98
73
98
97
86
86
89
95
89
98
101
88
86
91
90
80
71
81
99
87
75
98
83
97
93
74
96
73
102
97
81
80
85
84
89
93
84
84
87
75
72
90
96
96
74
84
105
90
103
97
94
74
94
68
95
104
78
70
90
93
85
91
92
78
76
78
62
94
88
96
91
97
80
81
75
84
79
71
54
76
81
84
64
87
78
90
94
87
88
82
88
84
92
81
82
86
78
83
72
60
79
80
84
83
77
79
76
86
91
77
75
62
96
87
92
77
80
85
78
87
95
80
77
85
64
85
89
86
72
80
81
84
76
71
85
74
85
78
71
77
93
74
70
76
68
91
60
83
77
88
85
84
77
104
77
64
85
72
63
83
85
78
94
67
75
78
62
79
75
74
82
78
74
68
99
82
91
87
76
83
98
97
72
85
86
73
80
77
83
80
76
98
81
84
74
81
100
62
66
92
84
69
73
94
82
82
75
92
76
98
79
72
73
84
75
87
71
79
76
69
74
81
74
87
91
70
96
103
68
96
84
72
67
88
70
75
88
71
69
82
89
63
73
79
89
79
94
83
58
78
78
74
75
76
77
74
66
77
87
69
79
80
78
60
72
72
77
83
79
88
65
77
81
87
80
86
91
82
75
79
59
75
79
76
86
80
75
69
63
72
80
78
65
59
82
80
67
79
85
75
90
67
72
88
84
74
82
61
80
82
76
76
90
84
80
63
80
69
94
78
69
82
69
66
70
72
72
72
79
64
75
88
59
78
68
79
63
91
86
88
73
69
92
71
77
95
85
84
79
86
79
79
71
60
61
73
77
68
65
82
62
59
70
69
72
77
76
92
74
80
92
77
82
78
94
73
74
65
93
82
78
61
92
86
95
86
78
78
61
89
86
94
65
73
69
87
71
72
83
84
72
59
60
77
69
85
71
73
69
65
68
71
74
58
69
64
71
78
70
65
80
86
66
66
59
62
78
79
79
93
75
93
77
83
75
77
67
61
71
77
80
63
80
74
81
68
71
63
89
83
59
77
65
63
72
74
87
68
65
65
61
76
72
70
66
95
77
87
81
59
60
65
74
72
76
74
73
71
73
67
74
66
79
62
78
93
73
71
70
64
84
77
67
74
74
68
66
77
77
63
67
74
61
58
88
78
71
57
66
58
68
59
72
75
77
67
88
79
58
60
81
66
58
70
68
70
88
63
68
75
70
70
63
68
73
79
73
78
93
75
65
74
71
61
61
80
64
65
71
71
84
66
59
70
70
79
70
64
75
65
78
70
78
74
73
73
69
73
65
78
65
73
76
70
77
79
68
65
64
67
74
66
79
70
74
69
77
86
60
71
83
74
74
86
73
71
71
66
75
74
62
69
76
77
66
66
62
88
63
72
72
76
74
72
66
72
76
78
64
73
59
69
72
63
48
71
71
59
85
95
54
82
69
75
92
69
78
74
74
67
68
69
80
79
72
77
74
82
73
71
68
84
69
94
75
78
75
71
78
68
89
72
73
68
59
60
74
65
72
70
85
67
59
55
66
67
82
78
74
66
96
62
84
59
78
70
72
75
66
75
80
71
61
66
74
64
74
86
73
91
65
77
78
71
71
71
84
59
75
72
72
82
74
67
56
56
69
71
69
53
63
72
71
71
59
67
77
89
72
66
86
98
71
81
90
62
80
72
61
70
83
68
54
85
85
72
75
69
73
69
83
69
88
64
75
75
73
72
73
51
76
61
77
70
62
66
69
67
60
66
56
67
86
71
70
62
70
80
71
67
75
69
85
70
65
85
75
68
87
62
69
68
64
81
67
87
69
65
72
68
78
82
63
82
81
67
59
74
69
72
62
73
61
71
84
60
72
58
62
78
82
88
63
69
85
69
72
76
76
64
70
60
72
86
80
70
76
64
75
68
57
65
82
81
65
84
73
66
72
72
75
57
67
78
73
93
75
86
71
60
69
66
62
64
72
82
80
48
69
56
54
65
79
71
63
81
63
58
94
64
69
61
70
55
78
70
66
67
60
74
80
69
83
78
85
71
76
71
65
51
78
69
64
66
71
74
71
70
65
85
77
51
70
62
72
64
66
65
82
69
79
78
67
72
72
78
69
76
64
68
66
66
73
58
60
69
66
74
72
67
67
80
60
66
74
71
77
64
65
84
72
62
73
65
66
64
69
77
82
68
64
65
88
67
79
62
65
60
70
67
57
71
66
83
64
71
66
72
81
74
72
75
71
87
85
71
59
62
66
80
87
58
68
67
52
65
61
70
69
64
59
60
69
69
77
66
73
62
69
76
68
71
74
83
55
52
58
70
79
67
70
72
79
62
76
72
79
71
76
72
74
78
75
64
84
70
57
82
60
76
89
66
82
56
71
68
94
64
67
75
67
78
90
72
72
66
88
64
77
62
67
95
63
66
64
66
65
83
69
67
89
75
71
62
71
79
71
58
80
79
55
77
88
69
74
65
72
67
82
77
74
64
85
81
72
69
71
87
66
64
66
60
71
78
52
73
65
68
95
62
80
79
76
76
63
66
66
60
66
55
74
85
66
86
61
76
60
86
67
78
75
65
57
65
73
67
88
76
73
86
65
72
69
72
70
76
70
65
64
78
79
64
57
82
86
73
76
69
59
75
72
73
64
71
74
79
68
73
69
74
78
72
82
82
76
69
72
71
64
66
60
80
69
67
73
68
57
73
80
73
68
62
61
67
66
75
78
75
75
64
70
76
74
56
75
57
71
64
67
89
73
68
70
61
60
67
64
80
55
61
75
73
73
78
69
83
78
69
85
65
72
68
72
77
80
56
61
50
65
61
71
70
73
65
69
82
82
58
60
79
62
66
72
64
65
68
77
56
69
74
80
66
64
85
82
78
75
84
58
73
71
69
73
76
74
68
77
87
65
70
62
86
69
68
57
77
60
59
77
75
73
83
73
67
81
66
77
48
71
82
83
78
66
63
66
63
69
83
69
80
69
70
71
68
68
77
73
71
75
74
74
72
67
91
77
64
68
63
67
68
74
79
73
66
73
72
78
84
70
70
78
78
72
73
68
84
78
59
52
85
76
89
66
62
79
68
77
66
73
66
64
60
64
78
76
66
73
79
69
85
62
78
71
64
57
63
73
80
74
74
70
55
71
81
80
67
79
89
81
88
79
64
74
73
70
87
63
55
70
69
69
79
80
76
75
66
62
58
69
58
73
82
66
59
82
68
84
72
80
92
78
54
65
92
58
70
65
76
60
70
94
75
68
83
77
70
88
88
80
71
74
69
72
73
70
60
71
74
83
72
63
76
72
71
68
52
58
62
66
73
81
80
70
71
85
70
74
85
84
68
68
71
90
82
76
89
70
79
80
64
68
66
75
75
60
64
69
74
86
61
72
68
70
78
64
76
73
67
75
73
71
71
66
83
72
64
101
87
67
71
76
67
82
71
79
82
65
76
77
87
87
73
89
76
76
71
93
81
71
77
75
84
67
74
76
74
79
76
54
78
74
74
68
74
77
61
75
84
82
91
73
72
65
72
66
70
62
63
68
72
75
68
79
77
81
60
79
70
63
75
82
89
69
78
74
71
74
78
68
58
68
88
82
67
79
90
90
64
67
83
68
80
79
74
65
81
72
64
73
58
74
68
69
75
75
85
71
70
64
71
79
74
77
78
62
69
82
59
76
69
67
65
84
74
92
78
91
71
73
64
82
80
73
81
74
85
69
54
74
58
74
82
79
63
97
80
75
71
80
90
78
77
63
109
62
91
70
81
75
66
89
60
82
74
73
75
84
81
74
91
72
74
75
59
85
69
86
58
86
73
80
91
83
74
85
64
80
73
63
74
82
68
78
70
80
68
81
70
71
72
80
83
85
89
84
66
73
81
103
62
73
87
79
72
85
83
67
59
88
75
76
73
66
72
83
77
80
73
81
83
63
86
71
70
89
67
68
88
77
54
79
71
71
66
76
64
89
90
83
77
75
58
69
64
76
77
83
75
71
72
75
84
61
79
80
58
97
68
77
75
69
90
88
67
94
79
67
99
82
77
87
77
82
75
92
79
93
89
78
77
88
90
80
84
70
85
84
75
89
82
78
81
65
89
84
68
87
83
78
82
81
69
69
85
97
65
87
91
74
80
76
94
77
70
63
80
79
69
101
78
88
69
75
80
67
92
71
74
71
63
76
67
97
98
69
76
71
80
76
80
81
75
68
90
80
88
84
75
96
79
79
98
67
71
80
73
72
66
79
81
85
63
89
85
81
80
79
72
79
72
65
71
73
83
91
63
82
84
83
93
82
86
75
78
81
82
81
76
84
69
76
59
80
88
76
98
72
67
85
81
76
71
70
82
68
87
92
86
75
96
87
89
96
76
86
75
83
79
87
76
68
88
80
86
77
74
74
85
76
68
89
75
81
94
74
77
85
76
81
79
94
87
75
84
85
87
86
94
94
86
91
76
97
83
76
68
89
81
89
82
88
88
68
79
87
86
98
79
86
92
75
85
90
80
83
84
82
85
71
92
79
72
85
82
88
89
77
79
97
86
102
89
86
72
95
83
91
92
88
95
93
94
86
74
80
95
81
98
76
81
91
108
66
83
78
85
81
73
94
82
95
86
77
79
84
75
84
73
83
80
92
96
73
87
93
75
85
97
78
87
76
103
92
70
103
64
90
84
85
77
86
94
88
83
89
95
91
93
72
91
76
98
86
79
92
95
78
87
97
77
85
96
90
82
86
80
86
66
88
96
80
83
104
93
84
78
102
75
88
89
83
112
77
96
82
93
78
94
78
93
87
87
87
88
93
95
98
81
73
73
77
100
90
85
88
84
78
86
77
74
84
101
94
85
96
83
82
94
100
94
81
87
93
82
84
87
102
86
85
81
77
66
81
100
75
81
72
90
95
87
83
82
97
84
75
94
89
95
77
84
82
100
98
90
87
90
85
94
85
88
97
79
81
88
84
75
92
87
85
89
87
82
100
88
88
83
91
99
85
81
98
98
106
88
85
88
72
91
73
76
83
85
85
86
96
95
79
93
93
87
93
91
89
79
96
97
87
86
91
93
88
90
111
92
95
91
83
89
99
89
91
72
97
83
93
76
91
80
76
91
88
96
97
89
95
82
75
75
88
87
85
105
89
93
85
85
88
69
90
88
80
77
95
85
80
100
90
87
84
88
95
86
92
84
98
80
101
91
94
79
82
91
93
74
93
93
81
77
95
74
95
73
80
84
94
91
86
87
95
105
105
82
82
86
95
95
81
88
100
89
74
86
86
90
100
83
86
93
91
94
88
63
75
84
84
98
72
80
104
83
93
101
105
68
83
72
79
92
95
69
89
80
80
89
81
105
82
79
75
75
75
97
69
101
92
78
81
78
86
59
89
81
79
86
91
89
79
82
83
88
98
67
77
74
99
70
74
88
72
75
69
92
79
80
71
76
81
75
81
77
90
91
74
89
63
84
74
93
69
77
82
92
81
90
86
70
68
82
68
85
83
85
69
86
82
72
85
87
82
64
94
83
79
75
81
80
74
80
82
86
70
81
76
66
77
68
61
71
81
63
79
72
68
67
91
78
65
75
89
83
77
81
79
78
64
88
75
67
80
89
69
73
74
71
71
86
68
67
82
59
73
59
76
88
74
79
70
78
78
71
78
60
74
81
78
77
77
80
61
59
86
84
74
61
55
70
73
74
61
71
88
85
63
71
78
68
57
68
77
59
80
49
76
73
58
74
64
67
80
76
68
70
76
79
68
61
67
72
63
74
69
78
78
65
64
67
58
62
57
62
55
74
62
59
85
76
71
82
66
45
76
75
62
69
72
56
56
56
49
70
66
65
70
68
76
81
68
53
73
75
55
66
69
57
42
64
64
63
66
81
79
67
64
63
73
63
69
58
67
54
59
43
65
68
69
80
62
68
56
63
63
69
60
66
54
58
67
56
52
56
57
74
59
71
51
68
77
78
74
77
64
71
63
60
66
64
64
50
56
61
54
64
65
60
73
74
67
63
59
48
56
50
72
52
65
71
65
60
50
54
58
67
54
52
59
52
69
69
46
74
60
54
66
57
75
52
49
60
55
61
62
48
49
62
58
58
44
59
50
68
56
61
56
57
54
46
62
55
60
58
52
52
61
53
59
63
66
60
51
75
48
56
69
49
55
65
42
60
62
70
79
45
59
60
76
60
57
49
52
51
55
52
64
52
67
61
59
59
50
66
53
57
65
66
40
65
58
47
64
65
66
63
60
65
66
48
54
51
67
72
63
58
53
59
58
57
60
52
55
61
64
57
65
52
72
52
47
62
70
57
73
48
54
46
58
68
69
56
60
70
54
62
63
51
55
59
69
62
58
52
58
54
58
56
56
54
45
59
67
46
61
61
49
60
44
54
51
58
51
53
62
59
51
51
60
63
53
69
58
49
66
57
47
73
49
55
62
45
56
53
51
46
52
69
64
62
60
45
47
59
55
51
58
64
67
47
52
49
40
47
60
44
57
46
40
54
61
61
48
54
62
52
49
60
50
69
61
45
41
56
58
54
59
53
59
66
55
48
57
54
55
58
45
47
53
65
49
53
54
52
41
75
52
61
53
52
51
49
50
53
48
51
55
38
53
55
45
58
65
54
49
46
53
54
42
44
51
60
56
46
51
51
55
51
42
45
40
50
57
61
72
52
56
48
50
68
55
49
53
57
50
60
47
55
54
61
54
45
51
61
55
57
46
54
47
53
43
48
49
66
44
46
51
47
55
39
36
52
55
46
47
53
52
64
67
59
58
56
55
49
44
57
52
49
61
47
48
53
55
58
44
51
46
44
45
43
38
51
55
51
49
52
56
50
46
52
46
46
51
54
61
49
53
55
41
44
57
46
62
57
43
54
56
44
45
49
48
45
49
52
57
60
55
52
56
54
60
66
60
46
39
38
49
60
39
50
44
52
64
47
52
53
55
57
50
63
47
53
47
46
56
52
53
54
48
49
55
52
63
47
62
59
57
59
60
49
64
52
51
68
66
53
55
51
58
75
53
48
51
65
57
58
48
58
67
64
54
41
76
73
68
52
57
54
53
60
59
48
62
76
60
51
69
54
61
61
76
73
71
58
64
54
67
59
57
63
74
67
69
67
56
53
60
68
67
62
67
48
70
60
70
61
61
68
74
81
62
66
74
80
64
75
61
64
81
68
69
75
73
57
80
85
84
74
66
79
74
75
75
87
73
55
85
79
82
81
66
67
76
70
83
70
89
62
82
64
87
84
69
80
67
64
89
74
83
59
98
87
94
96
78
97
82
104
80
102
78
97
97
77
97
83
90
104
92
98
95
90
102
93
92
99
98
113
104
104
112
94
103
84
109
116
102
105
112
122
103
122
94
96
104
106
113
111
107
113
106
119
101
104
94
91
123
115
132
130
122
119
126
102
114
126
98
104
127
122
132
118
116
114
118
122
136
119
135
118
112
136
121
135
143
134
148
93
127
121
128
137
139
115
145
130
141
139
163
141
137
156
161
132
130
126
149
125
124
146
122
145
143
154
158
143
161
151
132
157
158
166
141
169
167
129
184
149
159
163
172
150
137
159
169
154
204
144
159
185
142
140
122
169
159
177
167
172
164
157
187
170
156
172
153
161
142
178
142
184
165
180
175
159
179
140
176
169
166
178
184
170
170
203
151
166
172
167
168
150
166
169
172
167
161
175
166
191
159
183
142
172
162
187
167
164
170
183
162
181
188
151
182
177
162
179
195
170
167
148
153
172
163
163
168
175
174
167
162
167
161
196
156
198
167
151
168
158
173
178
195
170
171
170
166
188
178
160
139
149
159
155
155
174
166
166
185
153
156
158
169
142
150
164
145
152
154
136
158
135
174
149
141
151
137
141
149
150
144
158
133
157
151
148
148
135
126
144
143
141
141
153
130
144
121
136
149
129
132
135
131
110
130
132
128
131
112
144
128
124
127
117
115
119
123
128
120
125
122
130
127
117
104
122
110
108
115
136
88
112
110
105
109
115
105
107
103
112
106
97
85
90
95
87
103
95
85
89
93
91
89
100
99
97
94
81
88
82
79
82
85
91
57
93
94
69
77
83
78
68
95
74
74
82
74
65
69
69
82
63
63
72
60
67
73
65
67
57
71
63
68
68
55
67
57
62
62
61
57
56
61
63
60
69
68
48
50
49
51
71
54
53
53
41
45
52
46
50
52
45
60
45
54
60
43
34
50
50
43
42
45
39
35
44
40
38
41
51
46
33
45
42
41
38
40
31
29
38
37
40
46
50
49
46
22
40
36
47
31
35
44
48
36
36
39
39
33
37
35
38
31
38
26
52
28
36
45
31
24
28
29
29
40
26
23
41
36
26
33
37
40
44
32
39
31
26
21
32
31
32
29
39
29
28
37
29
30
34
47
40
41
19
30
20
28
37
28
33
31
29
38
25
35
37
35
38
31
43
30
27
37
45
33
35
32
31
36
39
36
45
32
48
39
30
35
25
29
37
39
33
42
44
42
52
47
41
39
38
31
42
40
46
50
35
41
35
34
32
42
55
46
46
54
44
48
42
39
51
62
51
40
48
49
42
65
53
47
41
54
59
39
44
49
41
49
34
38
55
74
49
47
53
43
53
49
43
48
58
40
58
55
53
60
55
62
61
70
64
57
59
65
55
60
48
70
59
62
69
57
61
55
61
67
50
52
68
71
58
61
68
73
64
64
58
66
55
72
68
86
77
57
74
62
79
76
87
69
74
71
75
57
73
92
81
66
77
74
84
72
78
73
80
96
88
84
99
101
80
89
85
94
77
100
78
97
105
108
102
110
105
92
86
99
76
87
94
98
95
96
94
91
112
92
106
91
109
114
105
110
87
101
118
105
93
107
90
101
118
101
109
112
121
115
107
118
110
118
124
116
119
121
118
112
118
116
128
118
114
137
125
123
116
101
122
112
107
130
115
109
100
103
145
118
109
109
108
131
123
112
127
123
140
121
142
124
130
133
136
124
121
113
97
123
137
126
132
127
122
112
111
152
136
121
125
131
110
134
129
122
130
138
127
146
162
151
143
129
130
138
128
124
135
122
134
143
126
148
138
132
144
130
117
141
130
126
145
170
138
152
155
142
145
128
143
131
128
135
145
160
126
135
137
113
124
128
138
119
129
126
140
125
132
139
137
129
143
126
121
137
138
124
153
108
139
144
136
132
139
130
146
131
140
128
150
132
140
117
133
131
128
136
121
103
116
124
126
134
141
133
121
125
120
114
128
125
135
142
147
132
123
101
122
108
100
115
106
120
125
132
127
112
108
101
118
109
116
111
112
100
117
102
118
124
105
80
128
81
112
90
105
96
120
102
94
100
92
86
85
103
108
107
89
95
105
84
98
87
103
92
90
76
84
94
83
102
81
95
81
84
73
102
82
79
83
67
94
86
80
74
70
72
52
86
82
82
73
79
81
86
84
64
71
73
77
68
61
78
79
74
67
51
62
72
79
71
59
75
73
59
63
61
62
55
52
75
41
52
73
56
56
55
54
54
50
60
53
56
53
55
68
44
43
63
50
44
45
43
59
52
54
39
43
41
34
46
42
41
47
34
48
40
40
34
42
46
31
41
45
38
45
37
29
40
39
34
28
36
31
40
34
33
28
32
27
22
26
27
36
36
32
26
33
38
33
43
29
39
26
27
30
30
29
33
22
22
19
25
17
26
23
19
26
19
23
22
31
35
25
30
19
22
19
20
11
22
19
18
11
21
16
15
25
14
19
14
14
13
16
12
24
7
15
10
15
16
16
12
11
13
13
22
11
18
13
11
13
12
8
10
12
11
4
12
14
14
7
6
7
7
14
5
10
14
7
10
11
7
8
9
7
9
5
11
16
8
9
7
9
15
10
6
6
7
4
5
12
8
5
5
7
6
6
5
5
7
4
6
7
9
6
6
5
6
7
8
4
4
12
3
6
8
3
9
4
2
9
4
6
6
7
3
5
5
3
7
4
6
7
0
8
8
0
6
3
7
5
2
7
3
5
8
2
0
4
2
4
2
4
7
4
6
4
6
5
2
2
4
2
4
2
5
2
2
5
2
1
3
4
5
2
3
4
3
5
2
2
5
2
3
4
4
4
2
1
2
1
4
5
3
5
4
3
3
2
3
5
3
3
6
2
3
2
4
4
3
8
2
3
2
1
6
3
4
0
5
2
4
0
0
4
2
3
4
2
1
1
2
1
1
2
1
1
2
5
3
2
5
0
1
2
4
0
1
2
1
2
3
6
1
1
2
5
3
6
2
1
1
1
2
0
2
1
1
1
6
3
4
2
1
4
0
1
0
4
1
0
2
1
5
1
1
2
3
2
2
1
2
2
2
4
2
2
2
1
0
4
1
1
1
3
0
2
3
0
2
4
0
0
1
1
3
1
2
3
1
0
1
1
1
0
1
2
2
2
1
0
2
2
1
2
1
3
1
0
1
0
1
2
1
1
1
1
1
0
4
1
1
1
0
1
1
0
0
3
3
0
4
1
1
1
1
1
0
0
1
3
3
1
1
3
0
0
1
1
0
0
1
2
2
3
3
1
0
1
1
0
2
1
0
1
0
0
1
1
2
1
2
1
2
2
1
2
2
1
2
2
2
0
0
0
1
1
0
2
0
4
1
0
0
1
3
1
1
2
1
1
1
0
1
3
0
2
3
1
1
0
1
2
3
3
2
3
1
1
0
0
0
0
1
1
0
1
1
0
1
0
0
0
0
0
0
2
0
0
2
0
1
1
0
0
1
2
0
0
1
2
0
0
1
1
0
3
3
0
0
1
0
2
2
0
3
0
0
1
0
0
0
1
2
0
2
1
0
1
1
1
0
2
0
1
0
2
0
0
0
2
1
0
0
0
1
1
0
0
1
0
2
2
0
1
1
0
2
1
1
0
1
1
1
2
3
0
2
0
2
0
1
0
1
2
1
1
0
0
1
1
1
1
0
0
0
1
1
1
1
0
0
1
0
0
0
5
1
0
2
0
0
2
2
2
0
1
1
0
2
0
0
1
0
1
1
1
0
3
0
2
1
2
1
2
0
0
0
0
1
0
0
0
0
1
1
1
1
1
1
0
2
1
1
1
1
0
1
1
0
1
0
3
1
1
0
0
3
1
0
1
0
1
0
2
2
1
0
0
0
0
1
0
1
0
0
1
2
1
1
0
0
0
1
0
0
0
1
1
1
1
1
1
1
2
0
1
1
0
0
1
1
0
1
1
0
0
0
2
0
0
1
0
0
0
4
0
0
3
2
0
0
0
1
0
1
0
0
0
0
0
0
1
2
1
2
0
0
0
0
1
0
0
1
0
0
2
0
1
2
1
1
1
0
0
0
0
0
2
2
0
0
1
0
4
0
0
0
3
0
0
1
1
0
1
0
2
0
2
3
1
2
2
0
0
0
0
0
0
1
0
0
1
1
0
1
0
0
0
0
0
0
1
0
1
0
0
1
0
0
0
1
2
0
0
2
1
2
0
0
1
0
1
1
0
1
1
1
1
0
0
1
0
0
1
0
0
0
1
1
3
1
0
0
3
0
0
0
0
2
0
0
1
1
1
0
0
0
0
1
1
1
1
1
0
1
0
0
0
0
3
1
0
1
0
1
1
1
0
0
1
1
1
1
1
0
1
2
1
0
0
1
1
0
1
2
1
1
0
1
1
0
1
1
1
0
0
1
0
1
1
0
0
0
1
1
0
2
0
1
0
2
0
0
2
0
1
1
1
1
2
0
0
2
2
0
1
1
0
0
0
0
2
0
0
2
0
1
0
0
1
0
1
1
0
0
2
0
0
0
2
0
0
0
0
1
1
0
0
1
2
0
1
2
1
0
0
0
0
0
0
1
0
0
0
0
1
1
0
0
1
1
0
1
0
2
0
1
1
0
0
0
1
0
2
1
0
0
0
0
0
1
0
2
2
1
0
0
1
0
1
0
1
0
0
0
0
0
0
0
0
0
0
0
1
1
0
0
3
0
1
0
0
0
0
0
2
0
1
1
3
1
1
0
1
1
0
2
0
2
0
1
0
0
0
1
0
1
0
0
0
0
0
0
1
0
0
2
2
1
1
1
1
0
0
0
1
0
0
0
1
1
0
0
2
2
0
0
0
0
0
0
0
0
0
1
0
0
2
1
1
2
2
0
0
1
0
0
0
0
0
1
1
0
0
0
0
0
2
2
0
1
0
0
0
0
0
3
0
0
0
0
3
1
1
0
1
0
2
1
1
2
0
0
1
1
0
2
0
0
0
0
1
1
0
0
0
0
1
0
2
0
1
1
0
0
1
0
1
2
0
1
1
0
0
0
0
1
3
1
1
1
1
0
0
0
2
0
2
1
0
1
0
0
0
3
0
1
0
1
1
2
0
1
0
1
0
0
0
0
1
2
3
0
0
0
2
2
0
1
0
2
0
0
1
0
1
0
1
1
0
0
0
0
0
0
0
0
1
1
1
3
0
0
0
1
1
1
1
0
0
0
0
1
0
1
0
0
0
0
0
0
1
2
0
1
2
0
0
1
0
1
2
0
0
1
3
1
2
1
1
1
1
0
1
1
0
0
0
0
1
0
0
3
2
1
1
3
1
1
5
1
2
1
3
2
1
3
4
6
10
9
7
12
5
11
10
11
18
21
11
22
14
18
20
13
12
15
19
15
15
11
10
16
28
29
24
24
12
23
23
23
18
28
26
35
24
23
21
26
13
19
9
6
3
2
1
4
3
0
0
1
2
1
4
0
2
2
3
7
13
24
11
7
1
0
1
0
0
0
0
0
0
0
0
0
0
0
0
0
0
0
0
0
0
0
0
0
0
0
0
0
0
0
1
0
0
0
0
0
0
0
0
0
0
0
0
0
0
0
0
0
0
0
0
0
0
0
0
0
0
0
0
0
0
0
0
0
0
0
0
0
0
0
0
0
0
0
0
0
0
0
0
0
0
0
0
0
0
0
0
0
0
0
0
0
0
0
0
0
0
0
0
0
0
0
0
0
0
0
0
0
0
0
0
0
0
0
0
0
0
0
0
0
0
0
0
0
0
0
0
0
0
0
0
0
0
0
0
0
0
0
0
0
0
0
0
0
0
0
0
0
0
0
0
0
0
0
0
0
0
0
0
0
0
0
0
0
0
0
0
0
0
0
0
0
0
0
0
0
0
0
0
0
0
0
0
0
0
0
0
0
0
0
0
0
0
0
0
0
0
0
0
0
0
0
0
0
0
0
0
0
0
0
0
0
0
0
0
0
0
0
0
0
0
0
0
0
0
0
0
0
0
0
0
0
0
0
0
0
0
0
0
0
0
0
0
0
0
0
0
0
0
0
0
0
0
0
0
0
0
0
0
0
0
0
0
0
0
0
0
0
0
0
0
0
0
0
0
0
0
0
0
0
0
0
0
0
0
0
0
0
0
0
0
0
0
0
0
0
0
0
0
0
0
0
0
0
0
0
0
0
0
0
0
0
0
0
0
0
0
0
0
0
0
0
0
0
0
0
0
0
0
0
0
0
0
0
0
0
0
0
0
0
0
0
0
0
0
0
0
0
0
0
0
0
0
0
0
0
0
0
0
0
0
0
0
0
0
0
0
0
0
0
0
0
0
0
0
0
0
0
0
0
0
0
0
0
0
0
0
0
0
0
0
0
0
0
0
0
0
0
0
0
0
0
0
0
0
0
0
0
0
0
0
0
0
0
0
0
0
0
0
0
0
0
0
0
0
0
0
0
0
0
0
0
0
0
0
0
0
0
0
0
0
0
0
0
0
0
0
0
0
0
0
0
0
0
0
0
0
0
0
0
0
0
0
0
0
0
0
0
0
0
0
0
0
0
0
0
0
0
0
0
0
0
0
0
0
0
0
0
0
0
0
0
0
0
0
0
0
0
0
0
0
0
0
0
0
0
0
0
0
0
0
0
0
0
0
0
0
0
0
0
0
0
0
0
0
0
0
0
0
0
0
0
0
0
0
0
0
0
0
0
0
0
0
0
0
0
0
0
0
0
0
0
0
0
0
0
0
0
0
0
0
0
0
0
0
0
0
0
0
0
0
0
0
0
0
0
0
0
0
0
0
0
0
0
0
0
0
0
0
0
0
0
0
0
0
0
0
0
0
0
0
0
0
0
0
0
0
0
0
0
0
0
0
0
0
0
0
0
0
0
0
0
0
0
0
0
0
0
0
0
0
0
0
0
0
0
0
0
0
0
0
0
0
0
0
0
0
0
0
0
0
0
0
0
0
0
0
0
0
0
0
0
0
0
0
0
0
0
0
0
0
0
0
0
0
0
0
0
0
0
0
0
0
0
0
0
0
0
0
0
0
0
0
0
0
0
0
0
0
0
0
0
0
0
0
0
0
0
0
0
0
0
0
0
0
0
0
0
0
0
0
0
0
0
0
0
0
0
0
0
0
0
0
0
0
0
0
0
0
0
0
0
0
0
0
0
0
0
0
0
0
0
0
0
0
0
0
0
0
0
0
0
0
0
0
0
0
0
0
0
0
0
0
0
0
0
0
0
0
0
0
0
0
0
0
0
0
0
0
0
0
0
0
0
0
0
0
0
0
0
0
0
0
0
0
0
0
0
0
0
0
0
0
0
0
0
0
0
0
0
0
0
0
0
0
0
0
0
0
0
0
0
0
0
0
0
0
0
0
0
0
0
0
0
0
0
0
0
0
0
0
0
0
0
0
0
0
0
0
0
0
0
0
0
0
0
0
0
0
0
0
0
0
0
0
0
0
0
0
0
0
0
0
0
0
0
0
0
0
0
0
0
0
0
0
0
0
0
0
0
0
0
0
0
0
0
0
0
0
0
0
0
0
0
0
0
0
0
0
0
0
0
0
0
0
0
0
0
0
0
0
0
0
0
0
0
0
0
0
0
0
0
0
0
0
0
0
0
0
0
0
0
0
0
0
0
0
0
0
0
0
0
0
0
0
0
0
0
0
0
0
0
0
0
0
0
0
0
0
0
0
0
0
0
0
0
0
0
0
0
0
0
0
0
0
0
0
0
0
0
0
0
0
0
0
0
0
0
0
0
0
0
0
0
0
0
0
0
0
0
0
0
0
0
0
0
0
0
0
0
0
0
0
0
0
0
0
0
0
0
0
0
0
0
0
0
0
0
0
0
0
0
0
0
0
0
0
0
0
0
0
0
0
0
0
0
0
0
0
0
0
0
0
0
0
0
0
0
0
0
0
0
0
0
0
0
0
0
0
0
0
0
0
0
0
0
0
0
0
0
0
0
0
0
0
0
0
0
0
0
0
0
0
0
0
0
0
0
0
0
0
0
0
0
0
0
0
0
0
0
0
0
0
0
0
0
0
0
0
0
0
0
0
0
0
0
0
0
0
0
0
0
0
0
1
0
0
0
0
0
0
0
1
1
0
0
0
0
0
0
0
0
1
0
0
0
0
0
0
0
0
0
1
0
0
0
0
1
1
0
1
1
1
0
0
0
0
0
0
0
1
1
0
0
0
0
0
0
0
0
1
0
0
0
0
0
0
0
0
0
0
1
1
0
0
0
0
1
0
0
0
0
1
0
1
0
2
0
0
1
0
0
1
0
0
0
0
0
0
1
0
1
0
0
2
1
1
0
0
2
1
1
0
1
0
0
1
0
0
0
1
3
8
6
8
6
