31
38
54
50
59
68
78
73
101
117
118
129
116
143
164
142
130
147
150
141
154
159
178
155
155
174
177
169
174
168
192
185
173
165
178
178
182
187
190
185
171
187
180
172
168
181
169
139
173
171
139
155
150
129
159
151
179
176
167
192
167
174
167
163
155
183
172
211
176
193
194
205
188
178
209
187
185
207
198
206
203
184
195
208
198
247
200
245
248
262
276
283
275
250
299
294
265
299
289
316
339
307
309
298
319
317
310
335
339
285
274
319
276
300
305
245
310
258
258
274
255
247
261
221
242
238
216
231
213
199
182
206
204
205
212
207
196
182
188
210
211
193
165
173
178
186
180
176
176
178
154
176
185
153
179
161
170
179
165
162
177
151
180
186
161
189
164
165
163
146
179
188
178
166
161
165
190
162
167
164
170
152
199
172
195
166
184
180
169
185
173
201
186
183
178
163
164
162
177
193
167
173
170
179
185
178
193
202
181
178
174
178
189
203
181
185
189
175
190
193
172
196
171
183
182
192
172
184
197
211
197
172
170
213
188
177
184
164
177
181
188
162
187
186
183
178
193
182
205
201
214
187
164
207
187
195
188
207
207
200
176
203
201
213
208
188
189
176
208
187
174
214
212
164
202
208
214
203
207
203
205
215
234
185
195
207
210
213
199
220
202
191
200
212
223
215
195
191
216
214
214
183
186
238
230
224
199
197
207
205
219
193
204
209
193
210
236
203
209
185
197
205
216
223
212
176
217
206
219
201
203
213
195
213
194
193
227
225
208
203
228
206
211
238
204
202
198
222
223
208
213
168
205
185
228
230
235
245
227
192
200
236
216
215
206
225
211
210
204
204
214
203
204
224
221
238
229
215
191
234
212
202
204
172
217
222
225
187
215
234
200
201
202
199
201
207
212
210
222
213
198
221
197
197
212
238
214
216
199
242
228
214
222
195
215
227
217
220
244
230
235
230
209
225
204
227
218
208
206
206
201
215
224
265
223
235
257
226
241
208
234
227
216
207
240
218
234
214
227
242
238
236
239
204
235
240
214
215
212
255
223
237
214
234
228
254
216
200
249
232
211
223
211
202
228
203
248
224
224
217
238
214
242
224
263
226
227
234
248
212
245
223
227
226
234
212
239
228
235
218
256
201
226
225
210
219
238
216
237
233
229
247
250
262
222
247
208
227
230
236
221
232
220
244
225
232
194
243
224
237
235
219
229
219
228
229
239
205
258
245
225
217
234
224
238
203
219
245
206
239
221
228
185
211
227
236
193
216
241
229
241
214
229
225
212
214
248
237
208
222
209
217
251
219
212
214
210
230
220
244
221
238
226
224
244
225
225
253
263
231
208
237
213
242
214
212
243
243
223
196
234
231
229
244
238
228
234
218
206
225
219
247
240
214
239
233
268
217
239
229
221
233
234
233
235
257
234
267
228
231
240
236
227
231
245
246
241
236
229
235
225
236
255
227
246
231
229
265
245
228
225
260
207
257
261
242
243
219
250
245
231
233
225
238
225
250
217
257
273
221
265
268
251
268
264
271
231
244
249
239
251
257
223
256
236
250
279
243
273
242
266
248
260
252
278
260
268
263
255
236
261
228
283
288
262
288
291
274
264
263
269
297
276
288
285
298
256
249
269
300
285
301
288
275
258
259
308
269
279
283
279
334
287
283
267
306
320
307
299
341
265
305
280
303
321
305
291
315
278
335
342
307
295
285
315
285
292
317
299
332
271
333
332
300
330
298
297
308
295
318
300
320
309
343
322
294
302
296
299
320
302
343
282
313
286
334
321
319
309
322
321
304
287
363
309
314
311
350
292
334
323
325
301
281
300
306
318
289
326
273
294
316
278
264
299
288
310
296
270
297
300
276
310
282
301
297
282
273
283
297
277
302
300
265
270
270
279
270
286
301
290
265
261
263
273
293
266
261
284
277
268
235
236
289
249
246
275
263
265
252
238
270
236
251
267
250
263
244
199
230
257
274
263
270
264
233
253
229
280
249
256
237
251
246
258
255
245
237
237
248
222
246
258
228
235
233
251
249
225
238
254
223
222
261
225
247
258
227
246
249
230
227
214
233
229
249
260
238
251
247
242
220
237
236
232
236
209
233
224
228
256
206
237
251
253
217
243
210
209
206
232
211
218
220
215
222
205
218
202
225
236
198
193
208
203
229
215
203
228
230
243
202
232
195
207
216
207
231
230
211
215
234
186
213
197
225
222
213
207
205
206
209
221
215
213
229
198
219
217
227
197
206
192
178
206
215
231
189
227
199
197
187
223
233
198
194
208
213
211
207
208
200
229
201
224
181
208
204
184
191
201
216
187
182
162
190
192
193
202
168
184
218
218
193
195
179
188
163
198
225
206
185
170
211
188
211
188
177
186
189
180
194
192
194
220
215
199
182
194
179
192
211
183
178
202
183
207
195
204
189
189
219
204
180
201
200
178
176
196
177
167
216
183
172
206
191
198
191
181
210
174
203
210
200
198
194
177
203
175
193
179
189
175
170
176
190
202
176
196
191
177
178
162
184
171
187
198
177
189
174
199
180
204
166
163
199
179
194
178
190
200
175
188
184
170
192
179
175
160
191
201
157
193
203
176
171
167
188
169
167
178
192
187
168
174
174
192
168
166
177
185
189
180
181
166
159
195
192
181
167
163
171
183
185
165
180
180
171
170
199
171
168
158
164
159
163
178
185
194
183
179
168
177
181
161
186
167
176
186
181
179
165
169
159
149
160
188
190
171
176
183
188
176
205
169
181
177
201
181
171
187
173
160
170
159
169
159
155
178
164
168
144
185
178
169
170
183
175
180
162
199
196
169
175
160
168
159
157
193
170
183
185
168
160
168
171
161
163
178
176
166
183
188
197
161
169
176
183
168
180
186
150
180
159
181
162
177
171
163
177
143
166
176
170
165
187
155
178
163
168
145
155
171
166
171
167
164
188
160
183
156
184
170
154
171
173
189
185
171
155
162
171
181
154
183
173
164
162
177
154
157
148
176
158
145
155
171
167
171
172
154
181
169
175
149
159
155
167
154
156
173
167
154
174
156
172
152
153
146
177
175
158
156
180
167
184
162
166
164
184
164
146
174
144
169
161
178
176
174
148
184
157
168
166
162
154
175
153
193
149
178
169
185
146
167
177
197
166
196
152
150
157
165
157
152
161
150
153
159
164
164
155
159
154
167
170
138
182
151
161
167
161
150
174
160
157
155
181
159
150
162
178
182
150
173
154
168
155
180
159
157
164
158
150
159
175
170
137
156
155
138
151
167
157
152
167
161
157
138
180
156
165
138
153
190
158
161
168
181
151
167
152
161
165
162
154
147
139
142
167
143
172
168
181
153
152
158
176
170
161
162
153
172
162
165
151
155
143
148
157
176
139
148
149
163
172
160
149
148
179
157
162
151
144
156
155
178
151
171
146
164
165
170
165
143
170
153
147
144
160
164
157
123
138
156
163
174
157
159
156
203
172
166
154
134
184
130
165
160
142
138
188
160
145
157
136
144
158
159
167
159
148
169
166
154
170
156
154
159
148
163
173
172
165
168
154
146
126
162
158
141
151
175
167
157
162
131
149
159
177
161
158
176
157
159
142
147
159
156
178
144
157
145
149
132
148
144
159
168
154
158
142
141
150
149
134
148
135
152
158
134
161
136
146
172
149
144
172
144
152
155
140
164
175
158
164
145
173
181
146
163
152
154
165
156
168
141
175
172
158
133
159
179
152
160
147
162
161
133
155
176
148
168
159
169
154
179
157
150
166
168
152
143
147
140
174
178
164
154
170
176
157
159
149
165
141
149
157
148
150
155
161
153
148
146
170
147
151
136
159
168
165
148
136
159
141
135
156
156
138
153
160
157
155
129
153
165
151
147
149
156
132
153
153
161
184
146
162
150
159
158
169
153
174
134
147
136
130
142
154
154
155
143
144
126
148
148
154
153
144
136
158
146
167
149
169
136
179
148
154
156
144
165
149
144
148
131
173
155
148
138
145
142
143
140
142
147
130
174
142
158
173
128
149
145
125
132
133
140
160
142
160
160
167
135
154
135
126
146
165
147
167
147
158
146
155
146
157
136
146
129
158
154
144
156
115
155
157
137
140
155
114
156
118
130
143
127
134
119
122
146
140
122
136
146
137
130
130
126
132
136
123
129
123
136
139
145
127
139
110
118
142
104
125
136
128
117
106
122
134
114
125
127
127
116
104
119
133
124
136
107
91
119
104
107
111
120
97
107
113
120
114
104
111
116
111
112
116
99
97
104
118
116
93
95
108
104
106
100
101
104
105
95
109
91
98
76
112
94
81
106
81
100
97
99
94
76
106
81
99
95
101
97
93
87
71
78
89
83
83
83
85
81
68
90
86
88
86
79
92
67
95
67
91
79
97
89
77
82
69
85
70
79
83
65
81
77
62
82
63
90
75
78
86
67
62
68
77
62
74
80
64
61
75
74
72
81
83
66
71
65
92
45
72
84
57
78
80
62
48
58
57
81
65
58
72
71
76
57
67
68
54
70
62
60
79
55
61
66
61
70
60
53
57
52
66
70
61
64
61
54
66
67
48
60
40
48
58
57
52
54
52
48
70
61
64
58
59
51
63
46
48
47
57
60
55
57
45
54
63
54
55
56
56
48
67
57
47
45
47
50
58
56
56
52
37
59
46
59
66
37
64
52
56
72
54
63
47
56
51
59
49
44
55
44
46
55
49
43
36
47
52
36
42
46
63
56
45
46
53
43
53
50
51
49
42
42
56
50
52
44
40
40
46
38
46
52
51
48
46
53
32
52
56
45
61
41
44
42
49
38
52
50
50
48
48
35
54
49
48
43
65
47
51
50
41
44
38
50
54
37
42
40
50
53
42
33
41
43
36
34
55
46
47
44
46
37
49
42
46
47
54
45
61
47
42
41
52
51
43
48
54
37
34
36
46
44
32
33
47
41
44
38
31
46
44
48
40
38
41
42
42
38
41
52
31
45
46
45
41
35
48
43
45
50
32
36
40
46
35
53
47
33
40
42
40
45
45
56
34
42
46
35
31
48
46
54
37
45
35
32
44
42
45
45
54
37
47
46
50
48
43
49
36
35
43
43
38
46
51
40
45
51
49
38
47
49
43
48
49
39
52
40
45
46
53
38
43
48
36
52
47
47
49
44
46
43
46
41
44
44
28
40
44
39
37
56
51
43
35
47
56
41
49
37
57
45
42
57
37
49
55
51
62
50
45
47
49
42
58
65
52
48
55
50
44
45
56
52
57
38
55
40
54
65
43
51
55
52
45
62
50
60
50
48
53
49
49
47
48
55
58
59
52
51
43
58
64
54
63
58
49
46
72
62
64
69
56
54
68
60
43
72
52
68
60
60
70
65
66
44
62
65
55
77
57
72
57
61
61
65
67
64
65
62
72
86
56
91
59
74
60
60
91
61
58
86
75
66
85
88
80
75
64
60
73
73
73
71
84
107
79
72
67
80
87
85
93
94
80
98
71
95
89
93
80
93
88
101
83
93
96
113
84
96
96
90
104
107
109
96
101
95
117
115
100
115
113
128
119
110
120
101
113
120
133
126
109
124
122
131
124
130
133
141
141
166
120
126
154
159
147
149
160
156
164
166
154
156
160
181
176
150
161
176
192
163
151
188
181
179
202
183
186
186
204
192
208
213
214
190
216
223
215
250
216
238
220
208
230
216
253
231
251
272
276
256
272
264
263
276
251
274
290
257
258
297
304
282
292
320
282
288
300
313
301
328
369
360
333
314
355
330
354
346
350
363
354
345
402
400
383
363
377
364
371
385
386
426
430
439
428
447
420
403
424
455
446
479
502
422
465
474
491
503
501
487
490
534
475
469
493
546
495
532
550
539
512
548
599
595
528
567
538
522
585
569
580
625
624
576
615
610
612
621
592
599
634
629
655
645
639
699
690
651
607
643
693
675
674
685
634
665
680
687
715
693
703
682
703
717
690
655
730
730
709
731
696
710
715
699
675
720
718
735
725
715
694
665
738
736
742
682
725
709
743
783
723
719
696
747
691
732
729
692
712
774
707
754
681
716
721
690
744
704
738
747
758
749
736
695
749
727
711
750
631
705
710
673
683
695
618
653
689
740
662
653
637
632
680
708
614
639
651
643
610
605
628
606
614
644
643
584
529
597
598
582
605
621
569
572
570
574
572
560
546
519
569
489
514
521
535
559
480
520
478
478
512
504
476
451
521
467
451
429
443
447
433
440
392
438
417
402
405
404
391
373
367
412
355
347
343
364
357
364
319
351
332
342
378
309
324
308
282
297
304
275
295
298
258
291
237
255
255
237
234
208
236
221
234
214
239
253
193
184
210
182
191
187
181
188
173
184
148
167
161
159
156
142
154
135
141
141
139
124
127
127
106
134
126
148
139
114
115
116
105
100
106
98
118
90
89
93
86
74
108
68
91
79
80
77
57
67
64
72
61
63
55
68
46
70
57
54
51
40
44
37
56
50
49
39
41
41
58
30
37
32
41
31
38
38
51
37
24
23
31
32
28
34
23
21
25
24
25
23
18
29
18
29
23
20
21
27
24
15
18
17
12
16
15
16
16
17
19
20
16
14
11
8
16
13
8
16
14
14
14
14
7
9
15
12
7
7
7
8
10
9
8
12
17
11
6
8
4
8
13
4
14
8
11
7
5
5
6
4
5
6
8
5
6
6
4
9
6
10
4
5
3
4
4
8
5
10
5
4
6
5
5
7
1
7
5
5
6
1
8
2
0
5
7
5
7
7
7
4
1
3
4
2
5
8
4
5
2
3
4
5
8
6
2
6
4
4
6
3
6
2
4
4
5
5
3
4
3
2
4
2
2
2
3
4
2
5
6
4
3
5
2
3
3
9
5
5
2
8
4
6
0
4
5
4
2
3
6
4
8
5
3
2
2
1
3
3
5
1
2
4
3
4
4
4
3
4
4
3
7
3
0
2
2
2
2
3
4
3
2
5
3
2
1
4
6
2
4
5
4
4
4
3
6
4
3
2
8
4
1
3
4
3
2
5
3
3
3
2
4
2
4
1
1
7
2
7
5
1
4
5
4
4
7
2
3
2
4
0
2
5
1
4
3
4
5
5
6
6
1
5
3
5
5
2
6
4
2
4
7
0
1
4
2
3
5
1
4
2
2
3
2
5
4
3
1
6
2
6
3
2
6
2
4
5
5
1
3
5
3
4
5
2
2
1
4
0
3
5
2
3
1
1
7
1
3
6
2
4
0
3
1
3
4
1
0
0
3
4
4
1
6
4
4
4
4
3
2
2
7
2
5
3
7
4
2
5
4
1
3
4
1
1
5
1
2
2
5
1
3
4
7
1
5
2
3
1
3
5
3
6
2
4
5
0
1
2
2
3
3
3
2
6
4
3
0
5
0
8
1
2
4
4
4
3
0
1
5
5
2
2
2
2
1
2
7
1
8
6
2
3
0
2
3
1
3
5
1
3
2
2
2
2
5
0
2
1
3
4
4
3
4
4
2
4
4
2
3
3
3
4
3
1
7
1
3
4
4
5
4
4
4
5
1
4
1
5
1
1
4
7
3
4
1
2
3
2
5
3
3
2
4
2
3
3
4
6
2
4
4
1
2
2
0
2
0
3
0
6
5
3
1
4
2
2
3
1
2
5
1
5
0
2
2
3
4
4
1
2
4
3
2
2
3
4
1
4
2
2
3
2
4
2
3
5
3
4
3
7
1
3
4
2
3
4
7
7
2
3
3
1
4
6
0
2
1
2
1
3
3
2
2
0
2
6
3
4
3
3
3
4
4
1
2
3
0
0
1
4
4
2
5
2
2
3
2
4
2
4
4
3
4
5
2
3
7
5
3
6
3
4
2
2
6
3
4
1
1
2
4
4
5
5
4
4
3
2
0
3
3
2
2
6
3
1
5
1
6
6
4
3
3
2
1
3
5
3
3
3
5
1
2
3
2
5
5
3
2
1
1
3
2
3
4
1
2
1
0
2
1
2
5
4
5
1
1
1
2
4
0
5
3
2
3
2
1
3
5
2
0
5
3
1
3
5
2
2
1
2
7
2
3
0
3
2
5
5
6
0
5
3
0
6
3
3
4
3
3
1
3
2
1
2
4
0
4
2
1
8
0
6
6
3
3
1
6
2
5
0
3
5
2
6
4
4
2
2
3
2
5
3
1
3
3
3
3
1
0
3
2
4
1
3
4
5
2
2
2
5
2
5
1
0
2
5
3
2
3
3
1
3
4
3
3
3
4
5
1
2
1
1
2
2
2
3
2
5
1
1
4
2
4
3
1
2
4
4
5
1
3
2
1
4
6
3
4
2
1
5
1
4
4
2
1
3
3
2
6
3
3
5
4
6
1
4
4
3
4
5
3
2
1
3
4
3
2
3
5
2
4
0
1
0
1
5
6
1
0
3
1
2
3
3
3
4
0
5
1
0
3
3
3
1
4
3
4
3
3
2
2
2
6
3
0
2
3
4
0
3
3
6
3
2
2
5
0
2
1
0
2
0
0
3
3
1
1
0
3
2
3
8
2
2
2
1
3
3
6
5
2
2
2
2
2
2
5
5
3
2
5
2
3
2
3
1
3
1
3
2
1
2
3
2
4
1
2
4
0
4
5
5
6
4
3
4
4
1
3
3
2
2
1
3
5
2
2
3
3
5
2
3
3
3
2
2
3
3
1
3
2
2
2
4
2
2
1
3
5
2
6
1
2
2
2
2
4
0
3
1
2
2
2
6
1
2
0
4
1
1
3
2
3
0
1
4
2
3
3
2
3
4
3
1
2
2
1
1
0
2
1
1
0
1
2
2
2
4
2
2
5
3
2
2
1
2
4
2
3
0
3
3
5
4
2
2
1
6
3
0
5
3
2
2
2
4
2
0
2
0
3
2
5
1
2
1
4
0
4
2
6
2
1
2
2
4
3
0
4
3
2
4
1
3
2
3
3
2
2
0
2
1
2
3
4
1
2
2
1
6
1
5
2
0
2
2
2
0
3
3
3
2
2
2
1
1
3
2
1
0
1
2
2
2
3
2
2
5
2
2
3
1
4
2
1
4
2
5
1
1
1
1
0
1
3
1
1
4
3
3
4
5
4
2
2
3
2
1
2
0
3
0
3
3
2
0
1
1
1
3
2
2
1
1
2
3
0
0
3
1
3
2
6
5
2
3
3
4
1
0
0
0
2
2
4
2
2
2
1
0
2
4
2
1
1
1
1
0
3
2
2
1
0
0
0
3
3
3
2
1
2
3
2
4
3
0
2
1
1
2
2
2
4
0
3
2
1
2
3
0
0
7
2
0
2
1
4
4
2
0
3
2
4
3
3
3
3
2
4
3
1
3
1
1
0
3
1
5
3
2
2
1
1
1
2
3
3
0
1
2
2
3
3
4
2
2
0
1
3
1
1
2
2
1
1
2
2
4
0
0
1
2
5
3
1
1
2
2
4
1
3
5
4
1
2
0
4
5
4
1
3
2
3
2
5
2
4
3
2
2
0
1
3
1
4
2
0
1
2
1
2
2
1
3
3
0
3
1
2
1
2
2
2
2
0
0
3
3
3
5
1
4
0
3
2
0
0
1
2
1
2
2
2
0
2
6
1
0
5
3
2
3
2
1
2
2
1
0
3
0
3
2
3
2
3
2
0
2
2
0
2
3
0
1
2
2
2
3
2
3
1
0
0
0
1
1
1
1
2
3
1
4
2
0
0
3
1
3
2
3
3
2
2
2
1
0
1
1
1
0
2
1
2
2
3
2
0
3
2
3
6
1
0
2
3
2
1
0
3
2
5
1
2
0
1
1
3
1
0
2
2
1
0
1
0
2
3
1
4
0
2
5
2
2
2
0
5
2
1
2
1
1
1
1
1
3
0
5
0
2
0
1
2
1
2
1
0
1
3
2
2
1
4
2
1
1
1
1
0
2
3
1
2
0
0
4
0
1
2
3
1
3
6
2
1
2
2
5
3
2
2
1
1
1
0
0
8
0
2
2
1
3
1
2
1
0
4
2
5
1
1
3
3
4
1
1
3
1
3
0
1
5
2
2
1
1
1
1
3
3
0
3
3
0
1
0
2
3
5
2
3
0
3
0
1
1
3
3
2
0
3
5
0
2
0
1
0
1
1
3
1
0
5
2
1
3
0
3
1
1
0
3
0
1
1
2
0
5
1
3
0
2
3
0
0
2
3
2
1
3
2
2
2
1
2
0
1
2
1
0
2
3
3
0
2
0
0
1
2
1
4
2
1
1
1
1
2
0
2
3
1
2
6
1
1
2
2
4
0
1
1
2
5
2
0
2
1
1
0
2
3
1
1
2
3
3
5
4
1
3
2
2
1
1
4
1
2
2
2
0
4
3
3
1
0
3
4
1
0
3
0
3
1
2
3
2
5
1
0
4
2
1
3
2
2
1
3
0
1
1
5
2
1
2
1
2
2
5
2
3
4
1
3
1
1
2
0
0
1
2
3
2
1
4
0
0
2
1
0
2
2
2
0
4
1
1
0
0
0
1
1
1
1
1
2
1
1
0
0
3
3
2
3
1
5
1
0
1
2
1
3
0
1
1
1
2
4
1
0
2
0
0
1
3
3
0
1
1
1
1
4
0
2
3
1
1
1
1
1
2
2
1
4
0
0
4
5
2
1
1
2
2
1
3
4
1
2
1
2
1
2
2
2
0
1
1
3
1
1
2
2
1
0
1
2
2
0
2
0
1
0
4
1
2
0
0
1
1
3
2
1
2
0
1
0
2
2
2
0
3
1
1
0
2
5
1
1
1
1
2
0
2
2
1
0
3
0
1
1
0
2
1
3
0
0
1
0
0
2
0
0
0
0
1
1
4
0
1
0
1
2
1
2
0
0
3
2
2
3
0
0
0
2
1
1
2
0
1
1
1
1
2
2
0
2
2
2
1
1
1
0
0
0
1
0
1
0
0
1
0
1
2
0
1
0
2
4
1
0
1
0
2
1
1
1
0
1
0
3
0
0
0
0
2
2
2
2
2
1
2
0
1
1
1
0
1
0
2
1
2
1
2
0
1
0
0
0
0
0
0
0
0
1
2
0
1
0
4
1
3
1
3
1
2
0
0
2
1
1
0
3
1
1
0
0
1
2
1
2
3
0
0
0
0
0
0
2
0
1
1
0
0
0
1
0
0
4
1
1
1
1
1
2
2
1
1
1
0
0
1
0
1
0
1
1
3
0
1
2
1
3
2
0
0
1
2
1
1
0
1
1
1
1
3
0
0
0
0
0
1
2
0
3
1
0
2
1
2
0
0
1
3
2
0
0
0
0
2
0
0
1
2
0
0
0
0
2
1
0
0
0
1
2
2
0
1
4
1
3
1
2
2
0
1
0
1
0
0
0
0
2
2
2
0
1
1
1
1
0
1
0
0
0
1
0
0
3
0
0
5
1
2
0
1
0
1
0
0
2
0
0
0
2
2
0
1
0
3
0
0
0
1
0
1
0
2
1
2
1
2
1
1
0
1
1
1
0
0
1
1
0
0
1
1
0
0
1
2
3
0
2
0
1
0
2
1
1
5
0
0
0
1
1
1
0
1
1
0
1
1
1
1
4
2
0
2
1
0
0
1
0
1
0
2
3
1
1
1
4
0
0
1
2
1
3
1
0
2
0
1
0
3
2
0
0
0
0
1
1
0
5
2
1
1
0
0
1
1
1
1
2
1
0
2
3
0
2
0
3
0
1
3
2
2
1
0
2
1
1
3
2
1
3
3
1
2
1
2
2
2
1
1
4
3
1
3
0
0
0
4
1
4
1
1
0
3
4
2
3
2
1
0
2
1
1
3
1
5
2
0
0
0
2
0
1
1
2
1
1
3
1
1
2
0
1
1
1
2
1
1
5
0
0
2
1
2
0
1
0
0
1
1
0
2
0
1
0
3
2
2
2
2
2
4
3
0
0
0
1
2
3
3
2
1
2
1
1
1
1
2
3
2
0
1
2
1
2
0
0
0
1
1
0
3
1
2
2
0
2
1
0
1
1
2
2
1
0
1
1
0
1
1
2
1
1
0
0
2
1
4
1
1
0
3
2
2
1
2
1
3
2
3
2
0
2
1
0
0
1
2
3
1
2
0
2
0
2
1
0
3
1
3
0
0
2
2
0
1
2
0
0
3
1
0
2
2
1
1
1
1
1
0
2
2
3
1
3
1
2
0
1
3
1
2
2
2
1
1
0
2
1
1
3
1
1
1
2
1
1
2
0
3
1
2
2
0
1
1
1
0
1
0
1
2
0
1
1
1
0
0
1
0
0
1
3
3
2
0
1
1
0
0
0
1
1
0
0
0
0
0
1
0
1
1
2
0
0
1
0
0
3
0
2
1
1
0
1
0
3
1
0
0
0
1
0
1
0
1
1
0
0
1
0
1
1
0
2
0
1
0
1
1
1
1
0
1
0
2
0
0
3
0
1
0
0
0
0
1
1
0
1
2
1
0
2
2
2
1
0
0
0
1
0
0
1
2
0
0
0
2
2
0
1
0
0
1
0
0
0
0
0
1
1
0
2
0
0
0
0
1
0
1
2
0
1
1
0
0
1
0
0
2
0
1
1
0
2
1
0
1
2
0
2
0
0
1
1
0
0
0
1
1
4
1
0
0
1
0
2
1
2
0
0
0
0
1
0
1
0
0
2
1
0
3
0
2
1
0
0
2
1
0
0
2
2
1
1
2
0
2
0
0
0
0
1
2
1
2
1
1
0
0
0
2
1
0
0
0
0
1
1
0
0
1
0
1
1
0
2
3
4
0
0
0
3
1
2
1
3
0
2
1
1
0
1
0
3
0
0
1
3
3
0
1
2
1
1
4
1
1
1
1
1
1
1
1
0
0
3
0
0
1
0
0
1
1
1
2
2
2
1
2
2
0
1
3
1
2
0
1
1
2
1
0
1
0
0
1
2
1
4
0
0
0
1
0
0
0
1
1
3
4
0
1
1
0
1
2
0
2
2
2
0
1
0
0
2
2
0
2
4
3
1
1
1
0
2
0
0
2
1
1
0
1
0
0
2
1
1
2
2
1
2
1
0
2
3
1
2
2
0
2
0
1
1
3
0
0
3
0
3
2
3
0
2
1
0
1
0
1
1
2
2
2
0
3
0
2
1
1
1
1
2
1
2
1
2
0
1
0
0
0
3
1
3
1
0
1
1
0
0
1
0
3
4
2
3
0
2
3
0
0
1
0
1
1
3
0
3
1
0
0
2
1
0
3
1
0
2
1
0
1
0
1
0
0
1
0
0
2
1
0
2
0
1
0
0
0
0
0
1
1
0
2
1
0
0
0
0
1
0
1
0
0
1
2
1
2
0
1
0
0
0
1
1
1
1
0
1
1
0
1
0
1
0
0
0
2
0
1
0
1
0
1
0
0
0
1
1
2
3
0
0
0
0
2
2
0
2
1
0
0
0
0
0
0
0
0
0
0
0
0
1
1
0
0
0
0
0
1
0
0
0
1
0
0
1
1
2
0
0
0
0
0
0
0
0
1
0
1
0
0
0
0
1
0
0
0
0
1
0
0
0
2
0
0
0
0
1
0
0
0
0
0
0
0
0
0
1
0
1
0
1
0
1
1
0
0
1
0
2
2
1
0
0
0
1
0
0
0
0
0
1
0
0
2
0
1
1
0
0
1
0
1
0
0
2
0
0
1
0
0
1
0
0
0
0
0
0
0
0
0
0
0
0
0
0
0
0
0
0
0
0
0
0
0
0
1
1
0
0
0
0
0
0
0
1
0
0
2
0
1
0
0
2
0
0
0
0
0
1
2
0
1
0
2
1
1
0
1
0
0
0
0
0
0
0
0
0
0
0
0
0
1
0
1
0
1
0
1
0
0
0
0
1
0
0
0
1
1
0
0
0
0
0
0
0
0
0
0
0
1
0
1
1
0
0
0
0
1
0
1
0
0
0
0
0
0
0
1
0
0
0
0
0
0
1
0
0
0
0
0
0
0
0
1
0
0
0
0
0
0
0
0
0
0
0
0
0
1
0
0
0
0
1
0
0
0
1
0
0
0
0
0
0
0
0
0
1
0
0
1
0
0
0
0
1
0
0
0
0
1
0
0
0
0
0
0
1
0
1
0
1
1
0
0
0
0
2
0
0
0
0
0
1
0
0
0
0
0
0
0
1
0
0
1
0
0
0
0
1
0
0
0
0
0
0
0
1
0
0
1
0
0
0
0
1
0
0
0
0
0
0
0
0
0
0
0
0
0
0
0
0
0
0
0
0
0
0
0
0
0
0
0
0
0
0
0
1
0
1
0
0
0
0
0
0
1
1
0
0
0
0
0
1
0
0
0
0
1
0
0
0
0
0
0
0
0
0
0
0
1
0
0
1
0
1
0
0
0
0
0
1
1
0
0
0
0
0
1
0
1
1
0
0
0
0
0
0
0
1
0
0
0
0
1
0
0
1
0
1
0
0
0
1
0
0
0
1
0
0
0
0
0
0
0
0
0
1
0
0
0
0
0
0
1
0
2
0
0
0
1
0
0
0
0
0
1
0
0
0
0
0
0
0
0
1
0
1
0
0
0
0
1
0
1
0
0
0
0
0
0
0
0
0
0
1
0
0
0
0
0
2
0
0
0
0
0
0
0
0
0
1
1
0
0
0
0
0
0
0
0
0
0
0
1
1
0
0
0
1
1
0
0
0
0
0
0
0
1
0
0
0
0
0
0
0
0
0
0
0
1
0
0
0
0
0
2
0
0
0
0
0
0
0
0
0
0
1
0
0
0
0
0
0
0
0
0
0
0
0
0
0
1
0
0
0
0
0
0
0
0
0
0
0
0
0
0
0
0
1
0
0
1
0
0
0
0
0
0
0
0
0
0
0
0
0
0
1
0
0
0
0
0
0
0
0
0
0
0
0
0
0
0
0
0
0
0
0
0
0
1
0
0
0
0
0
0
1
0
0
1
0
0
0
0
0
0
0
1
0
0
0
0
0
0
0
0
0
0
0
0
0
0
1
0
0
0
0
1
1
0
1
0
0
0
0
0
0
0
0
0
0
0
1
0
0
0
0
0
0
1
0
0
0
0
0
0
0
0
0
0
0
0
0
0
0
0
0
0
0
0
0
0
1
0
0
0
0
0
0
0
0
0
0
1
0
0
0
0
0
0
0
0
0
1
0
0
1
0
0
0
0
0
0
0
0
0
0
0
0
0
0
0
0
0
0
0
2
1
0
0
0
0
1
1
0
0
0
0
0
0
1
0
1
0
0
0
0
0
0
0
0
0
0
0
0
0
0
0
0
1
0
0
0
0
0
1
0
0
0
0
0
0
0
0
0
0
0
0
0
0
1
0
1
0
0
0
0
0
0
0
1
0
0
0
2
0
0
1
0
0
0
0
0
0
0
1
0
0
0
1
0
0
0
1
0
1
0
0
0
0
0
0
1
0
1
1
0
0
0
0
1
1
1
0
1
0
0
0
0
0
0
0
0
0
1
0
0
0
1
0
0
2
3
2
0
2
3
4
4
7
1
3
5
4
4
3
1
4
0
3
3
3
7
3
7
3
4
8
10
11
11
11
14
10
13
21
13
10
14
21
15
15
12
2
2
0
2
1
3
3
1
0
1
1
1
3
2
2
1
4
13
33
47
45
17
8
4
0
0
0
0
0
0
0
0
0
0
0
0
0
0
0
0
0
0
0
0
0
0
0
0
0
0
0
0
0
0
0
0
0
0
0
0
0
0
0
0
0
0
0
0
0
0
0
0
0
0
0
0
0
0
0
0
0
0
0
0
0
0
0
0
0
0
0
0
0
0
0
0
0
0
0
0
0
0
0
0
0
0
0
0
0
0
0
0
0
0
0
0
0
0
0
0
0
0
0
0
0
0
0
0
0
0
0
0
0
0
0
0
0
0
0
0
0
0
0
0
0
0
0
0
0
0
0
0
0
0
0
0
0
0
0
0
0
0
0
0
0
0
0
0
0
0
0
0
0
0
0
0
0
0
0
0
0
0
0
0
0
0
0
0
0
0
0
0
0
0
0
0
0
0
0
0
0
0
0
0
0
0
0
0
0
0
0
0
0
0
0
0
0
0
0
0
0
0
0
0
0
0
0
0
0
0
0
0
0
0
0
0
0
0
0
0
0
0
0
0
0
0
0
0
0
0
0
0
0
0
0
0
0
0
0
0
0
0
0
0
0
0
0
0
0
0
0
0
0
0
0
0
0
0
0
0
0
0
0
0
0
0
0
0
0
0
0
0
0
0
0
0
0
0
0
0
0
0
0
0
0
0
0
0
0
0
0
0
0
0
0
0
0
0
0
0
0
0
0
0
0
0
0
0
0
0
0
0
0
0
0
0
0
0
0
0
0
0
0
0
0
0
0
0
0
0
0
0
0
0
0
0
0
0
0
0
0
0
0
0
0
0
0
0
0
0
0
0
0
0
0
0
0
0
0
0
0
0
0
0
0
0
0
0
0
0
0
0
0
0
0
0
0
0
0
0
0
0
0
0
0
0
0
0
0
0
0
0
0
0
0
0
0
0
0
0
0
0
0
0
0
0
0
0
0
0
0
0
0
0
0
0
0
0
0
0
0
0
0
0
0
0
0
0
0
0
0
0
0
0
0
0
0
0
0
0
0
0
0
0
0
0
0
0
0
0
0
0
0
0
0
0
0
0
0
0
0
0
0
0
0
0
0
0
0
0
0
0
0
0
0
0
0
0
0
0
0
0
0
0
0
0
0
0
0
0
0
0
0
0
0
0
0
0
0
0
0
0
0
0
0
0
0
0
0
0
0
0
0
0
0
0
0
0
0
0
0
0
0
0
0
0
0
0
0
0
0
0
0
0
0
0
0
0
0
0
0
0
0
0
0
0
0
0
0
0
0
0
0
0
0
0
0
0
0
0
0
0
0
0
0
0
0
0
0
0
0
0
0
0
0
0
0
0
0
0
0
0
0
0
0
0
0
0
0
0
0
0
0
0
0
0
0
0
0
0
0
0
0
0
0
0
0
0
0
0
0
0
0
0
0
0
0
0
0
0
0
0
0
0
0
0
0
0
0
0
0
0
0
0
0
0
0
0
0
0
0
0
0
0
0
0
0
0
0
0
0
0
0
0
0
0
0
0
0
0
0
0
0
0
0
0
0
0
0
0
0
0
0
0
0
0
0
0
0
0
0
0
0
0
0
0
0
0
0
0
0
0
0
0
0
0
0
0
0
0
0
0
0
0
0
0
0
0
0
0
0
0
0
0
0
0
0
0
0
0
0
0
0
0
0
0
0
0
0
0
0
0
0
0
0
0
0
0
0
0
0
0
0
0
0
0
0
0
0
0
0
0
0
0
0
0
0
0
0
0
0
0
0
0
0
0
0
0
0
0
0
0
0
0
0
0
0
0
0
0
0
0
0
0
0
0
0
0
0
0
0
0
0
0
0
0
0
0
0
0
0
0
0
0
0
0
0
0
0
0
0
0
0
0
0
0
0
0
0
0
0
0
0
0
0
0
0
0
0
0
0
0
0
0
0
0
0
0
0
0
0
0
0
0
0
0
0
0
0
0
0
0
0
0
0
0
0
0
0
0
0
0
0
0
0
0
0
0
0
0
0
0
0
0
0
0
0
0
0
0
0
0
0
0
0
0
0
0
0
0
0
0
0
0
0
0
0
0
0
0
0
0
0
0
0
0
0
0
0
0
0
0
0
0
0
0
0
0
0
0
0
0
0
0
0
0
0
0
0
0
0
0
0
0
0
0
0
0
0
0
0
0
0
0
0
0
0
0
0
0
0
0
0
0
0
0
0
0
0
0
0
0
0
0
0
0
0
0
0
0
0
0
0
0
0
0
0
0
0
0
0
0
0
0
0
0
0
0
0
0
0
0
0
0
0
0
0
0
0
0
0
0
0
0
0
0
0
0
0
0
0
0
0
0
0
0
0
0
0
0
0
0
0
0
0
0
0
0
0
0
0
0
0
0
0
0
0
0
0
0
0
0
0
0
0
0
0
0
0
0
0
0
0
0
0
0
0
0
0
0
0
0
0
0
0
0
0
0
0
0
0
0
0
0
0
0
0
0
0
0
0
0
0
0
0
0
0
0
0
0
0
0
0
0
0
0
0
0
0
0
0
0
0
0
0
0
0
0
0
0
0
0
0
0
0
0
0
0
0
0
0
0
0
0
0
0
0
0
0
0
0
0
0
0
0
0
0
0
0
0
0
0
0
0
0
0
0
0
0
0
0
0
0
0
0
2
1
0
0
0
0
1
0
1
1
0
0
0
0
0
0
1
0
0
1
0
1
1
0
1
0
0
1
1
0
0
0
1
2
0
0
0
0
0
1
1
1
0
0
0
0
0
0
0
0
1
0
0
0
0
0
0
1
0
0
0
0
1
0
1
0
0
0
0
0
0
1
0
1
1
0
0
0
0
1
0
0
0
0
2
0
0
0
3
1
0
1
1
0
0
1
0
0
1
2
0
0
1
0
0
0
1
0
1
0
0
0
0
1
0
1
1
0
0
0
1
3
8
6
10
13
20
