43
40
30
65
70
116
142
204
227
287
287
290
295
296
330
295
279
262
301
296
296
292
295
275
300
290
278
285
298
298
297
321
300
290
271
327
292
308
282
303
322
306
299
295
292
305
320
298
286
273
291
317
261
320
310
318
269
304
293
317
292
291
296
303
292
280
307
324
305
313
300
303
312
308
278
293
291
336
315
304
314
317
287
284
281
299
289
329
311
324
320
315
299
319
323
311
314
287
298
346
292
333
313
317
293
300
297
300
337
364
298
302
290
314
308
289
341
291
314
289
351
322
345
316
328
323
338
291
317
312
286
339
306
301
309
293
342
324
347
326
299
337
321
315
315
312
347
328
336
333
321
344
343
322
333
360
322
326
320
338
394
319
357
321
319
325
290
335
344
337
340
324
342
340
327
332
338
314
342
312
319
347
347
351
332
336
378
349
350
340
348
352
345
333
340
339
334
316
324
343
329
349
361
320
341
322
344
321
326
295
361
325
330
368
351
361
377
357
368
345
337
302
372
367
342
316
347
305
337
363
330
336
375
372
362
352
336
380
370
335
342
344
366
373
332
353
371
340
378
330
351
357
329
360
369
352
348
351
339
336
327
385
359
408
371
361
349
383
369
345
387
392
358
392
379
384
382
361
368
381
363
371
361
384
362
370
352
329
354
351
367
340
372
371
355
382
354
364
396
360
393
348
375
397
335
401
377
362
361
356
369
363
350
394
380
331
342
359
392
350
344
341
365
344
386
387
376
348
377
380
350
366
383
352
355
363
377
383
364
372
359
324
347
348
350
358
354
385
353
369
340
359
337
367
373
366
369
346
380
372
349
335
331
354
353
338
372
337
359
358
354
347
349
360
351
358
362
349
342
357
305
340
365
341
362
372
377
357
374
363
376
370
386
345
332
337
347
344
343
396
362
352
398
375
371
399
390
350
368
378
337
384
347
331
370
344
375
381
361
350
352
347
371
385
355
339
355
339
373
336
363
341
354
362
344
353
416
378
372
388
358
360
357
332
373
332
391
387
344
365
334
356
363
367
390
358
337
361
394
354
376
392
348
365
369
359
376
368
331
376
340
380
377
370
353
386
331
365
398
367
376
380
401
351
389
407
369
346
383
361
338
406
366
424
347
384
350
387
354
381
356
368
346
368
373
385
375
389
333
365
356
377
373
361
367
388
382
369
390
396
375
369
380
415
363
366
390
360
380
317
381
385
366
368
394
369
399
393
395
387
369
369
392
376
399
414
346
367
370
373
366
416
386
361
391
363
382
363
354
379
370
392
376
402
405
368
391
425
376
358
389
339
384
376
407
413
398
388
398
367
357
372
424
369
380
341
373
388
381
382
374
374
369
345
401
408
385
366
344
394
400
394
381
413
407
381
381
398
400
395
366
396
415
411
401
410
378
418
410
367
346
388
379
419
377
390
389
394
368
383
356
369
417
406
432
391
422
393
423
407
370
350
368
401
395
350
376
369
382
388
339
415
399
438
396
363
379
372
397
409
366
365
415
385
399
406
355
410
423
389
395
376
390
421
384
404
437
419
390
404
390
432
366
388
391
394
399
412
384
433
442
408
403
403
427
375
425
396
394
420
348
370
433
408
441
389
405
388
418
405
412
404
422
444
397
465
381
414
392
389
432
402
410
386
395
433
427
398
456
418
443
471
404
448
412
402
426
442
382
429
419
415
446
426
401
381
400
468
388
403
402
392
381
421
393
427
431
400
416
431
431
441
470
431
423
425
454
445
364
420
452
410
431
421
443
461
395
454
464
436
412
427
415
471
446
403
414
446
470
403
429
442
401
488
411
445
433
403
463
469
466
464
465
468
485
500
433
434
415
489
441
449
478
422
441
430
452
463
469
469
432
426
467
459
465
448
472
437
481
457
445
472
445
508
431
440
499
475
449
474
462
464
491
480
481
517
479
477
477
479
450
472
456
481
491
455
523
466
479
454
514
483
511
540
474
477
478
503
433
440
496
484
474
491
463
468
450
489
467
451
462
486
478
454
533
504
491
509
474
488
478
513
469
448
459
477
488
453
467
469
468
484
442
453
481
478
474
505
482
478
512
484
476
461
486
478
494
464
470
420
499
547
470
467
482
451
442
468
475
474
445
471
462
462
478
458
479
458
477
469
453
473
470
461
458
499
449
455
520
479
429
460
444
482
470
489
488
465
437
457
460
465
492
463
471
488
448
453
434
427
499
449
448
477
427
446
424
462
444
432
453
426
436
460
437
456
433
473
477
448
430
452
431
446
439
472
464
442
448
448
421
415
435
447
404
466
454
448
444
411
443
429
445
429
451
444
415
432
446
440
437
454
430
447
393
412
440
426
416
415
432
419
419
475
451
413
484
428
394
419
436
422
415
403
402
422
433
431
420
402
411
423
422
410
407
428
436
444
434
413
409
448
469
422
436
436
433
410
423
440
416
416
408
417
402
461
422
440
394
407
383
407
409
427
419
461
412
411
380
424
382
437
416
424
412
417
402
432
420
410
452
426
452
391
373
415
402
432
422
435
417
408
420
445
437
395
407
408
397
405
425
399
409
403
420
431
397
385
372
388
407
417
381
423
408
434
386
421
415
423
384
410
402
421
384
441
423
408
415
439
406
385
431
395
407
430
412
397
418
392
417
399
391
392
408
426
407
410
369
434
384
382
395
458
425
403
421
415
372
423
454
380
392
411
415
427
392
387
419
389
409
396
404
418
409
390
402
426
407
394
364
376
373
405
398
382
399
397
397
387
429
416
400
352
422
379
405
447
379
444
427
381
372
413
393
389
382
389
401
407
407
403
417
409
358
405
385
393
423
402
402
406
385
398
409
405
356
384
412
380
394
430
418
406
395
360
380
392
355
406
365
390
415
377
405
389
387
395
362
380
383
406
420
406
392
383
389
389
343
392
415
376
367
360
396
369
402
369
355
385
377
391
367
371
383
375
385
374
356
368
367
348
370
409
363
371
384
378
353
410
384
374
381
370
375
403
361
356
359
374
363
371
392
370
377
373
382
362
444
383
328
363
371
371
408
361
414
367
378
361
396
343
360
360
382
382
363
366
361
365
364
386
397
381
388
359
393
337
352
360
359
368
362
381
346
354
396
379
389
396
355
382
371
388
395
381
350
380
361
360
379
353
358
360
362
372
374
386
357
358
377
363
347
315
350
384
362
336
376
390
360
349
386
365
364
345
334
375
332
317
365
385
342
404
352
375
379
353
376
350
386
314
375
353
337
365
348
363
375
381
354
384
333
368
358
390
351
367
359
373
358
354
374
371
347
405
382
364
357
328
381
354
354
342
354
371
369
392
399
392
376
350
341
356
365
350
355
374
343
333
387
351
364
334
341
320
359
336
401
343
342
369
362
395
358
375
355
355
378
382
332
351
333
391
375
363
374
373
350
341
364
372
340
353
352
322
375
336
333
345
361
341
347
364
323
361
368
374
358
349
359
364
322
352
355
318
367
383
337
389
365
343
342
343
360
349
377
332
385
380
365
368
355
333
393
352
370
385
368
362
358
357
353
380
370
330
360
339
341
330
349
340
332
356
361
362
347
342
328
322
321
376
363
379
333
360
343
377
372
349
352
347
332
340
377
340
343
363
378
356
355
327
336
368
364
348
316
371
329
367
362
370
371
359
351
350
319
368
361
336
375
350
340
334
336
388
339
323
388
333
352
354
366
376
385
330
344
376
359
323
360
327
369
333
346
383
342
380
354
346
358
337
358
349
357
362
355
302
340
359
337
373
353
354
355
317
345
355
336
347
375
341
312
331
354
331
370
359
352
352
342
372
360
353
366
340
328
351
318
331
370
351
335
360
397
341
359
344
321
377
368
335
365
333
337
346
320
350
352
367
386
340
343
341
317
336
358
313
328
315
363
341
304
347
350
332
355
376
352
334
358
361
358
336
369
350
313
351
332
339
366
346
346
332
348
351
352
323
331
346
359
314
337
360
347
360
331
351
343
357
381
319
338
371
329
351
355
340
355
348
347
349
334
336
387
363
354
318
352
360
327
346
333
358
328
322
348
352
318
352
352
355
333
343
364
368
333
318
326
358
324
329
336
347
376
361
350
363
350
364
342
368
357
327
370
333
329
352
317
340
309
330
342
337
353
345
351
356
346
327
335
370
333
344
350
346
346
341
341
355
377
332
372
309
322
345
352
371
356
336
324
309
347
359
359
356
346
328
332
323
313
330
346
322
353
354
328
327
337
354
317
326
324
385
367
321
330
328
341
340
347
359
341
304
358
321
355
313
369
331
353
327
349
324
356
332
350
333
352
379
339
357
372
328
317
325
322
356
322
343
320
369
363
338
340
376
304
359
319
335
318
311
343
376
359
345
375
301
328
344
320
372
327
355
378
382
363
330
370
327
329
312
325
314
330
339
353
327
365
332
315
329
320
349
361
340
366
348
350
370
360
330
361
325
323
350
307
307
355
360
346
328
330
377
365
314
364
316
364
359
334
356
350
310
344
334
326
332
358
352
328
344
367
315
347
352
337
335
328
310
342
368
355
326
365
340
332
353
346
354
374
377
339
359
364
341
343
355
364
332
337
322
338
343
371
333
380
300
345
337
381
358
373
330
361
350
347
353
353
364
337
328
347
320
353
335
324
361
342
348
322
353
360
327
381
338
361
322
348
332
329
323
355
355
329
337
355
354
323
360
330
374
381
325
372
344
343
360
308
351
336
349
355
318
355
354
355
357
335
381
380
333
347
346
337
360
356
358
349
344
365
339
325
356
318
348
349
371
330
338
331
334
350
326
387
368
357
364
336
355
326
341
319
333
336
307
340
343
330
311
314
359
342
336
362
339
331
355
330
353
333
353
323
332
328
316
323
321
367
306
328
338
367
309
367
352
329
343
361
382
334
355
341
329
338
371
334
324
347
370
339
387
362
354
353
347
315
317
359
312
348
358
344
334
376
362
364
341
330
327
339
355
340
354
340
333
364
347
308
360
359
345
373
341
344
348
334
328
332
359
370
337
363
325
375
333
313
319
353
317
323
322
347
351
306
338
326
322
346
362
349
329
374
350
352
323
357
340
352
315
320
336
365
341
360
395
336
333
340
363
340
354
327
355
355
329
320
369
328
344
340
344
348
354
359
324
319
351
365
323
338
374
331
365
360
342
335
364
354
345
325
360
348
381
316
357
372
322
311
320
352
325
327
317
367
359
338
324
339
359
359
353
356
341
323
340
330
311
356
357
324
345
316
355
382
363
323
346
315
343
346
347
342
337
355
361
355
347
354
353
370
326
331
373
362
361
350
349
360
345
355
374
377
314
346
319
331
372
346
367
359
354
344
353
349
349
338
360
352
344
336
352
362
316
315
303
318
323
391
352
339
368
367
352
390
348
365
320
346
323
361
361
359
318
353
392
340
407
348
350
324
367
370
336
365
322
351
356
322
346
351
330
360
349
339
352
335
359
352
332
350
321
370
318
368
335
349
334
351
333
348
353
337
359
324
324
341
345
360
332
303
410
317
360
355
349
313
341
331
348
350
325
358
351
336
385
340
363
359
339
370
369
315
348
359
356
343
339
367
344
357
368
361
365
338
355
324
362
355
351
330
346
376
335
348
350
365
347
361
339
344
319
421
365
366
358
366
351
339
358
355
372
339
378
330
346
319
369
359
357
360
329
338
342
347
333
344
366
343
312
379
325
383
368
396
332
325
389
366
397
321
344
365
352
348
377
357
352
400
363
367
344
351
341
341
382
369
360
343
354
356
385
356
331
381
324
332
371
371
358
334
371
362
341
340
328
340
366
380
340
339
371
341
354
413
394
368
385
357
349
347
351
338
372
390
364
400
364
353
351
357
347
351
369
351
359
346
347
345
372
358
365
377
359
364
365
334
372
387
362
374
331
344
335
308
319
361
325
354
392
376
350
380
351
349
375
357
326
347
335
374
353
332
385
348
392
362
385
327
382
328
346
388
370
364
371
340
356
358
379
354
369
354
343
390
356
358
356
335
370
365
350
387
394
381
366
365
358
358
345
341
380
365
355
356
359
400
345
350
373
346
398
363
335
339
394
344
366
386
358
362
361
352
349
353
368
370
368
374
355
340
364
354
370
330
362
348
363
355
383
351
361
358
387
342
383
337
376
370
357
388
375
368
402
367
341
391
384
350
372
356
341
400
367
371
357
391
352
359
399
374
367
366
331
354
371
384
371
409
384
357
410
374
386
350
369
375
346
366
347
357
334
379
379
400
372
405
358
371
389
374
354
376
389
379
374
385
364
347
396
366
378
389
355
315
396
349
394
367
349
397
371
360
372
377
380
400
388
362
379
363
349
378
388
355
419
379
356
367
363
348
373
333
379
399
379
373
323
344
393
382
358
402
382
372
326
388
372
354
355
348
366
382
343
371
367
388
394
400
358
375
347
379
392
377
384
364
385
372
385
386
396
386
437
394
361
375
349
400
398
360
394
394
346
403
350
389
351
354
377
377
441
356
358
355
363
381
383
359
387
394
396
411
368
390
404
384
387
431
375
330
416
408
352
385
388
405
378
386
378
360
373
404
342
382
344
353
369
354
385
389
348
363
384
355
371
365
354
382
410
382
352
377
357
381
403
389
388
366
379
387
404
363
370
369
392
372
350
372
385
416
353
390
422
350
397
397
360
421
398
384
376
401
365
398
352
379
385
389
388
389
388
390
412
381
397
391
403
353
401
375
367
405
381
379
406
413
338
363
398
390
362
358
389
387
395
397
392
362
373
391
361
368
398
404
370
388
410
370
382
399
364
396
388
370
370
381
364
400
387
365
417
367
403
370
402
368
374
372
386
332
380
438
412
373
380
386
383
418
407
387
366
393
411
399
414
407
427
395
393
404
359
415
368
358
399
400
399
372
411
387
411
368
387
425
371
400
353
378
375
432
393
376
394
378
409
379
429
354
368
365
402
416
414
429
401
370
392
400
390
381
374
437
430
388
385
407
404
403
407
370
414
427
394
394
409
342
411
411
393
418
407
401
390
420
370
428
384
418
364
381
390
392
385
438
390
401
426
397
405
378
385
412
425
366
398
447
406
377
382
421
404
389
410
402
396
407
410
408
395
404
406
379
419
370
417
402
412
393
416
420
359
417
434
415
413
366
400
412
421
420
401
419
416
387
379
402
382
414
409
353
411
392
380
392
379
413
437
391
419
430
381
439
406
412
420
393
447
390
418
421
380
445
419
405
419
387
451
395
389
415
435
410
415
419
418
402
431
382
431
384
447
392
399
390
388
410
391
421
436
388
422
426
439
401
417
395
385
415
410
362
462
420
394
410
429
389
388
397
407
414
391
449
428
441
428
396
406
429
465
429
442
387
426
479
448
416
458
448
420
434
399
400
424
424
445
456
406
428
423
452
441
411
408
413
390
448
410
434
383
420
406
415
438
418
403
402
425
425
439
407
414
418
396
424
446
438
447
434
394
432
431
453
428
442
424
457
421
451
413
439
421
402
427
413
428
417
439
430
425
432
424
426
462
411
408
441
448
433
428
421
411
424
415
414
430
384
397
457
393
472
423
406
432
432
424
441
401
391
422
449
437
425
397
407
441
425
419
446
461
454
411
443
411
427
436
443
434
443
420
412
418
436
442
449
395
417
431
427
429
403
473
419
438
412
443
453
453
481
452
450
444
459
436
434
462
446
400
439
422
432
439
419
400
446
409
416
403
434
394
449
379
446
406
443
477
407
407
434
408
444
495
422
432
389
451
421
450
429
405
434
408
436
451
446
417
439
428
437
437
436
424
438
423
446
435
462
430
446
432
436
416
413
440
422
432
424
416
440
453
402
407
404
442
436
408
396
453
411
420
402
436
454
409
429
448
433
441
428
428
417
448
380
411
415
459
440
439
437
437
448
439
419
399
407
440
443
430
423
456
451
409
433
406
434
412
411
423
434
411
415
416
429
408
427
415
402
429
412
438
456
426
430
414
370
410
433
400
395
407
421
401
420
412
355
425
437
367
385
432
426
423
424
436
407
412
386
422
410
427
429
427
417
424
368
447
413
406
431
417
366
445
391
428
412
416
411
416
415
389
437
414
412
421
429
411
412
419
402
462
365
401
406
422
399
396
402
444
409
397
374
432
410
411
404
387
369
391
408
414
424
421
411
425
358
372
421
381
399
402
402
388
427
411
388
392
386
405
389
423
376
403
396
367
436
425
389
420
377
378
407
405
412
377
398
358
381
374
420
373
381
405
378
389
390
395
372
368
354
374
404
353
425
378
383
387
385
368
388
351
395
403
380
422
386
342
352
371
381
370
399
363
371
394
376
369
384
383
408
392
352
356
376
356
396
355
377
370
362
389
355
386
361
392
379
372
354
329
386
344
369
332
347
381
378
383
374
323
389
390
392
367
364
328
369
358
391
376
371
354
375
330
320
381
337
352
353
353
356
340
347
340
335
371
348
342
346
377
334
371
330
366
348
349
356
363
357
323
333
340
327
289
327
324
323
385
322
349
354
312
305
346
339
331
313
298
335
356
307
343
348
321
300
383
330
332
318
322
330
329
322
337
295
333
315
292
342
304
306
330
313
309
311
335
359
343
310
294
340
322
343
341
339
299
319
322
303
346
302
300
305
325
292
340
303
294
333
297
326
309
321
317
323
329
289
284
344
317
321
310
305
321
345
319
320
294
281
319
311
313
336
318
336
290
342
292
327
326
298
324
320
328
321
305
303
321
316
322
283
316
276
293
279
280
248
302
294
308
298
308
286
299
320
282
308
319
283
299
304
326
294
292
291
280
288
305
326
305
293
303
335
285
316
264
278
269
301
266
297
278
273
289
297
272
308
279
287
298
295
276
301
288
311
279
294
262
310
272
262
308
310
273
304
268
289
276
297
268
325
277
311
283
284
253
283
264
311
290
283
288
270
321
261
296
284
313
273
288
270
282
284
259
261
269
274
301
289
274
309
281
303
305
297
291
289
302
292
299
277
273
261
288
294
281
284
281
279
262
306
279
260
291
250
300
241
273
295
294
321
291
293
260
284
286
288
262
272
265
250
282
266
249
272
278
255
257
268
306
282
257
297
294
303
279
283
253
250
248
285
274
268
252
265
303
286
274
280
258
267
256
269
255
286
277
280
299
271
270
276
280
242
279
269
259
252
297
252
267
288
237
308
284
269
241
262
271
290
243
258
292
249
273
271
236
291
279
270
298
292
270
273
295
261
261
274
304
242
270
273
268
281
274
277
258
255
269
288
266
280
262
291
265
264
265
259
284
243
276
262
252
294
258
267
302
262
274
249
266
305
298
256
286
257
263
260
284
263
251
272
254
244
268
245
267
285
311
294
296
265
275
248
275
290
274
265
266
250
260
279
254
277
262
247
255
276
287
266
284
250
277
292
286
261
284
291
260
266
257
271
283
292
272
282
289
262
275
255
253
280
282
288
271
269
287
256
248
286
286
260
255
272
297
262
299
285
277
237
312
264
268
279
267
268
256
262
270
263
267
284
287
298
311
285
327
267
283
280
272
264
267
286
308
289
313
285
272
290
303
321
291
295
275
325
325
289
293
298
273
299
301
303
261
257
279
262
306
311
311
300
340
341
310
309
301
297
302
331
278
315
289
289
296
312
299
311
332
312
285
293
327
329
321
339
315
296
293
322
336
344
311
319
286
313
312
317
336
303
319
299
318
321
338
296
361
283
329
319
333
332
358
311
353
334
354
373
310
356
342
301
322
339
359
341
374
357
343
366
380
321
319
349
347
370
370
342
380
426
372
395
376
358
408
369
403
378
373
393
368
403
385
397
428
359
428
379
440
389
371
411
403
433
388
361
416
400
425
392
427
403
449
377
371
397
420
429
453
445
407
466
445
404
417
443
426
439
395
436
499
463
442
460
444
474
476
467
438
456
469
467
489
468
453
481
524
500
495
505
475
473
490
441
518
522
549
528
507
466
548
505
552
573
549
548
528
553
557
600
564
558
529
552
566
607
570
546
541
590
540
574
621
579
598
594
622
559
598
608
611
603
603
584
649
622
600
691
639
615
650
603
634
661
671
690
641
608
694
682
673
646
697
685
725
711
711
679
693
656
654
741
708
706
696
703
697
712
701
753
723
743
780
754
736
786
715
745
721
785
720
749
770
790
729
770
735
775
766
820
804
802
789
788
790
776
822
788
796
823
829
868
827
819
862
777
856
820
860
890
886
888
830
851
870
868
891
892
852
865
877
871
887
867
864
872
883
914
908
870
928
883
896
903
901
916
893
948
927
926
959
913
932
920
927
869
928
930
948
938
925
987
944
928
924
915
874
945
902
928
952
930
948
933
952
953
933
905
973
1021
1014
920
962
956
998
947
964
927
1007
958
950
972
913
871
949
849
926
945
926
940
904
962
977
950
900
903
965
924
991
929
925
984
909
959
978
961
945
932
956
931
899
906
954
927
911
880
905
934
940
892
908
906
934
900
916
927
884
891
946
891
872
852
860
877
898
858
901
848
897
877
862
874
869
864
873
870
831
820
824
859
847
898
844
753
825
825
788
810
803
793
790
828
835
798
783
784
757
798
769
797
761
734
773
781
773
743
710
739
726
735
754
767
705
711
739
703
660
695
708
685
690
683
660
692
689
689
659
614
618
617
618
601
653
633
648
637
606
611
555
593
567
551
591
565
571
555
599
597
535
575
546
549
543
583
528
522
513
538
512
548
514
551
526
513
498
453
466
478
500
490
453
487
435
451
460
435
394
416
435
394
377
453
450
397
410
384
417
416
389
371
400
343
343
380
389
362
396
378
358
338
381
370
331
360
321
357
359
364
326
321
340
306
330
326
312
354
295
276
312
310
323
281
310
285
302
292
283
319
273
306
281
309
321
287
282
276
280
256
283
273
262
242
232
266
252
234
261
233
219
263
231
231
224
257
237
273
235
210
212
208
208
221
238
252
225
223
206
231
209
233
205
220
207
225
235
232
199
214
222
201
201
217
221
214
216
221
229
224
215
211
190
218
220
244
220
225
226
221
222
219
227
212
224
198
219
218
194
214
202
222
206
203
191
230
217
188
185
225
229
199
210
185
203
188
209
208
211
246
221
217
221
240
234
224
233
200
217
249
232
238
211
261
229
222
255
235
237
258
265
279
248
236
253
249
266
260
252
259
285
257
283
280
244
275
243
274
287
252
238
254
276
271
251
248
276
257
282
281
277
275
276
305
275
295
298
278
310
307
298
334
298
303
333
280
320
337
295
304
309
345
335
311
327
330
341
350
361
335
327
322
352
371
369
362
382
363
342
328
350
358
361
375
377
375
372
387
385
376
365
398
406
404
378
394
410
388
408
416
399
410
406
412
388
461
434
463
439
440
436
410
405
441
445
438
453
422
443
461
488
456
440
484
448
478
466
477
462
510
504
503
485
486
479
459
494
497
534
523
533
543
500
516
544
523
509
513
533
555
528
529
572
544
508
617
587
588
576
532
541
539
566
585
564
587
571
624
576
599
587
611
582
596
561
601
600
597
588
640
643
595
677
634
601
615
642
635
634
664
640
631
679
663
654
688
604
635
682
664
693
652
627
684
689
713
718
670
660
670
700
726
738
662
751
705
724
688
737
710
699
749
698
746
748
694
697
709
691
671
755
740
714
734
738
751
750
748
775
740
711
761
709
789
725
734
736
746
772
789
748
750
799
814
772
729
757
729
773
795
756
746
772
719
770
746
750
790
772
767
755
742
781
763
775
793
779
757
782
830
738
756
796
852
781
770
759
817
785
770
827
728
811
795
769
806
764
799
798
710
777
784
803
780
769
731
748
689
739
757
717
731
746
780
712
761
755
721
718
718
771
731
749
724
772
707
753
755
692
762
725
708
685
703
724
719
740
712
730
713
726
662
648
696
699
686
720
702
655
688
655
601
690
626
669
649
662
601
676
636
631
623
613
660
582
624
611
629
614
575
524
585
583
580
568
627
619
530
612
592
570
600
589
607
571
546
537
564
543
519
545
527
520
512
545
486
543
534
514
504
489
521
509
546
458
514
472
448
445
485
455
495
501
442
459
427
460
459
464
462
433
405
446
418
436
413
414
392
387
413
416
416
390
372
402
397
343
369
364
376
354
379
410
352
382
325
354
336
370
351
330
326
344
343
309
311
336
330
316
284
271
287
353
277
310
291
302
263
299
288
279
292
284
275
282
245
289
256
258
253
245
234
237
223
223
230
215
225
235
212
194
218
243
186
210
205
209
199
199
186
185
178
179
171
192
177
184
175
171
172
161
159
165
147
183
165
183
138
152
145
146
137
153
136
149
145
136
144
154
119
134
114
128
127
126
140
104
112
116
112
128
119
103
105
98
108
119
109
97
83
116
96
88
97
97
87
72
98
96
86
70
100
69
69
86
79
83
66
62
72
79
84
73
68
62
68
83
74
78
71
53
63
54
65
68
63
52
63
56
65
59
49
58
51
51
54
62
50
73
44
52
43
45
52
48
54
44
43
49
43
44
40
52
47
58
35
44
34
42
35
38
43
32
43
38
35
44
31
34
39
28
38
37
32
40
26
41
31
27
34
37
27
31
24
27
28
26
36
35
26
29
32
17
31
34
33
28
29
27
29
17
30
24
32
21
29
27
19
15
27
24
27
13
27
24
19
26
18
18
24
19
16
15
18
17
27
18
22
17
21
23
20
24
16
20
13
13
25
20
17
21
22
19
19
23
20
14
18
11
18
19
9
24
15
9
16
23
16
15
15
14
16
18
25
14
13
19
17
16
12
13
26
22
12
21
21
18
19
23
13
11
12
24
15
21
23
18
16
11
16
23
16
18
14
8
14
20
19
10
3
9
14
16
13
11
16
15
9
17
14
11
14
11
15
10
7
8
17
18
15
12
19
22
14
4
16
17
8
10
13
11
15
16
9
6
15
17
15
16
9
12
18
9
11
15
10
16
17
7
10
14
14
14
14
14
5
24
16
11
13
19
12
15
11
5
15
9
6
12
9
12
14
8
11
12
7
8
9
4
14
16
10
12
13
13
11
9
12
8
11
6
10
13
10
13
14
13
9
12
9
13
9
7
10
7
12
14
8
7
10
10
11
14
12
10
11
13
11
14
11
14
11
12
5
8
14
9
7
11
14
17
16
5
10
7
13
12
7
17
7
10
13
14
4
14
16
14
19
9
11
12
14
8
11
9
10
9
8
7
12
9
15
10
6
14
7
4
11
11
5
12
9
14
4
12
8
9
7
11
9
13
5
7
6
7
11
11
8
9
14
7
11
7
9
16
5
9
10
8
11
13
9
8
8
7
6
14
14
6
6
16
13
11
10
13
9
11
4
7
6
9
16
7
11
8
10
9
6
14
9
10
10
14
6
5
9
11
9
4
9
2
7
4
9
10
8
15
10
13
8
13
8
11
6
8
7
15
12
5
9
9
8
9
7
4
5
6
15
7
11
9
9
8
6
13
6
12
6
13
12
6
3
9
9
6
6
8
7
8
13
12
3
9
7
12
6
9
6
13
14
12
6
9
7
9
7
11
4
6
8
8
8
8
6
11
9
7
11
8
6
7
8
7
4
6
7
6
10
7
6
11
8
13
10
7
12
5
11
8
15
8
10
7
10
5
6
5
10
12
3
13
11
11
8
6
6
6
15
7
7
6
8
6
7
5
6
14
9
5
9
11
12
9
10
3
7
7
10
6
6
9
11
7
11
6
6
4
10
7
6
13
9
8
8
9
6
11
14
5
7
12
13
2
2
7
7
9
6
11
9
9
12
7
14
7
6
4
14
9
5
8
6
6
7
6
6
3
7
9
16
7
8
12
10
12
7
8
7
9
12
13
10
10
8
8
10
10
10
9
5
8
8
5
12
8
6
11
12
9
5
8
6
7
13
12
7
4
4
7
11
10
13
7
10
11
8
6
7
8
11
6
12
7
4
13
7
5
6
11
7
5
8
4
9
13
5
8
5
5
12
9
8
8
14
9
8
14
5
8
6
10
5
8
11
7
3
5
3
8
5
5
9
8
5
7
8
8
7
7
8
5
7
14
6
11
7
9
11
6
11
7
8
10
4
8
9
7
3
4
7
9
5
7
9
6
7
5
4
6
7
10
1
6
7
11
6
9
8
4
6
7
12
3
9
7
8
7
6
6
2
5
11
6
7
9
8
9
8
6
8
5
9
8
8
8
2
4
12
7
9
10
5
9
10
9
6
6
9
9
9
8
7
4
16
3
8
7
9
2
4
15
12
8
10
7
9
12
7
5
11
8
7
5
4
7
10
6
6
7
5
5
5
10
6
5
4
9
7
8
6
9
6
5
6
8
5
10
7
2
5
7
4
6
8
4
7
11
6
6
9
10
5
5
8
10
10
8
7
7
3
9
4
8
8
11
7
5
8
4
8
9
4
8
11
12
13
11
6
2
5
6
6
10
6
7
9
5
5
6
4
3
7
6
9
6
4
6
6
6
6
4
7
2
6
6
6
1
3
10
9
2
8
10
7
5
3
9
9
5
4
6
8
7
6
8
10
10
10
6
4
4
9
5
12
4
7
7
5
5
11
8
8
9
10
7
6
14
6
8
4
7
6
6
9
6
6
8
7
7
9
7
8
7
6
6
5
4
13
14
2
8
5
3
5
2
10
5
12
4
6
13
4
7
7
5
9
5
7
6
3
8
6
8
7
10
4
5
8
5
11
5
7
8
4
2
7
9
7
7
7
5
10
5
8
8
6
6
4
3
6
3
5
9
6
5
3
8
6
8
4
6
5
8
6
11
9
3
5
13
7
9
4
11
8
10
6
5
4
8
4
4
7
7
6
7
3
10
2
5
4
8
8
9
7
6
8
5
7
6
9
5
4
2
6
5
10
8
4
6
7
2
5
5
5
5
6
7
9
11
9
12
5
6
4
9
7
6
5
4
2
9
5
9
1
6
7
4
5
7
4
10
4
7
7
7
10
4
6
4
5
8
5
3
5
5
2
3
5
9
2
13
6
8
4
8
6
2
8
7
7
6
8
8
7
7
8
7
11
4
2
9
5
8
1
7
9
5
6
6
11
7
8
7
9
7
6
5
5
4
8
2
9
6
9
5
9
4
7
6
6
8
4
8
13
5
6
7
2
7
4
7
8
5
7
6
4
6
6
10
8
6
4
6
6
4
4
3
8
4
7
3
8
6
9
9
3
4
3
3
7
8
8
2
5
2
3
5
5
3
5
8
4
4
9
6
3
4
6
5
3
8
7
7
8
3
3
4
4
2
2
6
2
3
9
6
5
8
3
8
5
13
9
9
12
5
2
6
4
4
7
4
4
5
9
5
4
9
6
3
4
1
7
6
5
4
4
5
7
5
2
4
5
6
3
7
4
6
7
2
4
10
8
8
11
5
4
5
5
7
11
3
5
3
9
4
5
10
5
10
3
2
7
4
5
1
5
5
5
6
10
5
3
9
4
4
10
7
3
4
6
9
5
5
8
3
9
4
6
6
5
6
4
6
6
6
6
7
2
4
6
5
4
5
5
10
8
9
5
4
8
14
6
9
9
7
13
7
9
11
16
14
17
15
22
16
15
34
22
17
34
21
33
43
38
46
32
60
54
51
67
86
85
79
102
96
100
116
119
145
165
151
158
187
151
150
182
178
175
186
217
194
212
201
197
206
228
236
244
263
272
287
262
267
267
279
250
243
226
177
123
78
55
28
16
14
15
9
10
12
13
3
11
11
12
9
10
10
16
22
21
14
18
11
3
2
0
1
0
0
0
0
0
0
0
0
0
0
0
1
0
0
0
1
0
0
0
0
0
0
0
1
0
0
0
0
0
0
0
0
0
0
0
0
0
0
0
0
0
0
0
0
0
0
0
0
0
0
0
0
0
0
0
0
0
0
0
0
0
0
0
0
0
0
0
0
0
0
0
0
0
0
0
0
0
0
0
0
0
0
0
0
0
0
0
0
0
0
0
0
0
0
0
0
0
0
0
0
0
0
0
0
0
0
0
0
0
0
0
0
0
0
0
0
0
0
0
0
0
0
0
0
0
0
0
0
0
0
0
0
0
0
0
0
0
0
0
0
1
0
0
0
0
0
0
0
1
0
0
0
0
0
0
0
1
0
0
0
0
0
0
0
0
0
0
0
0
0
1
0
0
1
0
0
0
0
3
0
0
0
0
0
0
0
0
0
0
0
0
0
0
0
0
1
0
0
0
0
0
0
0
0
1
0
0
0
0
0
0
0
0
0
0
0
0
0
0
0
0
0
0
0
0
0
0
0
0
0
0
0
0
0
0
0
0
0
0
0
0
0
0
0
0
0
0
0
0
0
0
0
0
0
0
0
0
0
0
0
0
0
0
0
0
0
0
0
0
0
0
0
0
0
0
0
0
0
0
0
0
0
0
0
0
0
0
0
0
0
0
0
0
0
0
0
0
0
0
0
0
0
0
0
0
0
0
0
0
0
0
0
0
0
0
0
0
0
0
0
0
0
0
0
0
0
0
0
0
0
0
0
0
0
0
0
0
0
0
0
0
0
0
0
0
0
0
0
0
0
0
0
0
0
0
0
0
0
0
0
0
0
0
0
0
0
0
0
0
0
0
0
0
0
0
0
0
0
0
0
0
0
0
0
0
0
0
0
0
0
0
0
0
0
0
0
0
0
0
0
0
0
0
0
0
0
0
0
0
0
0
0
0
0
0
0
0
0
0
0
0
0
0
0
0
0
0
0
0
0
0
0
0
0
0
0
0
0
0
0
0
0
0
0
0
0
0
0
0
0
0
0
0
0
0
0
0
0
0
0
0
0
0
0
0
0
0
0
0
0
0
0
0
0
0
0
0
0
0
0
0
0
0
0
0
0
0
0
0
0
0
0
0
0
0
0
0
0
0
0
0
0
0
0
0
0
0
0
0
0
0
0
0
0
0
0
0
0
0
0
0
0
0
0
0
0
0
0
0
0
0
0
0
0
0
0
0
0
0
0
0
0
0
0
0
0
0
0
0
0
0
0
0
0
0
0
0
0
0
0
0
0
0
0
0
0
0
0
0
0
0
0
0
0
0
0
0
0
0
0
0
0
0
0
0
0
0
0
0
0
0
0
0
0
0
0
0
0
0
0
0
0
0
0
0
0
0
0
0
0
0
0
0
0
0
0
0
0
0
0
0
0
0
0
0
0
0
0
0
0
0
0
0
0
0
0
0
0
0
0
0
0
0
0
0
0
0
0
0
0
0
0
0
0
0
0
0
0
0
0
0
0
0
0
0
0
0
0
0
0
0
0
0
0
0
0
0
0
0
0
0
0
0
0
0
0
0
0
0
0
0
0
0
0
0
0
0
0
0
0
0
0
0
0
0
0
0
0
0
0
0
0
0
0
0
0
0
0
0
0
0
0
0
0
0
0
0
0
0
0
0
0
0
0
0
0
0
0
0
0
0
0
0
0
0
0
0
0
0
0
0
0
0
0
0
0
0
0
0
0
0
0
0
0
0
0
0
0
0
0
0
0
0
0
0
0
0
0
0
0
0
0
0
0
0
0
0
0
0
0
0
0
0
0
0
0
0
0
0
0
0
0
0
0
0
0
0
0
0
0
0
0
0
0
0
0
0
0
0
0
0
0
0
0
0
0
0
0
0
0
0
0
0
0
0
0
0
0
0
0
0
0
0
0
0
0
0
0
0
0
0
0
0
0
0
0
0
0
0
0
0
0
0
0
0
0
0
0
0
0
0
0
0
0
0
0
0
0
0
0
0
0
0
0
0
0
0
0
0
0
0
0
0
0
0
0
0
0
0
0
0
0
0
0
0
0
0
0
0
0
0
0
0
0
0
0
0
0
0
0
0
0
0
0
0
0
0
0
0
0
0
0
0
0
0
0
0
0
0
0
0
0
0
0
0
0
0
0
0
0
0
0
0
0
0
0
0
0
0
0
0
0
0
0
0
0
0
0
0
0
0
0
0
0
0
0
0
0
0
0
0
0
0
0
0
0
0
0
0
0
0
0
0
0
0
0
0
0
0
0
0
0
0
0
0
0
0
0
0
0
0
0
0
0
0
0
0
0
0
0
0
0
0
0
0
0
0
0
0
0
0
0
0
0
0
0
0
0
0
0
0
0
0
0
0
0
0
0
0
0
0
0
0
0
0
0
0
0
0
0
0
0
0
0
0
0
0
0
0
0
0
0
0
0
0
0
0
0
0
0
0
0
0
0
0
0
0
0
0
0
0
0
0
0
0
0
0
0
0
0
0
0
0
0
0
0
0
0
0
0
0
0
0
0
0
0
0
0
0
0
0
0
0
0
0
0
0
0
0
0
0
0
0
2
1
1
1
0
1
1
0
1
0
1
3
0
1
0
0
0
1
0
0
1
1
0
1
1
0
0
2
0
0
0
0
0
1
0
1
1
0
0
0
0
0
2
0
1
0
0
0
1
0
2
1
1
1
1
1
3
1
1
1
2
1
0
2
2
0
0
0
0
1
1
0
1
1
1
2
5
3
1
1
2
2
1
3
0
2
2
2
3
5
1
2
2
4
1
4
1
1
7
4
3
4
6
4
9
9
8
7
9
11
9
8
13
15
18
11
12
17
15
18
21
25
20
24
27
48
32
