10
16
24
32
41
65
81
127
136
142
155
169
172
151
158
162
165
177
163
145
156
135
145
156
164
151
149
162
149
174
165
146
167
178
178
142
169
176
153
156
152
164
180
153
144
156
160
148
171
165
166
150
193
139
182
169
168
152
174
145
168
160
180
156
170
180
172
189
156
175
162
177
159
161
183
165
142
159
178
139
157
171
140
180
159
169
161
166
142
161
182
164
180
184
189
182
166
161
185
154
148
158
159
167
157
164
177
169
146
147
168
161
185
169
172
181
160
171
156
168
164
174
150
170
154
179
177
182
162
175
168
164
136
200
181
160
178
154
155
172
183
165
161
167
165
184
185
187
168
176
165
185
180
182
181
171
176
173
181
161
165
188
184
174
159
200
166
167
159
188
207
190
189
176
166
173
196
184
159
170
186
167
166
182
184
174
177
163
191
184
146
198
178
183
167
184
200
180
204
148
197
175
167
208
189
189
202
170
195
165
201
153
186
197
146
187
174
166
197
175
179
225
189
179
178
188
206
200
185
179
202
190
193
216
186
208
200
207
180
203
188
186
153
177
195
176
177
237
176
205
196
199
202
226
194
193
197
182
188
190
209
196
181
211
209
189
192
182
214
215
222
206
191
189
205
180
199
213
192
201
223
231
178
196
204
178
182
217
194
187
221
197
191
193
208
214
201
219
181
214
200
203
219
181
196
204
200
204
228
195
224
214
197
181
211
178
210
209
198
192
182
212
190
221
191
189
201
199
201
197
233
188
201
208
200
200
202
175
176
206
195
191
201
215
218
198
199
179
195
210
188
191
217
201
181
202
200
194
207
217
186
207
220
205
164
216
218
186
209
183
193
187
216
185
196
206
197
198
197
187
198
175
196
162
187
200
201
212
184
209
167
198
206
184
182
228
198
197
212
196
164
189
189
185
197
188
205
215
200
189
200
179
204
229
205
177
209
205
205
205
204
187
207
210
201
184
194
190
207
187
178
185
196
176
206
198
190
178
185
220
219
181
204
201
188
219
164
210
208
204
203
211
212
189
198
188
234
187
192
195
190
184
216
201
206
214
184
199
212
225
200
176
192
182
182
207
209
231
223
201
208
166
189
192
215
202
184
206
200
208
220
196
216
214
217
202
213
239
222
193
206
209
193
181
195
215
192
227
172
219
227
219
200
171
205
246
208
210
184
181
210
194
195
191
204
184
176
168
213
212
218
193
202
210
190
176
207
198
192
204
197
202
187
192
197
199
175
223
223
222
194
208
248
197
213
214
215
183
212
216
214
185
221
215
204
211
186
230
202
212
233
212
195
190
217
197
177
207
205
205
209
193
217
192
207
221
239
222
203
209
214
197
205
209
213
222
195
212
210
219
219
213
207
194
236
179
204
199
214
190
212
211
213
197
202
200
201
233
201
200
174
197
208
208
219
237
203
230
198
194
180
209
201
208
209
222
213
191
219
200
191
198
203
192
204
191
198
211
227
198
184
195
198
230
221
195
236
202
223
208
210
211
209
210
208
185
228
199
229
192
213
203
205
225
210
216
230
222
198
198
214
225
193
209
231
237
236
225
208
228
200
205
221
230
212
199
215
207
205
232
225
226
244
187
200
231
238
227
236
222
214
197
183
230
251
240
221
197
209
220
209
229
200
215
208
223
218
221
218
209
236
222
227
247
224
247
212
264
198
219
233
229
193
212
232
221
228
206
216
213
237
252
234
222
255
218
227
237
226
244
223
253
216
240
220
222
249
196
220
229
254
231
222
230
247
238
228
246
232
244
244
243
233
249
257
211
231
223
237
245
223
233
249
247
219
250
236
269
248
266
237
230
256
251
234
242
268
246
265
241
237
239
265
244
262
264
234
259
232
246
247
285
264
242
239
253
274
281
240
251
288
259
264
260
271
279
297
252
252
241
244
243
238
268
248
289
275
258
264
285
251
267
256
256
244
253
267
277
274
291
249
286
279
264
254
256
252
276
281
285
252
258
282
273
253
234
232
246
264
275
273
263
275
260
258
239
264
267
276
300
260
284
248
277
296
304
253
257
252
270
254
301
238
237
274
239
265
241
257
264
279
249
252
244
244
262
245
262
263
239
231
249
226
265
264
237
272
274
260
235
256
247
234
266
255
248
232
258
260
272
278
266
233
264
254
270
234
219
258
245
263
254
221
247
243
269
239
232
248
242
256
246
269
251
208
240
224
236
224
231
230
248
255
270
246
264
256
244
221
224
256
231
243
243
226
253
234
230
236
240
265
253
204
221
238
242
240
229
217
236
227
237
259
232
185
224
235
253
221
236
228
257
235
235
214
241
215
218
235
243
242
263
222
203
241
252
216
222
233
243
210
199
229
209
227
249
250
215
234
215
234
214
221
224
225
242
239
217
227
212
218
196
215
222
216
218
240
210
218
207
228
197
244
238
225
236
223
201
227
224
241
217
222
243
236
242
215
198
197
217
227
218
207
221
236
241
222
237
234
232
237
237
229
221
227
217
227
234
227
207
205
223
220
234
215
198
216
209
222
219
215
226
207
217
190
210
247
226
222
203
218
229
219
204
238
201
199
176
213
217
222
203
245
188
226
198
211
219
221
176
211
216
220
232
180
211
213
234
225
213
220
231
227
215
223
217
223
192
213
198
198
216
196
179
203
209
226
218
207
230
206
224
239
197
187
189
205
189
216
209
203
224
203
199
201
208
207
220
227
221
193
204
194
212
216
198
207
199
217
211
218
198
228
199
236
213
192
197
219
240
197
203
226
212
188
219
218
185
224
217
223
200
214
198
195
219
195
185
209
209
206
229
190
196
201
191
178
218
196
199
181
218
202
202
226
222
201
226
201
210
208
217
194
204
202
202
189
206
226
191
205
186
213
201
217
182
204
201
202
208
196
214
190
207
196
202
210
209
210
205
198
174
185
186
194
203
191
200
183
177
206
203
188
195
234
191
206
194
160
206
206
197
204
185
196
220
199
191
200
217
193
184
173
188
172
172
207
185
196
203
177
192
226
200
197
209
180
196
201
163
200
186
206
228
213
212
213
201
184
185
179
192
188
183
203
169
188
189
195
196
201
182
196
189
192
216
219
203
192
171
208
213
183
194
194
194
173
176
195
214
205
188
189
188
181
182
187
191
181
190
198
190
198
190
181
191
190
196
216
172
175
191
181
200
190
168
205
171
183
190
173
173
191
220
191
187
200
205
211
209
188
179
173
197
182
174
175
172
184
166
190
194
167
187
204
186
219
176
202
179
208
180
178
178
196
179
210
205
190
186
194
198
197
191
190
166
199
194
189
176
154
162
188
165
187
202
208
167
188
188
190
154
165
174
169
180
175
192
209
172
191
200
189
174
175
194
184
184
188
194
187
184
159
194
178
180
202
167
173
165
165
189
177
199
179
183
186
179
180
182
184
180
200
192
166
173
190
181
182
176
193
170
200
187
185
187
178
191
198
161
180
175
177
167
190
172
179
181
183
176
167
180
178
196
176
174
168
188
179
173
171
183
168
155
179
197
172
169
164
168
182
175
189
189
181
170
181
181
165
181
168
167
188
167
173
168
183
164
165
170
174
176
181
165
175
176
168
182
160
164
174
194
165
183
187
187
199
181
180
171
159
188
173
206
173
175
174
166
176
166
165
199
188
155
198
185
176
177
192
165
169
188
176
183
172
141
153
194
182
193
189
158
188
185
170
183
161
173
174
190
202
185
159
166
199
189
175
180
187
175
183
172
180
190
165
156
163
177
170
168
179
148
176
184
173
203
172
162
174
157
175
182
177
182
188
166
177
157
171
184
168
197
146
173
183
178
195
160
190
155
178
172
137
173
159
170
158
217
159
155
181
179
191
171
167
165
195
180
208
181
175
170
152
134
165
180
141
191
179
183
180
197
186
182
171
150
206
196
166
176
167
171
175
209
174
162
174
179
157
179
173
174
147
168
170
180
178
166
166
170
184
153
176
172
188
145
183
167
177
177
178
166
172
167
170
185
154
146
211
175
167
165
159
183
155
164
183
188
146
177
153
177
176
156
155
174
171
159
152
184
174
195
191
155
179
179
187
190
175
172
184
164
166
182
157
172
178
187
167
159
165
166
180
179
170
166
147
191
191
186
179
172
172
177
161
181
176
179
183
177
171
195
159
163
169
192
194
149
178
171
176
198
179
163
175
168
164
169
173
206
141
197
186
190
185
179
162
159
164
165
190
179
180
173
169
185
171
163
195
161
186
176
175
171
160
175
174
159
164
163
171
182
169
189
180
159
176
155
195
177
150
168
179
172
175
172
173
186
194
150
185
163
205
173
176
171
167
166
195
165
175
144
164
171
151
161
182
165
181
161
165
161
165
170
170
185
169
193
184
163
167
160
194
168
183
177
165
170
176
179
157
141
175
156
192
174
193
180
166
180
169
170
152
167
173
140
176
180
177
176
196
171
157
168
185
166
153
161
177
161
204
160
178
165
190
187
176
184
171
147
142
161
165
165
156
174
164
198
172
178
160
170
150
164
178
170
162
166
198
177
185
176
151
171
151
160
181
170
166
146
187
174
155
147
160
167
169
166
164
186
184
146
167
167
166
176
177
164
169
170
167
190
171
179
155
175
175
181
197
169
147
178
171
178
173
152
169
174
187
173
157
170
199
188
162
182
174
179
183
181
168
157
163
181
183
172
170
185
175
189
171
179
168
166
185
182
159
192
189
179
166
176
149
165
193
186
185
172
181
175
199
155
189
190
172
146
181
162
181
176
170
181
167
186
160
153
175
172
181
163
161
198
168
170
164
171
170
177
172
178
161
156
173
176
161
185
175
161
159
155
176
177
170
183
143
154
164
190
177
160
159
163
164
174
190
157
147
159
168
160
171
171
179
160
168
154
170
161
171
194
170
159
151
171
171
162
174
177
179
171
170
177
164
170
179
166
143
191
162
166
159
166
169
176
158
165
160
157
164
180
163
192
175
162
183
185
149
161
178
164
174
172
169
183
170
141
176
150
178
172
184
175
171
159
162
173
156
173
169
146
182
160
167
169
155
180
179
168
177
182
170
194
155
173
170
184
152
155
170
159
161
178
169
176
167
190
212
177
163
156
171
171
166
164
167
159
158
167
172
157
182
169
166
156
156
153
176
161
173
179
165
180
184
157
160
179
203
150
188
174
180
193
161
160
188
188
182
146
183
180
166
169
175
190
148
179
169
191
157
178
184
175
168
169
173
169
165
170
164
166
170
193
167
165
172
177
157
182
195
170
191
162
165
182
170
171
173
172
175
178
167
163
153
197
166
168
175
146
170
172
162
192
185
178
177
159
159
186
177
180
165
183
185
169
166
175
182
173
196
170
174
174
167
174
165
165
185
165
177
167
181
178
173
170
163
171
174
187
146
182
178
176
160
179
155
180
171
160
167
184
177
167
158
189
167
190
162
159
156
160
161
162
167
185
149
175
151
163
195
169
183
171
195
175
163
176
148
165
137
198
190
162
170
181
173
174
164
186
177
183
153
180
159
167
182
160
156
150
180
157
198
187
154
166
189
183
166
178
191
168
175
165
176
175
186
164
176
176
185
170
177
156
185
157
188
175
153
185
165
173
176
184
163
168
176
155
187
160
165
186
192
172
154
152
165
176
133
175
163
169
178
168
179
177
188
171
212
172
183
166
205
165
196
164
151
163
162
177
169
186
160
203
174
196
171
166
176
142
163
163
149
207
189
167
176
177
181
189
192
182
193
174
175
162
164
201
163
177
178
195
164
153
142
184
173
201
147
197
169
155
175
168
174
193
174
196
181
188
171
181
147
182
194
183
183
178
173
191
179
166
174
206
151
180
193
189
150
185
186
185
176
207
151
169
148
159
172
189
193
160
169
166
174
174
182
170
177
200
190
179
202
183
183
179
169
181
175
197
167
147
191
160
161
176
192
177
167
171
181
201
183
180
184
191
178
178
199
183
179
167
189
157
181
163
185
171
161
170
179
177
176
179
175
170
184
193
189
164
172
172
195
184
180
192
191
197
175
163
175
168
171
179
173
173
186
180
180
176
167
171
187
174
158
172
170
168
173
184
176
195
206
182
179
157
159
183
195
178
165
163
162
174
182
167
162
188
198
181
190
162
176
165
184
186
171
176
197
159
179
188
172
195
169
183
159
197
171
190
175
195
180
210
185
171
198
190
190
189
209
201
163
188
164
195
172
190
176
198
186
166
167
176
182
180
170
164
172
198
163
171
180
186
205
195
184
196
203
172
181
163
193
185
182
213
178
186
186
186
176
182
173
195
196
189
182
211
193
177
145
143
173
179
161
177
180
175
177
170
189
171
196
209
185
172
179
172
175
168
195
181
190
170
186
193
168
160
189
200
158
186
166
153
193
180
198
159
197
197
197
179
210
209
160
179
187
187
186
179
190
183
189
197
168
179
187
173
180
208
165
196
193
191
188
154
207
198
192
176
189
218
182
188
210
212
196
198
198
165
205
166
187
179
206
148
194
170
172
201
189
183
182
190
175
215
187
207
175
160
185
187
182
181
193
198
206
179
202
164
177
169
178
185
166
197
196
194
190
175
194
169
185
197
177
190
189
198
172
193
193
217
214
187
193
215
187
193
157
177
193
187
215
195
206
203
209
198
200
192
176
194
190
196
206
169
194
182
172
204
182
184
212
211
179
168
194
186
193
169
181
195
182
185
193
198
215
190
182
179
190
183
192
171
166
160
181
198
166
182
202
182
201
176
160
198
190
176
174
193
198
212
196
188
180
202
187
203
173
193
186
186
187
209
181
189
215
180
169
196
208
206
199
169
194
202
192
169
202
173
183
194
189
204
171
164
221
205
179
190
206
193
170
174
204
200
176
165
182
185
214
219
191
193
190
191
183
196
191
193
179
182
199
208
211
193
202
197
203
194
223
180
193
190
204
198
190
206
204
180
190
184
181
191
186
221
183
208
193
188
212
186
188
204
191
179
205
206
213
191
197
208
190
217
209
182
200
212
196
198
194
193
169
193
183
225
192
214
200
214
214
208
210
216
202
177
209
203
241
217
180
220
205
192
204
206
183
204
183
194
224
206
197
199
195
171
214
198
198
225
204
197
202
191
223
216
213
215
204
191
194
181
198
199
193
209
211
206
209
190
187
233
196
187
204
190
206
223
184
224
216
191
211
201
209
212
204
195
215
207
187
209
214
200
211
219
203
235
197
205
224
203
196
201
175
216
222
205
185
221
213
200
216
213
205
217
194
206
198
207
199
202
196
231
203
199
199
193
206
230
212
211
221
193
221
217
210
224
232
203
230
191
206
215
224
207
196
183
208
202
173
193
199
203
216
190
225
207
194
218
213
214
204
208
210
211
229
211
224
196
175
215
190
189
204
199
211
235
217
206
191
211
212
215
194
206
233
202
201
195
190
220
189
203
204
211
229
216
209
187
226
196
202
223
212
227
241
203
201
211
199
185
209
180
205
207
213
227
224
223
202
209
228
174
202
218
211
212
198
214
224
222
219
222
196
215
215
183
186
221
190
203
218
236
231
224
221
212
156
221
203
228
204
228
212
196
217
212
214
190
220
203
197
219
223
206
193
236
194
210
183
205
209
197
195
208
246
211
205
221
233
222
220
215
224
191
247
216
229
220
206
205
193
231
197
218
212
203
207
211
248
206
250
237
193
219
174
210
228
236
216
201
228
216
229
196
204
209
220
207
220
208
191
226
214
200
218
204
237
217
212
201
180
200
201
214
206
209
205
234
199
215
196
207
198
198
205
195
211
241
190
204
206
227
198
226
211
222
222
196
211
224
223
203
219
227
225
236
213
200
206
178
201
228
198
208
198
197
187
197
221
213
229
223
225
210
215
212
184
213
202
220
203
201
220
225
219
216
209
169
199
210
205
186
202
217
210
216
200
204
186
238
212
186
199
196
207
219
218
217
191
219
212
185
196
213
207
231
214
203
193
194
205
239
207
198
179
200
204
198
214
208
164
197
206
196
206
215
216
210
193
191
170
185
217
216
208
188
202
188
210
206
225
208
217
188
207
179
208
193
220
190
198
211
203
212
205
199
187
199
214
185
186
203
183
187
199
190
172
189
207
188
173
174
191
195
215
189
185
182
201
177
197
196
219
206
190
185
226
197
197
192
196
190
203
200
206
173
210
180
190
199
209
188
187
194
180
196
198
204
178
199
190
223
204
183
198
177
189
201
184
139
203
179
209
198
173
188
179
172
181
187
185
190
194
178
159
165
171
194
204
178
184
190
174
184
173
174
189
185
163
184
194
175
184
204
179
189
183
175
174
166
175
166
176
160
170
194
161
178
186
162
174
149
197
189
185
178
179
190
165
183
168
163
155
162
150
158
150
205
154
179
179
171
142
187
187
174
161
153
172
160
168
185
171
206
169
175
146
161
152
148
173
169
170
159
172
180
159
145
157
171
170
163
179
155
194
143
146
196
167
173
125
153
145
176
162
155
149
159
158
157
166
150
159
164
157
169
156
179
178
152
151
164
173
172
162
179
158
160
159
170
160
175
178
139
169
171
160
137
137
161
158
139
153
121
132
146
173
146
173
133
168
146
159
159
146
152
163
150
148
150
142
159
155
155
166
138
146
143
165
136
161
172
141
172
142
146
139
152
142
135
151
158
142
152
159
138
168
129
166
144
142
143
153
133
159
164
147
135
151
146
144
143
155
133
144
150
146
133
141
147
147
166
152
155
134
141
139
130
165
151
141
145
149
139
128
130
146
164
156
160
142
153
147
146
127
139
137
121
156
125
149
153
137
147
146
130
150
135
143
133
143
139
138
128
150
151
140
142
139
125
127
138
141
149
106
155
137
130
142
143
114
126
120
160
142
145
155
157
145
142
136
120
123
134
136
155
126
151
128
109
119
132
133
111
133
137
165
119
158
143
118
110
125
120
134
118
137
126
127
153
119
136
125
131
132
143
125
142
136
147
151
137
126
120
137
144
162
121
139
126
133
110
133
144
128
135
135
152
138
142
127
132
126
127
141
136
144
128
134
165
131
156
122
127
155
128
132
151
110
128
135
145
133
126
135
129
123
141
112
114
117
124
132
138
133
123
119
134
125
109
111
108
137
143
143
137
129
126
141
142
137
133
142
115
117
120
132
120
128
131
144
126
130
115
152
143
135
137
140
132
139
132
147
141
132
114
130
138
124
139
121
103
130
134
142
123
122
141
123
146
132
124
115
134
134
134
117
131
134
128
137
153
136
117
116
133
121
133
130
141
160
128
128
133
116
125
124
131
114
129
132
139
119
121
134
134
123
111
124
135
109
122
148
129
118
136
121
127
120
108
121
121
132
124
148
119
127
137
134
115
162
129
111
136
112
121
96
129
139
131
142
115
129
144
117
129
120
132
146
144
119
129
131
139
124
116
113
126
131
144
136
145
123
133
146
125
110
114
135
119
124
123
109
122
117
115
129
142
145
143
131
137
142
124
120
143
121
141
138
127
132
112
129
140
124
110
135
136
134
119
112
134
130
139
115
131
132
158
142
130
120
145
136
145
135
126
150
146
126
122
132
133
148
155
128
133
131
128
144
132
133
135
135
162
134
155
158
115
141
171
142
145
158
157
129
135
145
141
146
143
147
191
164
158
141
160
132
158
160
131
148
150
133
165
132
162
163
139
145
165
136
150
164
135
165
142
159
156
168
170
184
150
161
155
175
167
162
167
163
179
172
165
166
169
168
161
159
178
165
174
181
189
177
156
177
175
170
188
176
194
191
178
196
167
188
190
167
190
193
210
186
216
199
231
189
177
168
208
198
179
197
162
212
245
167
196
207
224
195
214
213
202
214
209
212
202
213
201
210
219
210
199
220
216
246
210
224
218
224
234
215
219
208
247
222
219
229
243
222
259
244
211
228
241
268
246
259
245
244
259
243
247
285
266
258
261
274
275
253
285
276
281
275
279
294
274
255
259
298
271
277
263
263
280
300
285
281
302
263
323
299
303
285
323
306
319
305
313
301
317
285
337
295
324
331
319
346
322
335
313
358
323
324
310
344
323
308
342
348
322
352
353
327
386
346
358
366
318
358
337
365
386
369
348
349
377
381
333
376
378
383
367
354
378
360
367
406
384
407
377
367
391
410
388
419
386
380
384
382
396
391
424
410
407
398
419
393
421
419
430
443
360
402
405
407
431
395
369
387
405
377
404
408
384
417
387
446
410
411
410
404
436
429
430
433
397
442
459
431
435
448
410
400
425
427
455
423
460
433
421
410
405
447
421
449
428
403
434
451
426
405
420
429
431
371
464
435
429
419
442
455
409
431
411
417
434
448
424
446
416
422
426
410
427
429
432
439
437
409
429
405
419
412
428
458
452
390
392
405
449
414
420
402
410
403
380
391
413
380
401
384
414
421
371
347
423
407
389
360
395
395
407
363
409
354
364
375
367
368
376
376
399
399
385
372
334
364
363
392
375
335
337
349
373
351
365
348
381
331
331
349
331
329
333
353
308
328
324
357
342
310
322
310
337
334
333
300
308
307
304
316
267
271
316
316
346
295
312
254
299
280
304
293
276
302
307
249
268
277
266
276
257
244
276
255
261
262
274
242
229
242
225
218
234
213
237
252
214
266
247
202
234
213
219
214
198
205
214
213
202
227
205
201
199
178
189
191
185
202
162
188
208
191
154
181
182
189
164
164
178
180
196
167
180
181
189
155
166
182
166
162
137
163
168
140
153
147
153
155
124
142
143
135
143
158
124
118
134
124
137
132
136
150
122
154
141
143
121
122
98
129
126
117
118
124
117
100
123
115
125
108
105
121
107
123
107
125
96
107
101
103
93
102
91
116
102
92
94
83
99
90
110
92
95
105
88
88
92
100
95
87
109
95
95
85
84
90
94
96
80
95
95
103
81
98
94
85
92
93
91
83
109
92
88
96
85
81
76
74
64
92
92
99
94
95
89
92
111
97
91
99
109
103
97
93
97
89
103
105
85
100
100
91
93
103
91
93
99
104
86
93
87
89
102
115
98
107
105
115
94
95
102
94
106
116
91
99
115
100
98
112
107
92
114
122
105
95
129
110
111
115
108
113
116
113
107
100
122
103
148
86
119
118
111
134
119
138
139
151
143
133
127
144
127
146
138
122
130
126
139
116
144
146
139
142
154
138
131
157
159
144
140
145
136
177
161
147
154
153
181
144
132
144
156
176
141
158
147
175
171
164
151
163
161
172
180
171
170
148
165
169
165
189
177
185
177
176
169
198
173
175
171
191
172
192
183
196
176
182
217
206
173
196
183
161
205
174
219
219
218
193
203
221
230
190
219
209
198
241
223
222
228
226
236
206
228
228
215
232
217
236
195
247
205
234
224
246
234
262
235
248
233
224
256
275
241
253
257
269
267
239
248
238
284
248
247
261
275
286
272
269
233
256
284
258
277
263
262
272
288
246
276
271
302
269
282
296
282
285
307
272
321
300
293
279
312
325
313
297
280
285
293
294
298
315
287
343
295
289
307
314
321
326
312
321
327
304
308
337
320
301
364
281
340
330
330
347
300
319
331
328
333
310
306
360
338
355
353
326
297
360
348
314
328
340
337
291
344
347
367
317
324
345
333
350
351
330
331
320
318
361
333
309
342
331
341
328
355
346
354
340
341
332
349
335
375
367
378
328
334
347
351
378
358
341
355
302
331
309
341
374
325
313
340
359
365
331
344
344
345
335
333
313
380
337
344
343
331
308
330
307
294
326
303
320
309
317
346
312
306
312
307
325
317
322
302
304
343
322
298
307
336
296
280
278
292
281
309
275
255
305
336
295
315
303
295
266
295
287
260
261
328
260
290
266
271
240
273
275
268
271
277
269
299
265
265
255
257
236
279
249
280
242
255
254
251
234
239
205
259
243
234
237
254
237
253
252
202
229
218
201
221
234
225
200
226
210
222
198
230
214
208
185
188
205
196
235
196
179
198
182
195
181
192
195
177
177
169
214
155
187
164
169
158
188
172
156
158
192
155
171
173
167
159
145
148
144
163
173
140
154
153
150
153
146
147
164
142
123
148
151
128
137
146
104
121
129
118
130
121
121
105
137
129
128
112
105
95
120
105
86
103
118
104
111
98
99
88
93
115
86
89
93
100
94
92
80
71
85
74
79
80
76
73
79
75
74
93
81
80
66
71
73
73
66
64
69
75
69
61
74
58
58
49
51
53
85
52
47
56
62
56
47
60
37
53
62
46
63
54
46
50
53
51
36
42
45
51
48
47
34
39
38
51
51
47
51
51
40
45
47
29
24
31
33
37
36
30
41
33
39
37
34
34
32
31
29
26
41
40
30
26
26
27
28
28
27
34
28
17
28
25
20
26
25
24
16
20
21
26
18
25
18
26
18
24
23
19
23
16
21
17
18
14
19
22
19
21
18
20
25
15
20
17
15
14
10
14
19
13
16
16
9
15
8
9
11
16
17
12
20
14
12
15
16
7
12
12
12
13
12
10
16
8
12
8
13
11
10
11
16
8
10
9
8
13
6
8
11
13
12
15
12
9
6
15
13
7
6
5
9
12
8
7
14
11
10
18
4
9
7
7
6
11
5
9
10
9
12
6
14
11
15
9
9
12
8
6
9
9
10
6
9
4
6
14
9
7
3
8
10
8
12
4
5
9
7
6
6
7
5
6
5
8
8
9
4
11
4
6
9
6
5
10
2
7
8
3
4
7
3
5
8
2
4
12
6
6
1
6
6
9
7
3
2
4
5
4
8
3
2
11
4
8
5
6
3
5
5
9
8
3
8
4
6
2
3
7
7
5
7
4
7
8
5
3
3
5
5
7
5
4
4
1
5
5
3
6
4
5
3
5
2
8
6
3
4
5
6
5
6
7
6
2
8
4
5
5
8
9
8
5
7
5
6
3
8
2
4
5
4
4
1
6
8
4
5
1
7
11
2
3
5
2
5
5
6
5
4
6
7
5
2
4
3
3
5
4
5
4
3
2
5
6
9
2
6
2
6
5
5
2
1
6
7
4
5
4
3
8
1
6
1
7
2
5
3
1
2
1
4
4
3
8
7
5
4
4
3
5
6
1
3
3
2
7
1
2
1
2
3
1
1
4
3
3
7
4
5
4
4
7
5
4
4
6
5
5
2
8
3
2
1
5
3
3
1
4
4
3
3
3
6
4
0
3
1
4
2
3
3
4
1
2
2
5
3
1
3
2
4
2
3
5
1
0
1
3
1
4
8
3
1
1
3
6
4
3
0
0
3
4
6
1
4
4
5
4
2
3
3
3
7
4
2
1
2
5
1
4
4
6
4
4
1
3
3
2
4
2
3
3
5
2
1
2
3
4
1
5
4
2
3
4
3
3
0
4
3
4
4
5
5
3
5
1
3
4
1
5
1
2
0
6
1
1
5
5
1
5
3
6
1
4
7
1
3
5
2
3
3
5
2
4
1
6
3
2
5
6
4
4
2
0
8
5
2
3
4
1
2
2
3
1
3
4
4
1
3
3
3
2
3
3
2
2
0
2
5
9
7
2
2
3
3
1
2
4
2
1
3
5
3
4
2
2
2
2
3
2
5
6
5
2
1
3
8
2
3
3
3
3
3
4
5
3
3
2
3
2
4
3
0
2
4
1
0
3
1
4
2
1
3
3
4
4
3
3
7
2
4
1
3
1
5
3
4
2
5
1
1
3
4
6
2
1
2
5
2
1
2
1
2
7
1
1
3
2
4
6
3
2
3
4
0
2
1
4
3
2
1
2
0
4
1
4
3
3
1
5
1
4
1
4
4
2
4
2
4
2
1
4
1
2
2
2
2
1
5
5
2
0
8
1
4
2
3
6
3
2
1
2
1
2
0
1
2
1
0
2
5
1
2
1
4
3
5
3
4
5
2
3
4
5
0
3
3
1
4
0
6
2
5
0
3
3
2
6
5
4
5
2
0
6
4
4
1
4
5
4
0
1
5
0
2
1
1
3
3
2
4
3
5
6
2
3
1
4
3
4
3
2
5
1
6
2
2
2
3
5
2
2
8
3
4
3
4
1
2
4
0
3
3
0
7
1
3
6
3
1
3
2
2
1
2
1
2
3
1
3
0
2
4
2
5
2
6
1
3
2
3
1
3
4
3
3
0
0
0
3
2
5
1
0
1
3
1
1
3
3
4
1
6
1
0
6
4
1
2
2
2
1
2
3
0
3
4
1
2
2
2
5
2
3
1
1
2
1
3
4
1
3
4
3
3
1
4
2
4
3
4
3
2
4
3
1
2
2
6
3
1
3
0
4
1
3
1
1
2
3
2
0
3
2
0
2
4
3
0
1
1
1
4
0
2
5
2
2
2
1
3
3
2
5
4
0
3
2
2
3
3
1
4
1
2
1
4
1
4
4
2
1
2
1
3
3
3
4
2
1
1
1
1
0
5
3
2
0
0
1
3
1
3
0
2
4
3
2
1
1
1
1
1
1
3
2
5
2
2
3
1
6
4
2
3
3
3
1
3
1
3
4
4
1
2
3
2
2
3
2
0
3
2
2
1
2
3
1
1
4
4
0
5
5
0
2
3
4
2
4
3
1
2
2
1
4
3
3
3
4
1
3
3
2
0
0
2
1
3
3
3
0
2
4
0
1
2
0
2
1
4
2
5
1
3
3
1
2
1
3
4
1
3
1
1
2
2
0
5
4
1
0
4
3
1
3
5
2
2
1
1
1
2
5
1
1
1
1
3
2
4
2
0
4
1
3
2
1
5
0
3
0
1
1
3
4
1
2
1
4
5
1
2
4
2
4
1
0
4
2
2
4
2
0
4
4
2
2
4
3
3
5
4
1
1
1
3
1
0
0
1
1
0
1
1
4
1
2
5
1
3
1
0
2
1
2
3
1
1
1
2
2
1
2
5
1
0
1
1
1
1
4
1
2
5
1
2
3
2
2
0
2
2
1
7
2
0
1
0
4
0
2
3
1
1
2
3
2
2
3
3
1
0
2
0
5
4
4
2
2
4
2
3
1
1
1
3
2
2
2
2
0
4
1
1
0
2
3
1
3
2
3
2
3
2
4
1
3
1
2
3
3
1
3
1
3
6
3
0
3
4
1
5
0
2
2
1
1
3
4
3
2
2
1
1
4
3
3
1
4
2
2
3
3
3
0
2
1
1
3
2
3
2
0
3
2
2
1
0
2
1
4
1
1
1
1
0
2
2
3
2
0
3
1
3
1
1
3
0
2
0
2
2
2
6
5
4
2
3
1
0
1
2
1
1
4
2
1
1
4
2
1
3
1
1
0
2
2
3
2
2
2
1
3
3
3
0
1
0
0
2
3
1
1
0
2
2
4
3
2
2
3
2
2
4
2
1
2
2
3
3
2
3
3
2
3
1
0
2
3
5
2
3
2
2
6
1
0
1
1
3
3
1
1
0
4
4
1
1
1
1
1
2
2
5
2
2
1
2
5
3
1
0
1
2
1
2
2
3
1
4
2
2
1
0
3
2
2
0
2
0
0
1
2
8
3
2
1
2
0
0
2
0
2
2
1
1
4
3
1
2
0
3
4
3
4
7
8
3
6
8
13
15
7
8
6
14
17
15
19
21
33
24
21
34
37
51
43
48
48
47
49
53
64
66
58
51
62
69
68
68
75
62
68
82
72
75
103
77
84
97
94
98
101
98
96
94
74
66
41
23
28
15
10
3
5
2
6
2
4
2
3
11
5
2
4
5
7
11
16
16
13
6
5
0
0
0
1
0
0
0
0
0
0
0
0
0
0
0
0
0
0
0
0
0
0
0
0
0
0
0
0
0
0
0
0
0
0
0
0
0
0
0
0
0
0
0
0
0
0
0
0
0
0
0
0
0
0
0
0
0
0
0
0
0
0
0
0
0
0
0
0
0
0
0
0
0
0
0
0
0
0
0
0
0
0
0
0
0
0
0
0
0
0
0
0
0
0
0
0
0
0
0
0
0
0
0
0
0
0
0
0
0
0
1
0
0
0
0
0
0
0
0
0
0
0
0
0
0
0
0
0
0
0
0
0
0
0
0
0
0
0
0
0
0
0
0
0
0
0
0
0
0
0
0
0
0
0
0
0
0
0
0
0
0
0
0
0
1
0
0
0
0
0
0
0
0
0
0
0
0
0
0
0
0
0
0
0
0
0
0
0
0
0
0
0
0
0
0
0
0
0
0
0
0
0
0
0
0
0
0
0
0
0
0
0
0
0
0
0
0
0
0
0
0
0
0
0
0
0
0
0
0
0
0
0
0
0
0
0
0
0
0
0
0
0
0
0
0
0
0
0
0
0
0
0
0
0
0
0
0
0
0
0
0
0
0
0
0
0
0
0
0
0
0
0
0
0
0
0
0
0
0
0
0
0
0
0
0
0
0
0
0
0
0
0
0
0
0
0
0
0
0
0
0
0
0
0
0
0
0
0
0
0
0
0
0
0
0
0
0
0
0
0
0
0
0
0
0
0
0
0
0
0
0
0
0
0
0
0
0
0
0
0
0
0
0
0
0
0
0
0
0
0
0
0
0
0
0
0
0
0
0
0
0
0
0
0
0
0
0
0
0
0
0
0
0
0
0
0
0
0
0
0
0
0
0
0
0
0
0
0
0
0
0
0
0
0
0
0
0
0
0
0
0
0
0
0
0
0
0
0
0
0
0
0
0
0
0
0
0
0
0
0
0
0
0
0
0
0
0
0
0
0
0
0
0
0
0
0
0
0
0
0
0
0
0
0
0
0
0
0
0
0
0
0
0
0
0
0
0
0
0
0
0
0
0
0
0
0
0
0
0
0
0
0
0
0
0
0
0
0
0
0
0
0
0
0
0
0
0
0
0
0
0
0
0
0
0
0
0
0
0
0
0
0
0
0
0
0
0
0
0
0
0
0
0
0
0
0
0
0
0
0
0
0
0
0
0
0
0
0
0
0
0
0
0
0
0
0
0
0
0
0
0
0
0
0
0
0
0
0
0
0
0
0
0
0
0
0
0
0
0
0
0
0
0
0
0
0
0
0
0
0
0
0
0
0
0
0
0
0
0
0
0
0
0
0
0
0
0
0
0
0
0
0
0
0
0
0
0
0
0
0
0
0
0
0
0
0
0
0
0
0
0
0
0
0
0
0
0
0
0
0
0
0
0
0
0
0
0
0
0
0
0
0
0
0
0
0
0
0
0
0
0
0
0
0
0
0
0
0
0
0
0
0
0
0
0
0
0
0
0
0
0
0
0
0
0
0
0
0
0
0
0
0
0
0
0
0
0
0
0
0
0
0
0
0
0
0
0
0
0
0
0
0
0
0
0
0
0
0
0
0
0
0
0
0
0
0
0
0
0
0
0
0
0
0
0
0
0
0
0
0
0
0
0
0
0
0
0
0
0
0
0
0
0
0
0
0
0
0
0
0
0
0
0
0
0
0
0
0
0
0
0
0
0
0
0
0
0
0
0
0
0
0
0
0
0
0
0
0
0
0
0
0
0
0
0
0
0
0
0
0
0
0
0
0
0
0
0
0
0
0
0
0
0
0
0
0
0
0
0
0
0
0
0
0
0
0
0
0
0
0
0
0
0
0
0
0
0
0
0
0
0
0
0
0
0
0
0
0
0
0
0
0
0
0
0
0
0
0
0
0
0
0
0
0
0
0
0
0
0
0
0
0
0
0
0
0
0
0
0
0
0
0
0
0
0
0
0
0
0
0
0
0
0
0
0
0
0
0
0
0
0
0
0
0
0
0
0
0
0
0
0
0
0
0
0
0
0
0
0
0
0
0
0
0
0
0
0
0
0
0
0
0
0
0
0
0
0
0
0
0
0
0
0
0
0
0
0
0
0
0
0
0
0
0
0
0
0
0
0
0
0
0
0
0
0
0
0
0
0
0
0
0
0
0
0
0
0
0
0
0
0
0
0
0
0
0
0
0
0
0
0
0
0
0
0
0
0
0
0
0
0
0
0
0
0
0
0
0
0
0
0
0
0
0
0
0
0
0
0
0
0
0
0
0
0
0
0
0
0
0
0
0
0
0
0
0
0
0
0
0
0
0
0
0
0
0
0
0
0
0
0
0
0
0
0
0
0
0
0
0
0
0
0
0
0
0
0
0
0
0
0
0
0
0
0
0
0
0
0
0
0
0
0
0
0
0
0
0
0
0
0
0
0
0
0
0
0
0
0
0
0
0
0
0
0
0
0
0
0
0
0
0
0
0
0
0
0
0
0
0
0
0
0
0
0
0
0
0
0
0
0
0
0
0
0
0
0
0
0
0
0
0
0
0
0
0
0
0
0
0
0
0
0
0
0
0
0
0
0
0
0
0
1
0
1
1
0
0
1
0
0
0
0
0
0
1
0
0
0
0
0
0
0
1
0
0
0
0
0
0
0
0
0
0
0
1
0
0
0
0
1
0
1
0
0
0
1
0
0
0
0
1
0
0
0
1
0
2
0
0
0
0
0
0
1
0
1
0
2
0
1
0
0
0
0
0
2
2
1
0
0
2
0
0
1
1
0
0
1
1
0
0
1
2
0
1
1
1
3
2
2
0
1
0
3
3
1
1
1
3
0
2
2
1
4
5
4
2
5
4
4
5
4
3
4
10
13
11
