43
40
29
32
25
18
18
16
16
23
20
24
30
28
47
36
43
48
48
61
62
69
78
81
80
119
117
128
152
158
151
202
185
217
207
261
236
259
265
278
298
268
273
275
269
270
249
217
192
240
199
194
192
179
191
209
206
186
243
227
244
272
304
333
332
333
375
333
389
412
407
428
394
372
377
341
329
357
334
319
304
328
284
281
303
299
279
314
289
333
299
283
292
270
268
271
258
241
190
190
167
161
138
122
103
118
100
86
84
57
50
53
51
50
52
43
42
54
43
56
36
33
40
33
41
34
49
53
51
51
62
57
68
69
58
67
72
80
74
99
94
101
100
117
108
121
117
148
150
158
168
190
189
205
224
233
199
233
261
272
272
322
291
321
313
357
320
325
404
376
416
420
412
451
389
459
450
484
531
543
542
558
574
583
590
615
622
638
732
717
809
760
802
852
952
985
989
1024
1083
1122
1185
1235
1319
1355
1441
1476
1560
1628
1659
1695
1811
1805
1870
1922
1974
1938
2059
2016
2069
2034
2140
2024
2084
2042
2114
2119
2036
1947
2004
1966
1848
1726
1784
1669
1603
1486
1493
1332
1292
1289
1236
1065
1005
893
846
806
766
687
679
567
550
476
469
412
335
328
270
270
257
198
167
149
137
117
126
90
73
80
63
82
59
51
46
42
51
44
27
27
20
25
27
25
30
19
25
21
27
16
17
19
14
24
28
28
22
21
29
24
13
17
25
13
19
17
18
14
21
15
25
11
13
10
21
17
16
16
11
12
22
17
20
23
24
13
10
15
12
20
13
18
13
16
15
20
12
18
18
17
11
13
19
14
12
12
12
8
10
9
20
15
13
15
14
16
11
18
17
17
16
16
9
13
15
11
13
13
14
14
12
14
9
14
11
16
6
13
11
14
9
15
17
13
10
15
15
12
15
13
13
20
18
6
14
12
15
14
19
10
8
13
12
12
11
14
9
15
12
10
7
9
9
6
15
14
7
14
14
15
13
10
10
5
12
11
11
16
8
9
10
8
9
13
7
11
8
13
11
11
11
11
11
7
17
7
19
10
6
10
9
14
9
14
9
5
7
9
11
16
13
9
10
9
14
8
10
14
10
10
10
17
9
11
18
18
15
6
13
12
13
11
17
16
10
12
9
8
12
8
22
9
9
7
7
8
21
19
8
9
12
7
15
21
9
5
11
10
15
10
9
16
9
5
11
13
12
12
8
11
7
8
9
9
20
5
5
12
12
13
10
7
8
9
7
4
20
10
7
12
8
10
10
10
3
6
10
10
7
15
12
9
6
7
7
14
8
9
12
14
8
11
10
9
10
7
8
11
10
6
8
6
8
6
6
9
6
11
8
5
10
7
13
12
9
8
12
12
8
14
13
10
5
12
2
5
12
3
13
7
10
9
9
12
7
6
5
7
7
5
7
9
10
8
9
4
9
13
11
11
5
10
10
11
10
13
12
15
8
10
12
6
11
13
7
7
9
15
5
9
8
9
9
5
2
5
6
4
6
12
5
12
15
11
6
13
9
12
11
6
7
8
5
12
5
6
13
6
9
7
7
2
9
7
7
12
9
6
6
6
6
7
8
12
8
10
10
10
9
7
1
6
5
6
10
7
7
11
7
5
8
8
11
8
7
7
6
5
11
5
6
4
13
5
8
3
14
8
8
9
7
7
3
12
9
12
5
7
11
14
15
5
9
14
6
9
9
9
13
7
12
5
13
13
15
5
11
13
10
8
11
4
10
13
3
9
3
6
13
7
8
12
13
7
9
3
9
13
9
9
7
13
5
7
8
7
14
12
11
1
12
9
6
8
5
7
13
5
9
5
2
7
5
9
8
6
5
4
8
4
6
5
9
2
10
7
1
5
6
8
3
8
8
2
10
11
8
7
8
11
5
10
10
10
5
7
7
10
10
7
5
12
7
10
8
10
11
3
7
7
4
8
7
8
8
4
7
9
5
6
4
7
5
13
8
14
10
9
7
7
6
7
8
9
7
7
8
8
4
6
4
9
12
12
6
7
6
11
3
9
9
7
6
12
5
6
11
12
10
10
7
9
5
9
9
3
12
1
9
8
6
7
6
6
10
11
12
9
8
8
6
9
4
3
8
7
8
9
6
5
5
7
7
6
4
5
6
7
7
3
6
8
4
5
5
5
3
7
4
5
9
9
10
1
8
2
5
9
14
9
6
8
6
10
10
6
5
8
10
8
8
5
7
6
7
7
4
3
4
6
4
10
4
6
9
12
7
9
5
4
11
9
7
7
3
5
9
7
3
13
2
3
10
6
6
7
12
5
7
4
9
7
8
4
3
7
5
4
3
6
4
6
4
3
7
4
5
4
8
9
4
6
4
9
5
10
7
6
5
8
5
5
5
7
2
7
9
4
6
7
7
6
7
2
5
8
6
9
2
5
3
7
7
5
8
4
6
3
7
7
8
8
6
5
3
8
3
5
5
13
6
4
8
6
4
7
5
8
5
10
7
7
8
4
7
6
5
4
7
3
5
3
11
5
9
7
5
7
4
8
5
4
6
8
6
6
1
3
4
2
5
7
7
9
7
3
4
3
5
5
3
7
3
4
2
0
3
8
5
3
3
7
3
3
6
2
6
5
4
9
4
5
8
10
6
3
3
3
3
4
4
7
3
4
6
4
3
6
4
5
8
8
7
2
3
6
6
2
4
1
8
2
5
8
5
7
6
3
3
5
7
8
5
4
6
11
7
7
5
3
10
5
7
7
7
4
2
3
6
2
8
4
6
6
4
2
4
0
2
8
7
2
3
7
7
4
3
4
9
3
5
4
7
0
5
6
2
3
5
8
3
3
7
3
9
2
4
5
8
9
3
5
1
7
6
7
2
4
3
4
5
8
3
2
5
3
3
4
6
5
5
2
5
8
3
10
3
5
3
3
2
5
5
7
6
3
4
3
1
1
3
4
7
6
5
4
3
4
5
6
7
2
3
5
4
10
1
3
5
4
4
1
8
2
2
6
3
4
8
5
6
5
6
5
3
5
4
8
5
0
7
4
5
4
6
3
4
3
1
6
4
6
5
7
3
6
3
5
4
4
5
5
6
5
9
1
1
1
4
3
4
3
3
4
4
1
2
1
4
2
3
3
3
4
1
4
4
0
11
6
5
1
5
4
6
4
3
5
5
4
1
3
8
4
3
2
4
2
5
5
8
3
6
7
4
3
5
3
6
3
4
5
2
2
2
5
3
3
1
4
5
2
6
6
3
4
4
3
3
1
0
6
7
4
6
5
4
1
4
6
2
3
2
3
3
4
4
6
2
7
7
3
3
3
8
2
2
7
1
4
2
4
6
5
3
3
4
5
2
2
3
2
5
2
3
4
4
3
3
0
5
1
5
4
3
4
4
2
7
3
2
5
6
4
2
3
2
4
3
2
3
3
5
4
1
6
5
5
4
3
2
5
3
2
1
3
2
1
6
4
6
3
2
3
4
2
6
1
3
2
7
3
1
2
6
2
3
3
2
6
6
4
3
2
4
6
5
0
1
4
1
4
2
1
2
4
2
4
6
3
6
1
2
1
3
3
4
6
2
8
7
3
3
3
3
1
3
4
3
2
1
4
5
4
3
3
3
4
5
2
3
2
1
3
2
2
5
0
4
5
6
3
3
3
4
1
3
2
5
4
3
5
2
1
3
3
3
4
4
3
1
2
4
2
4
1
2
2
4
1
3
4
4
8
4
4
4
4
2
6
1
3
3
3
7
4
1
1
3
0
3
5
4
6
3
1
4
3
2
2
4
8
2
4
3
5
1
5
2
4
4
3
2
3
2
2
1
3
3
3
3
3
1
5
1
3
1
1
2
2
2
3
4
3
2
2
5
3
3
3
4
4
2
2
4
1
3
4
5
6
2
0
4
5
4
2
1
1
1
1
1
3
1
1
1
2
2
6
4
1
2
7
1
4
3
3
1
3
4
3
4
4
5
6
4
2
0
4
1
2
0
1
3
2
2
2
1
3
4
3
2
2
2
1
2
6
4
2
2
4
4
5
1
7
2
2
0
2
1
3
2
1
1
3
6
2
1
2
4
5
1
2
1
0
4
4
2
3
4
2
0
2
0
3
1
3
3
2
2
3
1
3
0
1
1
2
2
2
0
3
3
2
1
2
1
2
1
3
1
1
3
2
1
3
3
1
3
3
1
2
2
1
7
4
2
5
2
2
3
1
3
1
2
4
4
0
2
3
2
1
2
6
5
1
3
2
1
0
1
3
2
2
2
0
4
3
2
3
3
1
4
3
3
2
6
2
2
5
2
3
4
2
1
0
0
3
4
2
2
1
2
3
0
4
3
4
2
1
1
1
4
2
4
1
1
5
2
0
4
3
3
0
1
6
2
4
2
3
5
4
3
3
3
3
4
2
5
1
2
2
3
4
2
4
2
3
1
1
0
1
0
3
3
3
2
2
5
5
7
2
2
0
2
4
2
0
3
3
0
3
2
2
2
2
2
2
1
2
3
2
0
2
2
1
5
1
2
2
1
2
1
3
2
1
2
2
3
0
0
6
2
2
6
2
0
3
6
4
3
6
3
1
5
3
5
4
3
3
1
4
0
2
1
6
1
3
0
3
0
3
2
5
4
1
3
0
4
3
0
1
3
3
4
5
0
2
2
0
0
2
1
3
2
4
1
1
2
2
3
4
1
2
3
1
1
1
2
1
1
1
1
2
1
3
2
2
1
2
0
5
2
4
2
2
0
5
1
1
2
4
3
2
1
2
1
0
7
3
2
4
2
2
1
2
3
4
0
2
1
7
2
5
2
1
2
1
6
1
1
1
1
2
0
2
2
4
4
0
3
1
2
2
2
2
3
5
0
1
4
3
1
6
2
1
2
0
4
0
3
1
4
5
0
2
0
1
5
1
4
2
6
3
3
1
0
2
2
3
6
1
2
3
1
1
2
0
3
2
1
2
1
2
2
2
2
2
4
2
1
0
2
4
4
1
4
3
5
2
2
2
2
4
2
1
1
2
3
0
2
1
5
6
2
0
3
2
2
2
2
2
1
4
2
3
4
3
3
1
3
2
1
3
3
7
2
3
0
3
2
2
1
1
1
1
1
1
2
1
1
1
2
1
1
4
0
1
0
0
0
0
3
1
0
3
2
1
0
2
1
4
2
3
3
1
6
0
0
3
2
4
3
1
1
3
1
3
2
0
2
2
6
3
3
1
2
3
1
3
3
3
2
1
3
1
2
1
1
4
3
2
2
3
0
1
3
1
2
1
3
4
1
3
0
1
1
0
3
3
4
0
4
3
3
2
5
3
1
1
2
2
2
0
1
4
2
1
1
3
1
0
3
2
1
4
1
2
3
0
2
1
1
4
3
1
0
2
2
4
3
2
2
2
2
1
4
1
2
3
4
1
5
3
4
2
3
2
1
0
1
0
1
4
0
3
1
0
2
3
2
2
1
2
3
1
5
2
1
3
1
0
2
2
2
1
1
1
1
2
1
1
1
0
2
4
3
4
2
1
4
0
1
3
1
4
3
4
3
4
3
1
0
6
2
2
1
1
2
2
2
0
2
2
1
2
0
2
1
2
1
1
2
5
4
3
2
7
2
3
2
3
2
2
2
2
5
3
3
4
3
3
2
1
2
3
1
2
4
3
4
5
3
3
5
1
5
2
0
1
4
3
6
2
5
2
3
1
2
3
6
2
6
2
7
5
2
1
4
2
3
0
4
1
5
0
2
5
5
6
6
2
4
1
3
5
0
3
3
4
4
4
0
5
3
4
3
1
7
6
1
2
5
0
2
5
3
3
2
5
3
3
2
7
6
3
5
2
4
4
3
2
5
5
3
3
7
2
5
3
3
2
3
6
4
1
3
4
2
1
2
2
3
4
3
4
3
2
1
8
1
7
7
3
4
7
1
2
2
3
6
4
4
5
3
5
2
3
3
6
10
4
5
7
1
5
3
5
5
5
9
3
3
6
6
7
3
4
7
0
2
2
4
6
2
4
3
4
3
5
4
5
7
7
2
3
5
4
4
4
5
3
4
6
3
3
7
4
3
4
7
2
5
3
5
5
6
6
4
5
2
4
6
3
3
4
10
2
10
5
6
9
3
4
3
4
4
2
0
8
4
6
3
2
4
0
4
4
4
7
5
5
5
3
7
5
1
2
4
2
3
3
7
2
7
2
4
0
3
0
2
7
5
2
3
3
6
2
2
2
4
3
3
2
5
1
4
2
3
0
4
4
3
1
2
1
3
1
4
3
0
1
1
4
3
0
2
3
3
3
1
1
4
2
3
8
1
2
2
0
2
3
3
3
1
7
0
0
3
2
0
3
1
0
3
1
1
1
2
2
2
2
0
1
2
4
0
1
2
0
1
2
0
3
1
3
2
2
2
2
2
0
1
1
1
7
1
1
2
0
2
0
2
3
2
4
1
0
1
1
1
2
0
4
1
2
0
1
0
3
2
3
0
0
0
0
1
1
0
1
1
2
1
5
0
0
1
0
1
0
1
1
1
2
2
0
0
2
1
2
2
2
0
3
0
2
0
0
1
1
1
1
0
1
1
3
3
0
3
2
0
2
0
3
0
0
1
2
1
1
0
1
2
1
3
1
2
0
2
1
2
3
1
1
3
1
1
1
1
0
1
0
1
1
0
2
1
0
2
0
0
0
2
0
0
1
2
2
0
1
1
0
0
2
1
0
3
1
0
1
1
1
1
1
0
0
0
1
0
1
1
2
1
0
0
0
1
1
0
0
2
1
1
1
0
1
0
2
2
1
0
1
0
1
1
0
3
0
0
2
4
0
2
1
1
0
1
0
2
0
0
0
0
0
0
0
2
0
0
0
0
1
2
0
0
3
1
1
2
0
1
2
0
0
1
0
2
2
2
1
1
0
0
0
0
1
1
1
0
2
2
0
0
1
0
2
0
0
0
0
0
0
2
1
1
1
2
1
1
1
1
1
2
1
1
1
1
1
1
1
1
1
0
2
1
1
0
1
0
0
1
1
0
2
0
3
0
1
2
2
1
1
0
1
1
0
2
1
0
0
0
0
0
0
0
3
0
2
0
0
0
1
1
2
1
1
1
1
1
0
1
1
0
1
1
2
0
2
1
2
0
1
0
0
0
1
0
2
0
0
0
1
0
2
1
0
0
1
1
0
0
0
0
1
0
2
0
1
0
1
0
0
2
0
1
0
0
0
2
0
0
0
0
0
1
0
1
1
1
1
1
0
0
1
1
1
0
2
0
0
3
2
0
0
1
1
0
0
1
2
0
0
0
0
2
1
3
0
2
0
0
1
0
0
0
1
0
1
2
0
1
3
0
2
1
0
1
1
1
0
1
2
0
1
0
1
0
0
0
0
0
0
1
1
0
0
3
0
0
0
1
0
0
0
1
0
1
0
2
1
2
3
1
1
2
1
0
0
1
1
1
0
2
1
0
2
2
2
1
2
0
0
2
0
2
1
1
2
0
1
0
1
3
0
0
1
0
1
1
1
1
0
2
1
1
0
0
0
0
1
1
1
0
0
1
0
1
0
1
0
1
1
0
6
1
2
1
2
0
1
1
3
1
1
0
1
1
0
0
0
2
0
0
1
0
2
2
0
0
0
0
0
1
0
1
0
1
0
2
0
3
0
0
1
0
1
0
1
2
1
1
1
0
1
0
1
1
1
2
2
0
0
0
2
1
0
0
1
0
0
1
1
0
0
1
1
1
1
2
1
1
0
1
2
2
0
2
1
0
0
1
1
3
0
0
1
1
0
0
4
0
1
0
1
2
0
1
0
1
1
0
0
1
2
1
0
1
1
0
0
1
3
1
0
0
1
2
0
1
2
0
2
1
0
0
1
0
1
1
1
0
0
1
1
1
2
0
0
0
1
1
1
1
2
1
0
1
2
1
2
4
0
1
1
1
0
2
0
2
3
2
0
1
0
0
1
1
1
0
1
0
0
0
0
0
1
0
0
1
0
2
1
2
0
2
0
0
0
0
1
0
1
0
1
4
0
0
1
1
2
1
0
0
2
1
1
0
0
0
0
3
1
1
0
1
2
0
1
0
0
1
3
1
2
3
0
1
1
1
0
1
0
0
1
0
1
0
0
0
0
0
2
0
2
0
0
0
2
0
3
0
0
0
2
0
3
1
0
0
3
0
2
1
1
2
0
0
0
0
1
0
2
2
1
2
0
0
1
1
2
0
2
0
1
1
2
0
0
0
0
2
0
0
1
1
0
1
1
2
2
0
0
2
0
1
1
0
0
0
1
1
0
3
2
1
1
0
0
0
0
1
3
0
2
0
1
1
1
1
1
2
2
0
0
0
2
0
1
0
0
1
1
0
0
0
0
0
0
0
1
0
0
0
0
0
0
1
0
0
0
1
1
0
0
1
1
2
1
1
1
2
1
0
1
1
1
0
2
0
0
5
0
1
1
0
0
1
0
1
1
1
1
1
0
0
0
1
0
1
0
2
2
0
0
0
2
0
0
0
0
1
1
1
0
0
0
1
1
1
1
1
4
0
0
1
0
1
1
0
1
0
0
0
0
0
0
4
0
0
0
1
1
0
1
0
1
0
0
2
1
0
0
0
0
0
0
0
2
1
0
1
1
2
2
0
0
1
1
0
0
0
2
1
2
0
1
2
1
0
1
1
2
0
0
4
1
0
0
1
0
0
2
0
1
1
1
0
0
0
0
2
1
0
0
2
0
0
0
0
0
0
0
0
2
2
1
0
0
1
1
1
0
1
0
0
0
0
0
0
0
2
0
1
1
0
0
2
1
0
1
1
1
2
0
2
1
0
0
1
2
1
0
1
1
1
1
2
1
0
1
1
2
0
0
0
0
0
0
1
0
0
1
0
0
1
0
1
0
0
2
0
2
0
0
0
0
0
1
0
1
3
0
0
0
0
0
1
2
0
0
0
1
0
0
0
0
0
1
1
0
0
1
0
1
2
0
1
0
0
0
1
0
0
0
1
1
1
2
3
2
0
1
1
0
0
0
0
0
1
1
0
0
0
0
0
0
0
0
0
1
0
0
0
2
0
0
1
0
0
0
0
1
0
1
1
2
1
0
0
0
2
0
0
1
1
1
2
0
0
0
0
1
0
2
1
1
0
0
1
3
0
1
3
1
0
1
1
0
1
2
0
1
0
0
0
0
2
0
1
1
1
0
0
1
0
0
1
0
0
2
0
1
4
0
0
1
0
0
0
0
2
2
1
0
1
0
0
0
0
0
0
0
1
0
0
0
1
1
0
0
0
0
0
0
0
1
0
1
0
0
1
1
0
1
0
1
2
1
0
1
0
1
0
0
2
0
0
1
0
0
1
0
1
0
0
0
0
0
0
1
0
0
1
2
1
0
0
0
0
0
0
1
0
0
1
1
0
0
1
0
1
1
0
1
2
1
0
0
1
1
1
2
0
2
0
1
1
1
0
2
0
2
0
0
1
0
1
1
1
1
0
0
0
0
1
0
0
2
0
0
0
2
2
0
0
0
0
1
0
1
0
0
0
1
0
0
0
0
1
0
0
0
0
2
1
0
1
0
0
0
0
1
2
1
1
0
1
1
0
1
1
0
2
2
1
0
0
1
2
1
1
1
0
1
0
1
0
0
1
0
0
1
0
0
1
0
0
3
1
0
0
3
0
1
3
1
1
1
0
0
0
2
1
2
1
2
0
0
1
0
0
1
0
1
0
1
0
2
0
1
0
1
0
1
2
0
0
0
0
0
2
0
2
0
1
0
0
2
0
0
1
1
2
0
1
1
0
1
0
2
1
1
0
0
0
0
1
0
1
0
1
1
1
0
1
0
0
1
0
1
0
2
0
1
1
0
0
0
4
0
1
1
0
0
0
1
2
1
1
0
2
2
1
0
1
1
0
0
0
0
0
0
0
1
0
0
0
0
0
0
0
0
0
0
1
0
0
1
1
2
0
1
0
0
0
1
1
2
3
0
2
0
1
1
2
1
0
1
0
2
1
1
0
1
0
0
0
0
0
0
1
0
2
1
2
1
3
0
0
0
2
1
1
0
0
1
1
0
0
2
1
3
0
0
0
0
2
0
0
0
0
0
1
0
0
0
0
0
0
1
0
1
0
0
0
0
1
1
0
1
1
3
0
1
0
0
2
0
0
0
0
1
2
0
1
0
0
0
0
0
1
1
0
0
0
1
0
0
0
0
2
0
0
2
1
0
2
0
1
0
0
0
0
0
2
0
0
0
2
2
1
0
0
0
0
0
0
0
1
0
1
0
1
0
2
1
2
0
0
4
1
0
2
1
0
0
0
0
0
1
3
0
0
0
0
0
2
0
0
1
0
1
0
1
0
0
1
0
0
0
0
1
1
0
0
0
0
0
1
1
2
1
1
2
0
1
1
2
0
0
3
1
0
0
1
0
1
0
1
1
1
0
1
1
1
0
1
0
1
0
2
0
1
1
1
1
1
0
3
0
0
3
0
2
0
2
1
1
1
2
1
1
1
0
2
1
1
0
0
2
0
0
2
0
1
0
0
2
0
0
1
0
2
0
1
0
0
0
0
0
0
2
2
1
0
0
1
0
0
1
1
0
1
0
1
0
0
0
0
0
1
5
5
1
4
1
0
1
0
1
1
1
0
0
0
1
0
1
0
4
0
0
0
2
1
1
1
1
1
0
0
1
1
0
3
0
1
0
0
0
0
0
1
1
1
1
0
0
1
2
0
3
1
0
1
0
0
1
0
0
1
1
0
1
1
0
0
0
0
2
0
0
0
0
0
0
0
0
0
0
2
0
1
0
0
0
0
0
0
0
0
1
1
0
1
0
0
1
2
0
0
0
1
1
0
0
1
3
1
1
0
0
0
0
2
2
0
0
2
0
0
1
0
0
1
0
0
0
1
0
1
0
0
1
0
0
0
0
1
0
0
0
1
0
0
1
1
0
2
0
0
0
1
0
1
0
0
0
0
0
0
0
1
1
0
1
0
0
1
1
1
0
0
0
0
0
0
0
0
0
0
1
0
0
0
0
1
0
0
1
2
0
0
1
0
0
0
0
0
0
0
0
0
2
0
0
0
0
0
0
0
0
0
0
0
0
0
0
0
1
2
0
0
1
0
0
3
0
0
1
0
0
1
1
0
0
1
0
1
2
0
1
0
0
1
0
1
1
1
1
0
0
0
0
0
1
0
0
0
0
0
0
0
0
1
1
0
1
0
0
0
0
0
0
1
0
0
1
1
0
1
0
0
1
0
0
1
0
1
0
0
0
0
2
0
1
0
1
0
1
0
0
1
0
0
0
0
0
1
0
0
0
1
1
1
0
0
2
0
0
0
1
0
1
0
0
0
0
0
1
0
0
1
2
0
0
0
0
0
0
0
0
1
0
0
0
0
0
0
0
0
0
0
0
1
0
0
1
1
0
1
0
0
1
0
0
0
0
1
0
0
0
0
0
0
0
0
0
1
0
0
2
0
0
0
0
0
1
1
0
0
0
3
1
0
0
0
0
0
0
0
0
0
0
0
0
0
0
0
1
0
0
1
1
0
1
0
0
1
0
2
0
0
0
1
1
0
1
1
0
0
0
0
1
0
0
0
0
1
0
1
1
1
0
1
0
0
1
0
0
0
0
1
1
1
0
0
0
0
1
1
0
1
1
2
0
1
0
0
1
0
1
1
1
1
1
1
0
2
1
1
0
0
0
1
0
0
0
0
0
0
0
0
0
0
0
1
0
0
0
0
1
0
0
0
0
0
1
0
1
0
0
1
1
1
0
0
0
0
1
0
0
0
0
2
1
0
0
0
0
1
0
0
0
0
0
0
1
0
2
0
0
1
0
0
0
0
0
0
1
0
0
2
0
0
0
2
0
2
2
1
0
0
1
1
0
1
1
0
0
1
1
0
1
0
1
1
1
1
1
0
1
2
1
0
0
1
0
0
0
0
0
1
0
1
0
0
0
0
0
0
1
2
0
0
0
0
0
1
0
1
0
0
0
2
0
0
0
0
1
0
0
0
1
0
0
0
0
0
0
1
0
1
0
0
1
0
1
1
0
1
0
2
1
1
0
1
0
1
0
1
0
0
1
0
1
0
0
0
0
0
0
0
1
1
0
0
0
1
0
2
0
1
0
0
0
0
0
1
0
1
0
0
1
0
1
1
2
1
0
0
0
0
1
0
0
0
0
1
0
1
1
1
0
0
0
0
0
0
1
0
0
0
0
0
0
0
0
0
0
0
3
1
0
0
0
0
0
0
1
0
0
0
1
0
0
1
0
0
0
0
0
0
1
0
0
1
1
0
0
2
0
0
2
0
0
0
0
0
0
0
0
0
0
0
0
0
1
1
0
0
1
1
1
1
0
0
0
0
0
0
0
0
0
2
0
0
1
0
0
0
0
0
2
0
0
0
0
0
0
0
1
0
1
0
1
1
0
0
0
1
0
0
0
1
0
0
0
0
1
0
0
0
0
0
0
0
0
1
0
1
1
0
0
0
0
0
0
0
2
0
0
0
0
0
0
0
0
0
0
0
0
0
0
0
0
0
1
0
0
1
0
0
0
0
2
0
0
0
0
0
0
0
0
0
1
1
1
2
0
0
0
2
0
0
2
0
0
0
1
0
0
0
0
0
0
0
0
0
1
0
1
0
1
0
1
0
1
0
0
0
1
0
0
0
1
0
1
0
0
0
0
0
1
0
0
0
0
0
0
0
0
0
0
1
1
1
0
1
1
0
0
0
1
0
0
0
0
0
1
1
0
1
0
0
0
0
0
1
0
1
1
1
0
0
0
0
0
1
0
0
0
1
0
1
1
0
0
0
0
0
2
1
0
0
0
0
0
0
1
0
0
1
0
0
0
0
0
0
0
0
1
1
0
1
0
0
0
0
0
0
0
0
1
0
0
0
0
1
0
1
0
0
0
0
0
0
0
0
0
0
1
1
0
0
0
0
2
0
1
0
1
0
0
0
0
3
1
0
0
0
1
1
0
0
0
2
1
0
0
1
1
0
0
0
0
0
1
1
0
0
0
0
0
0
1
0
0
0
1
0
0
0
0
1
0
0
0
1
0
1
0
0
0
0
1
0
1
0
0
0
1
0
1
0
1
0
0
0
0
0
1
0
0
0
0
1
0
0
0
1
1
1
0
0
1
0
0
0
0
0
0
0
0
0
1
0
0
0
0
0
0
1
0
0
0
1
1
1
0
1
0
0
0
0
0
0
0
0
0
0
0
0
1
1
0
0
0
0
1
0
0
0
0
0
0
1
0
0
0
0
0
0
1
1
0
2
0
0
0
0
0
0
0
0
0
0
1
1
0
1
0
0
1
0
0
0
0
0
0
0
1
0
1
0
0
0
0
0
0
0
0
0
0
0
0
1
0
0
1
0
0
0
1
0
0
1
1
0
0
0
0
0
1
0
0
1
0
0
0
0
0
1
0
0
0
1
0
0
2
0
2
0
1
0
0
1
0
0
0
0
0
0
0
0
0
0
0
0
0
0
0
0
2
0
0
0
0
0
0
0
0
0
0
0
0
0
0
0
0
0
0
0
0
1
0
0
0
0
0
0
0
0
0
0
1
0
0
0
0
0
0
0
0
0
0
0
0
0
0
0
0
0
0
0
0
0
0
0
0
0
0
0
0
0
0
0
0
0
0
0
0
1
0
0
0
0
0
0
0
0
0
0
0
0
0
0
0
0
0
0
0
1
0
0
0
0
0
0
0
0
0
0
0
0
0
0
0
0
0
0
1
0
0
1
0
0
0
0
0
0
0
0
0
0
0
0
0
0
0
0
0
0
0
0
0
0
0
0
0
1
0
0
0
0
0
0
0
0
0
0
0
0
0
0
0
0
0
0
0
0
0
0
0
0
0
0
0
0
0
0
0
0
0
0
0
0
0
0
0
0
0
0
0
0
0
0
0
1
0
0
0
0
0
0
0
1
0
0
0
0
0
0
0
0
0
0
0
0
0
0
0
0
0
0
1
0
1
0
0
0
0
1
0
0
0
0
0
0
0
0
0
0
0
0
0
0
0
0
0
0
0
0
0
0
0
0
0
0
0
1
0
0
0
0
0
1
0
0
0
0
0
0
0
0
0
0
0
0
0
0
0
0
0
0
0
0
0
0
0
0
0
0
0
0
0
0
0
0
0
0
0
0
0
0
0
0
0
0
1
0
0
0
0
0
0
0
0
0
0
0
0
0
0
0
0
0
1
0
0
0
0
0
1
0
0
1
0
0
0
0
0
0
0
0
0
0
0
0
0
0
0
0
0
0
0
0
1
0
0
0
0
0
0
0
0
0
0
0
0
0
0
0
0
0
0
0
0
0
0
0
0
0
0
0
0
0
0
0
0
0
0
0
0
0
0
0
0
0
0
0
0
0
0
0
0
0
0
0
0
0
0
0
0
0
0
0
0
0
0
0
0
0
0
0
0
0
0
0
0
0
1
0
1
0
0
0
0
0
0
0
0
0
0
0
0
0
0
0
0
0
0
0
0
0
0
0
0
0
0
0
0
0
0
0
0
0
0
0
0
0
0
0
0
0
0
0
0
0
0
0
0
0
0
0
0
0
0
0
0
0
0
0
0
0
0
0
0
0
0
0
0
0
0
0
0
0
0
0
0
0
0
0
0
0
0
0
0
0
0
0
0
0
0
0
0
0
0
0
0
0
0
0
0
0
0
0
0
0
0
0
0
0
0
0
0
0
0
0
0
0
0
0
0
1
0
0
0
0
0
0
0
0
0
0
0
0
0
0
0
0
0
0
0
0
0
0
0
0
0
0
1
0
0
0
0
0
0
0
0
0
0
0
0
0
0
0
0
0
0
0
0
0
0
0
1
0
0
0
0
0
0
0
0
1
0
0
0
1
0
0
1
0
0
0
0
0
0
0
0
0
0
0
0
0
0
0
0
0
0
0
0
0
0
0
0
0
0
0
0
1
0
0
0
0
0
0
0
0
0
0
0
0
1
0
0
0
0
0
1
1
1
0
0
0
0
0
0
0
0
0
0
0
0
1
1
0
0
0
0
0
0
0
0
0
1
1
0
1
2
1
1
1
1
3
0
0
0
2
0
0
0
0
2
4
2
3
4
1
1
1
1
2
5
1
3
1
2
0
2
3
4
5
2
1
5
2
2
1
0
7
3
3
5
8
3
3
2
4
3
3
4
4
1
1
1
3
3
3
1
2
2
5
2
2
5
1
2
1
0
0
2
0
0
0
0
0
0
0
0
0
0
0
0
0
0
0
0
0
0
0
0
0
0
0
0
0
0
0
0
0
0
0
0
0
0
0
0
0
0
0
0
0
0
0
0
0
0
0
0
0
0
0
0
0
0
0
0
0
0
0
0
0
0
0
0
0
0
0
0
0
0
0
0
0
0
0
0
0
0
0
0
0
0
0
0
0
0
0
0
0
0
0
0
0
0
0
0
0
0
0
0
0
0
0
0
0
0
0
0
0
0
0
0
0
0
0
0
0
0
0
0
0
0
0
0
0
0
0
0
0
0
0
0
0
0
0
0
0
0
0
0
0
0
0
0
0
0
0
0
0
0
0
0
0
0
0
0
0
0
0
0
0
0
0
0
0
0
0
0
0
0
0
0
0
0
0
0
0
0
0
0
0
0
0
0
0
0
0
0
0
0
0
0
0
0
0
0
0
0
0
0
0
0
0
0
0
0
0
0
0
0
0
0
0
0
0
0
0
0
0
0
0
0
0
0
0
0
0
0
0
0
0
0
0
0
0
0
0
0
0
0
0
0
0
1
0
0
0
0
0
0
0
0
0
0
0
0
0
0
0
0
0
0
0
0
0
0
0
0
0
0
0
0
0
0
0
0
0
0
0
0
0
0
0
0
0
0
0
0
0
0
0
0
0
0
0
0
0
0
0
0
0
0
0
0
0
0
0
0
0
0
0
0
0
0
0
0
0
0
0
0
0
0
0
0
0
0
0
0
0
0
0
0
0
0
0
0
0
0
0
0
0
0
0
0
0
0
0
0
0
0
0
0
0
0
0
0
0
0
0
0
0
0
0
0
0
0
0
0
0
0
0
0
0
0
0
0
0
0
0
0
0
0
0
0
0
0
0
0
0
0
0
0
0
0
0
0
0
0
0
0
0
0
0
0
0
0
0
0
0
0
0
0
0
0
0
0
0
0
0
0
0
0
0
0
0
0
0
0
0
0
0
0
0
0
0
0
0
0
0
0
0
0
0
0
0
0
0
0
0
0
0
0
0
0
0
0
0
0
0
0
0
0
0
0
0
0
0
0
0
0
0
0
0
0
0
0
0
0
0
0
0
0
0
0
0
0
0
0
0
0
0
0
0
0
0
0
0
0
0
0
0
0
0
0
0
0
0
0
0
0
0
0
0
0
0
0
0
0
0
0
0
0
0
0
0
0
0
0
0
0
0
0
0
0
0
0
0
0
0
0
0
0
0
0
0
0
0
0
0
0
0
0
0
0
0
0
0
0
0
0
0
0
0
0
0
0
0
0
0
0
0
0
0
0
0
0
0
0
0
0
0
0
0
0
0
0
0
0
0
0
0
0
0
0
0
0
0
0
0
0
0
0
0
0
0
0
0
0
0
0
0
0
0
0
0
0
0
0
0
0
0
0
0
0
0
0
0
0
0
0
0
0
0
0
0
0
0
0
0
0
0
0
0
0
0
0
0
0
0
0
0
0
0
0
0
0
0
0
0
0
0
0
0
0
0
0
0
0
0
0
0
0
0
0
0
0
0
0
0
0
0
0
0
0
0
0
0
0
0
0
0
0
0
0
0
0
0
0
0
0
0
0
0
0
0
0
0
0
0
0
0
0
0
0
0
0
0
0
0
0
0
0
0
0
0
0
0
0
0
0
0
0
0
0
0
0
0
0
0
0
0
0
0
0
0
0
0
0
0
0
0
0
0
0
0
0
0
0
0
0
0
0
0
0
0
0
0
0
0
0
0
0
0
0
0
0
0
0
0
0
0
0
0
0
0
0
0
0
0
0
0
0
0
0
0
0
0
0
0
0
0
0
0
0
0
0
0
0
0
0
0
0
0
0
0
0
0
0
0
0
0
0
0
0
0
0
0
0
0
0
0
0
0
0
0
0
0
0
0
0
0
0
0
0
0
0
0
0
0
0
0
0
0
0
0
0
0
0
0
0
0
0
0
0
0
0
0
0
0
0
0
0
0
0
0
0
0
0
0
0
0
0
0
0
0
0
0
0
0
0
0
0
0
0
0
0
0
0
0
0
0
0
0
0
0
0
0
0
0
0
0
0
0
0
0
0
0
0
0
0
0
0
0
0
0
0
0
0
0
0
0
0
0
0
0
0
0
0
0
0
0
0
0
0
0
0
0
0
0
0
0
0
0
0
0
0
0
0
0
0
0
0
0
0
0
0
0
0
0
0
0
0
0
0
0
0
0
0
0
0
0
0
0
0
0
0
0
0
0
0
0
0
0
0
0
0
0
0
0
0
0
0
0
0
0
0
0
0
0
0
0
0
0
0
0
0
0
0
0
0
0
0
0
0
0
0
0
0
0
0
0
0
0
0
0
0
0
0
0
0
0
0
0
0
0
0
0
0
0
0
0
0
0
0
0
0
0
0
0
0
0
0
0
0
0
0
0
0
0
0
0
0
0
0
0
0
0
0
0
0
0
0
0
0
0
0
0
0
0
0
0
0
0
0
0
0
0
0
0
0
0
0
0
0
0
0
0
0
0
0
0
0
0
0
0
0
0
0
0
0
0
0
0
0
0
0
0
0
0
0
0
0
0
0
0
0
0
0
0
0
0
0
0
0
0
0
0
0
0
0
0
0
0
0
0
0
0
0
0
0
0
0
0
0
0
0
0
0
0
0
0
0
0
0
0
0
0
0
0
0
0
0
0
0
0
0
0
0
0
0
0
0
0
0
0
0
0
0
0
0
0
0
0
0
0
0
0
0
0
0
0
0
0
0
0
0
0
0
0
0
0
0
0
0
0
0
0
0
0
0
0
0
0
0
0
0
0
0
0
0
0
0
0
0
0
0
0
0
0
0
0
0
0
0
0
0
0
0
0
0
0
0
0
0
0
0
0
0
0
0
0
0
0
0
0
0
0
0
0
0
0
0
0
0
0
0
0
0
0
0
0
0
0
0
0
0
0
0
0
0
0
0
0
0
0
0
0
0
0
0
0
0
0
0
0
0
0
0
0
0
0
0
0
0
0
0
0
0
0
0
0
0
0
0
0
0
0
0
0
0
0
0
0
0
0
0
0
0
0
0
0
0
0
0
0
0
0
0
0
1
0
0
0
0
0
0
0
0
0
0
0
0
0
0
0
0
0
0
0
1
0
0
0
0
0
0
0
0
0
0
1
0
0
0
0
0
0
0
0
0
0
0
0
0
0
0
0
0
0
0
0
0
0
0
0
0
0
0
0
0
0
0
0
0
0
0
0
0
0
0
0
0
0
0
0
0
0
0
0
0
1
0
0
0
0
0
0
0
0
0
0
0
0
0
0
0
0
0
0
0
0
0
0
1
0
0
0
1
1
4
2
8
7
19
22
25
28
40
27
38
42
43
45
37
