40
31
27
30
24
28
37
28
34
37
32
26
37
38
33
34
32
31
29
36
26
44
56
43
41
44
40
44
44
43
41
40
49
49
50
50
47
50
47
44
44
47
47
42
48
49
37
32
43
36
46
48
37
35
42
49
67
57
38
50
55
53
41
38
56
65
58
51
48
55
50
50
56
68
61
48
58
61
52
66
72
71
60
74
78
83
86
90
90
82
83
81
87
101
90
81
83
80
85
108
88
96
92
105
80
94
86
80
79
63
81
94
84
64
68
68
68
64
66
60
66
72
56
62
66
58
57
46
43
61
49
57
62
33
62
53
51
44
41
41
59
41
40
47
50
41
40
49
43
41
42
41
61
44
51
46
49
41
51
43
44
35
41
40
50
45
35
46
48
39
41
40
53
43
48
43
55
39
48
46
36
45
45
44
58
50
64
43
51
50
47
48
37
41
43
42
50
39
44
42
46
51
49
29
49
54
39
37
47
65
37
50
36
41
38
53
46
42
45
41
47
54
36
47
52
52
45
45
48
43
47
44
45
55
38
62
44
45
51
50
35
51
58
41
58
53
42
54
51
57
47
58
55
45
54
54
69
55
46
61
58
50
53
48
38
74
66
55
73
64
56
59
63
55
51
38
55
69
54
62
60
66
53
72
58
69
61
62
47
42
50
63
58
64
62
65
59
48
75
58
62
79
64
49
56
67
51
64
61
60
59
51
44
66
59
55
55
55
49
49
51
46
62
50
51
55
48
48
50
53
53
65
65
52
64
47
73
54
45
60
50
48
52
57
41
52
59
54
49
41
60
47
47
43
50
51
57
57
53
53
41
57
60
59
43
61
35
61
55
43
42
38
46
50
58
49
65
48
49
49
44
53
39
54
43
45
58
54
48
56
41
60
55
49
69
51
50
55
43
69
47
50
35
56
43
47
57
56
53
59
40
50
65
53
48
57
59
65
57
56
45
51
49
55
46
52
58
56
49
46
54
50
45
44
49
47
51
47
50
52
55
63
54
41
55
44
37
48
49
57
54
69
58
50
46
45
52
59
51
58
62
54
52
63
48
48
56
53
59
62
68
55
62
37
51
55
49
40
62
60
55
60
56
63
56
58
54
43
54
61
48
53
51
47
42
42
49
49
53
48
70
61
62
71
56
58
58
65
45
68
58
56
60
38
44
64
61
53
61
63
57
49
58
60
56
52
45
45
54
57
47
68
49
72
55
59
65
45
61
55
46
52
51
57
60
58
67
76
55
57
55
51
67
59
53
58
59
52
53
65
46
59
47
48
55
45
52
43
49
55
66
50
49
51
52
50
56
56
51
49
53
54
48
49
67
53
63
57
64
55
67
63
55
62
51
50
53
63
49
62
71
51
46
60
71
59
53
45
62
53
49
47
54
57
61
43
44
56
57
68
61
58
61
59
56
58
57
57
53
50
55
45
46
61
65
49
52
57
73
49
47
55
64
57
53
70
58
64
58
52
57
74
52
66
70
62
62
61
66
66
62
69
56
69
63
53
62
68
59
56
65
54
57
55
67
63
61
68
64
61
74
84
62
49
66
71
59
72
61
67
66
82
63
72
78
68
64
64
81
52
65
73
73
63
69
72
69
65
58
53
59
67
68
62
68
59
71
72
68
66
99
70
60
76
73
88
80
76
67
55
76
69
75
72
66
80
77
81
71
81
65
78
70
64
83
77
92
79
70
73
72
76
79
58
79
82
81
86
84
75
88
98
92
68
61
84
100
78
79
83
84
77
68
75
78
96
88
76
102
74
71
75
80
64
84
86
77
74
73
89
65
73
82
70
75
75
83
74
62
95
72
70
74
70
79
76
92
89
67
65
73
66
84
76
77
78
88
74
49
63
79
84
73
81
81
65
51
98
81
71
70
67
86
67
64
57
64
77
64
71
59
71
61
49
59
50
72
57
68
65
55
77
69
65
52
89
72
79
58
76
49
70
65
61
77
55
53
54
55
75
73
57
51
62
72
62
63
69
54
64
69
65
75
58
55
56
63
61
52
78
56
73
58
74
61
63
61
56
57
60
55
65
59
56
51
68
48
74
51
52
53
52
39
53
55
56
56
52
68
63
70
43
76
47
60
59
55
61
71
52
65
61
48
60
46
52
57
55
63
47
58
55
51
45
54
52
50
53
51
55
59
71
66
49
46
46
56
57
45
49
59
53
69
51
64
47
56
48
58
62
66
60
52
54
55
69
52
51
49
44
56
59
65
58
58
59
43
66
53
59
54
59
54
46
64
47
46
52
43
62
44
47
61
58
43
45
46
53
47
41
39
46
51
43
52
44
48
32
43
38
41
53
53
50
45
53
42
54
36
44
42
49
45
56
44
42
51
50
62
46
41
47
42
47
58
45
50
44
55
52
51
56
60
49
49
46
50
49
55
34
56
42
43
50
45
42
44
53
51
56
50
53
48
56
43
45
40
38
48
53
49
38
48
57
42
44
43
41
50
62
51
52
44
58
52
51
43
53
45
48
43
44
45
58
36
36
37
39
33
49
51
44
49
32
44
53
49
46
35
49
41
36
39
41
47
37
38
57
49
40
42
52
42
44
47
42
47
36
39
53
43
30
31
55
50
45
37
53
54
49
51
58
48
42
26
35
40
52
37
40
47
46
44
55
40
40
48
41
35
42
34
49
41
65
37
43
45
39
52
39
52
35
44
44
41
32
40
40
48
47
45
43
43
32
39
56
45
44
50
39
36
47
43
43
44
50
25
42
54
53
49
44
54
30
42
38
46
39
51
43
46
45
36
40
39
38
36
38
54
43
55
41
43
48
45
37
36
44
35
52
39
49
41
55
31
49
46
45
42
48
44
39
36
42
38
51
42
32
39
45
44
36
34
45
57
51
38
45
42
33
44
45
40
54
46
45
40
34
39
43
40
42
26
45
42
46
46
44
42
41
43
44
40
35
46
53
49
40
51
49
43
53
47
39
36
33
61
40
47
44
44
41
35
44
40
45
51
46
41
41
50
36
36
42
49
38
37
41
42
42
38
41
39
35
43
39
46
51
48
38
38
39
43
49
41
41
48
50
40
37
41
44
50
34
51
44
45
41
33
37
33
33
42
44
40
39
32
44
36
35
36
41
48
35
27
46
40
42
40
46
43
38
38
21
50
47
29
48
43
40
42
47
34
40
32
36
29
36
42
37
30
42
31
42
40
50
45
46
38
42
46
37
33
42
52
41
41
41
33
37
51
36
43
40
40
42
37
56
39
41
48
44
36
33
49
40
38
47
39
45
40
36
34
37
44
45
33
48
44
47
38
40
47
42
27
29
39
51
42
39
43
29
36
35
46
42
46
36
46
37
30
46
42
40
42
52
41
42
48
42
45
52
41
31
32
39
42
49
35
45
42
46
33
50
45
47
47
39
45
43
44
45
45
36
34
48
27
36
36
37
43
35
38
36
42
35
44
46
39
52
36
28
35
36
46
44
37
36
38
36
44
46
53
49
47
27
44
43
30
43
33
49
47
34
32
30
33
55
44
42
42
37
50
36
44
44
39
33
46
51
42
38
45
47
33
47
36
46
41
35
34
43
21
36
51
42
43
33
44
50
35
42
47
39
39
49
43
43
33
39
37
33
42
49
39
41
40
31
56
45
29
33
33
19
34
48
46
40
46
44
39
27
38
38
35
41
46
44
39
45
45
40
47
33
47
32
46
45
38
49
35
46
54
32
37
41
33
48
44
41
45
46
36
33
41
41
45
47
39
53
32
49
47
46
36
26
41
35
43
32
60
36
41
42
34
39
41
43
52
45
39
35
37
51
40
32
35
37
33
41
38
41
40
38
28
44
38
38
36
33
31
36
34
31
40
41
35
45
42
40
58
27
32
41
34
40
35
39
42
44
37
34
35
47
48
35
37
42
35
37
32
25
35
40
50
39
52
31
45
43
45
37
36
38
38
47
35
47
39
36
34
40
33
50
32
38
38
39
42
37
41
41
41
46
47
40
42
33
44
45
46
29
48
38
43
38
38
52
44
43
36
47
37
49
48
46
32
43
37
32
27
35
38
41
46
38
28
32
47
40
50
26
34
32
44
28
38
38
40
27
32
33
50
36
31
31
27
41
35
32
38
35
40
53
35
31
34
34
34
34
35
35
32
43
44
41
38
41
27
33
23
34
31
31
32
41
29
33
38
37
35
35
41
40
25
35
26
26
22
37
28
36
30
40
29
36
35
32
29
28
19
42
39
24
25
27
27
35
37
34
40
32
18
34
36
29
27
31
25
39
25
26
29
25
31
29
22
39
37
25
24
28
28
25
27
36
25
19
16
25
28
23
26
27
21
25
20
26
28
23
18
17
24
22
22
23
24
28
27
18
28
26
23
23
18
30
13
27
26
21
28
19
21
17
19
23
25
27
23
24
11
18
21
25
26
15
26
19
20
23
18
26
16
29
24
12
19
15
17
27
23
19
28
12
29
20
26
18
19
25
24
18
16
21
15
20
25
17
28
16
18
12
23
16
17
20
14
9
18
15
17
11
16
17
24
9
7
24
19
20
12
17
20
12
23
16
10
17
14
15
12
19
13
16
10
17
10
18
18
10
22
11
21
14
14
9
10
21
17
22
14
17
8
17
10
17
14
20
13
13
25
14
13
17
17
13
17
7
19
15
4
14
15
16
15
11
15
18
13
12
10
12
17
13
11
15
15
11
13
6
18
12
17
14
12
15
16
13
13
19
13
11
13
13
8
13
10
8
9
11
11
13
8
12
12
11
16
17
10
18
13
14
16
9
14
14
15
9
10
5
12
11
15
12
14
13
10
12
13
9
15
17
15
12
16
9
9
9
16
17
12
7
15
12
17
11
15
11
16
9
14
13
9
13
20
13
5
16
5
10
12
10
15
10
12
12
11
22
11
10
12
8
9
9
10
6
10
7
13
11
13
12
12
15
11
13
12
14
9
13
10
15
9
17
11
5
9
11
8
7
11
11
12
12
14
14
11
6
12
9
10
10
15
12
11
12
9
13
15
10
16
15
8
14
13
13
3
7
8
12
15
11
11
9
13
12
7
13
23
17
8
10
17
11
9
18
10
10
12
3
15
11
12
4
10
12
10
13
11
13
9
10
9
4
13
14
9
11
7
11
8
8
11
18
14
10
12
23
9
10
15
9
13
13
10
15
4
7
11
15
9
11
10
10
12
9
12
14
13
6
15
13
11
10
17
13
11
12
16
10
12
13
6
9
11
7
8
12
14
13
10
15
8
8
15
13
13
14
10
16
19
17
10
9
15
15
12
12
15
14
16
9
12
19
20
7
10
12
9
12
13
17
19
12
15
18
16
8
9
13
18
12
12
12
13
18
11
8
6
14
12
14
13
18
15
16
14
12
15
19
12
14
17
10
14
13
17
18
12
14
15
9
15
9
9
12
12
17
22
13
16
18
23
16
16
13
12
12
16
5
11
14
15
9
18
19
11
10
19
15
26
13
20
14
16
15
21
13
17
14
16
28
21
27
23
20
16
26
23
13
32
20
21
18
21
20
15
18
21
26
26
23
24
18
26
26
20
31
19
27
32
31
32
23
32
29
28
26
27
18
25
25
24
32
27
37
37
31
26
35
32
24
42
31
33
29
30
29
36
25
38
34
45
39
38
42
35
44
35
33
43
33
36
44
34
52
45
47
49
55
43
48
49
45
52
49
41
50
63
48
50
67
54
49
65
56
68
56
63
58
46
54
68
48
54
62
63
65
52
63
50
80
53
74
71
55
62
71
70
54
58
76
88
73
73
72
74
90
83
69
71
88
80
90
108
93
87
105
69
100
80
86
98
99
96
92
106
101
102
90
104
122
100
118
91
125
121
118
114
123
96
144
103
122
109
126
115
150
108
103
142
128
139
137
129
127
123
136
130
128
128
132
153
166
131
135
149
142
153
157
168
142
161
153
146
128
136
156
151
139
161
167
140
163
176
190
154
170
165
180
166
188
152
160
155
188
207
175
172
183
188
196
175
200
178
199
195
165
181
172
184
198
179
201
208
177
180
176
184
170
188
185
179
191
160
191
179
176
177
207
171
183
165
197
164
210
184
195
194
192
193
197
203
212
183
187
192
183
184
180
178
212
189
194
189
183
188
191
147
160
163
174
183
168
186
158
172
168
167
171
166
166
169
158
164
179
177
151
165
154
179
132
166
167
152
166
156
172
181
139
151
131
133
136
156
154
154
146
131
144
134
120
132
154
138
134
141
133
111
137
142
130
111
104
114
135
105
122
114
130
104
124
107
114
115
114
112
105
114
85
104
92
81
102
113
81
85
104
94
93
81
104
79
77
68
80
77
80
61
78
82
63
69
60
79
73
74
57
63
72
67
43
61
61
68
47
58
56
56
51
48
63
48
48
52
45
59
43
29
41
37
40
34
29
39
39
36
31
43
42
30
32
29
27
17
24
22
28
33
24
22
26
22
25
24
33
23
23
30
20
22
29
19
17
16
12
17
22
16
23
13
21
14
14
17
10
17
11
11
8
15
12
12
10
11
8
7
8
10
19
10
11
16
14
4
3
8
15
10
12
9
8
8
7
6
3
9
5
10
5
7
6
5
9
4
5
6
4
4
3
4
2
4
3
1
2
3
3
5
2
3
3
5
3
8
2
1
1
4
2
1
0
2
3
3
2
4
1
1
3
1
1
5
0
0
1
4
3
0
1
0
1
2
0
2
1
1
1
2
1
3
0
1
0
1
1
1
3
4
1
0
4
4
0
0
1
0
0
1
1
5
0
2
1
0
0
0
0
1
1
2
2
0
1
0
0
1
0
2
1
0
0
2
0
2
1
1
2
5
1
2
0
0
1
3
0
0
1
1
1
0
0
1
1
2
1
1
2
1
2
0
1
0
0
0
0
0
0
2
2
0
0
3
1
0
1
1
1
0
0
0
0
0
0
1
0
2
3
0
2
1
3
1
0
1
1
0
4
1
1
2
3
3
0
2
0
3
1
1
0
1
2
0
4
1
0
0
3
2
1
0
1
2
2
0
2
4
0
0
3
3
0
0
0
4
0
0
0
1
1
0
2
0
1
1
1
0
1
0
1
4
0
2
0
2
3
1
1
0
0
1
0
4
0
1
1
2
2
0
1
0
2
1
0
1
0
0
0
0
3
0
0
1
1
2
1
0
0
2
1
1
0
2
0
1
1
1
0
0
1
1
1
1
1
3
0
1
0
0
0
1
0
1
0
2
0
0
2
2
0
0
0
0
1
1
0
0
0
0
0
3
3
1
0
0
0
1
0
1
1
1
2
2
0
0
0
2
1
1
3
2
0
0
0
0
0
1
1
2
0
0
1
4
0
0
0
1
2
0
0
1
0
0
2
0
2
0
0
0
0
2
0
0
0
0
0
0
1
2
1
0
0
0
1
0
0
0
0
1
0
1
0
0
1
0
1
0
2
2
1
0
0
0
1
1
0
1
1
0
2
0
2
0
0
0
3
1
1
0
0
0
2
1
2
1
0
0
1
0
1
0
0
0
1
0
3
1
2
1
0
0
1
0
0
0
0
0
1
0
1
1
0
0
0
0
0
1
0
1
3
0
1
0
0
1
1
0
1
0
1
0
0
2
4
1
2
1
1
0
1
0
1
3
1
0
0
1
2
1
1
0
1
0
2
0
1
1
2
1
0
2
0
1
1
0
0
2
0
1
2
3
0
0
1
1
1
0
2
0
0
0
1
0
0
0
2
2
0
0
1
0
0
0
2
1
1
5
1
0
0
0
0
0
0
1
0
0
1
1
0
0
0
1
1
2
0
1
0
1
0
0
1
0
0
1
2
2
1
2
1
0
1
1
0
0
0
1
0
0
1
0
0
1
0
1
1
2
1
1
0
0
1
0
0
0
1
1
0
1
1
1
2
0
2
0
1
0
0
0
1
0
1
0
3
0
0
0
1
0
1
2
0
0
1
1
2
0
0
0
1
1
1
0
1
0
2
2
1
1
1
2
0
1
0
0
0
1
2
0
1
0
0
1
3
3
2
0
1
0
0
0
1
0
0
2
2
1
0
2
1
1
1
2
0
1
2
2
2
2
1
0
0
1
1
0
1
0
1
0
0
0
0
0
0
1
0
2
0
1
1
0
1
1
2
1
2
1
1
3
1
0
0
1
0
3
1
1
0
2
1
1
1
3
1
1
0
0
0
0
3
2
1
1
1
2
0
0
3
0
0
0
2
0
0
0
2
2
2
1
0
1
1
0
1
0
2
2
0
0
0
2
1
3
2
0
1
1
0
1
1
2
0
1
1
1
1
0
0
1
1
0
0
1
1
0
3
1
0
2
2
0
0
0
1
1
0
1
0
1
0
1
0
3
0
0
2
0
2
0
0
0
0
0
1
0
0
0
1
1
0
1
0
1
1
0
0
0
1
0
1
1
0
1
1
0
2
0
1
2
2
0
0
0
0
0
2
0
1
0
1
0
0
1
1
1
0
2
1
1
0
1
1
0
1
1
0
0
0
0
3
0
2
0
2
1
0
0
2
1
1
1
0
2
0
2
0
0
1
0
0
0
0
1
0
1
0
0
0
1
1
0
0
4
0
0
1
0
1
1
0
0
3
0
1
1
0
1
2
1
2
0
1
0
0
1
0
0
1
0
0
0
0
0
1
0
0
0
0
0
1
0
1
1
0
1
0
0
2
1
0
1
2
0
1
1
0
0
1
0
1
3
0
1
0
0
1
0
0
0
0
2
1
1
2
0
2
0
0
1
0
0
0
1
2
2
0
1
0
0
0
0
1
0
0
2
2
1
0
0
0
1
0
0
0
0
0
0
1
0
1
0
0
0
2
1
1
0
1
0
0
1
1
0
2
0
0
1
1
0
0
0
1
0
1
0
0
2
2
0
1
0
0
1
0
0
1
0
0
0
2
0
0
0
0
0
1
0
0
2
1
2
1
2
0
0
2
2
0
1
1
2
1
0
1
2
1
0
1
0
0
0
1
0
1
0
1
0
0
0
0
0
0
0
0
1
0
0
1
0
1
2
0
0
1
2
0
1
0
0
0
2
0
0
0
0
0
0
1
0
0
0
1
2
2
1
0
0
0
0
0
0
0
0
2
1
0
0
1
0
0
0
0
1
0
0
3
1
0
1
0
0
1
1
1
0
5
1
0
0
1
0
0
0
2
0
2
0
0
0
1
0
0
1
0
0
0
0
0
0
1
0
1
0
0
2
0
0
1
0
0
0
2
0
0
0
1
0
0
0
1
2
1
1
1
0
0
1
0
0
1
0
1
1
1
0
0
0
0
0
0
0
0
0
1
0
0
0
0
0
0
1
0
1
1
0
0
1
2
0
1
0
1
0
1
1
2
0
1
0
0
1
0
0
2
0
2
0
1
2
2
1
1
0
2
0
0
1
0
0
0
0
3
0
2
1
0
0
0
1
0
0
0
0
0
1
0
1
0
0
1
1
0
0
1
0
0
0
0
1
0
1
1
1
1
1
0
0
0
1
0
0
0
1
0
0
0
0
0
0
4
0
1
0
1
1
1
0
2
0
0
1
0
2
0
0
0
0
0
1
0
0
0
0
0
1
1
0
1
0
0
0
0
0
1
1
3
1
0
1
0
0
0
0
2
0
0
0
0
0
0
0
0
0
0
0
2
0
1
0
0
0
1
1
1
0
0
1
0
1
1
0
1
1
0
1
0
1
0
0
0
0
2
0
1
0
1
0
0
2
0
0
0
0
1
0
0
1
0
0
1
0
0
0
1
1
0
0
0
0
1
0
0
1
0
0
1
0
0
0
1
0
0
0
1
0
0
0
0
1
1
0
0
0
0
0
0
0
0
1
0
1
0
1
1
0
0
1
0
1
1
1
1
1
1
1
0
0
0
1
0
0
0
0
0
0
2
0
0
0
1
0
0
1
1
0
0
0
1
0
0
0
0
0
0
0
0
1
1
2
0
1
1
0
2
0
0
1
0
0
1
0
0
0
0
0
1
0
0
0
0
0
1
2
0
0
0
0
1
0
0
0
0
1
1
2
0
1
3
0
1
3
0
1
1
1
0
0
1
1
0
0
1
1
2
2
1
1
0
0
0
0
0
2
0
1
2
0
2
0
0
2
1
0
0
2
0
0
0
0
3
1
0
0
0
0
1
1
2
1
0
0
0
0
1
1
0
0
0
1
0
2
1
2
1
1
0
1
0
0
0
0
1
0
1
1
0
1
1
0
0
0
0
0
1
1
1
0
0
0
1
0
0
0
0
0
1
0
1
0
2
2
0
0
0
1
1
0
0
0
0
2
0
2
0
1
0
0
0
0
2
0
1
0
0
0
0
0
0
0
1
2
1
0
0
0
2
1
0
0
0
1
0
0
1
1
0
0
2
2
0
0
0
1
1
1
1
0
1
1
0
1
0
1
0
1
0
0
1
0
2
0
0
0
0
0
2
0
4
0
1
0
0
1
0
1
0
2
0
4
0
1
0
1
0
2
0
0
0
0
1
0
1
2
1
0
0
1
0
2
0
1
1
1
0
0
0
0
0
0
0
0
0
0
1
0
0
0
0
2
1
1
1
0
0
0
1
0
2
0
0
1
1
0
0
0
0
1
1
0
0
1
1
0
1
0
1
0
0
0
1
0
1
1
0
0
0
0
1
0
1
0
0
1
4
0
0
0
0
0
0
1
0
0
0
1
0
1
0
1
1
1
0
1
0
1
0
2
0
0
0
0
0
0
0
1
0
2
1
1
0
1
0
0
0
0
0
2
1
0
0
1
1
0
0
1
0
1
0
1
0
0
0
0
1
1
2
0
0
0
0
0
0
0
1
0
0
3
1
0
1
0
0
0
1
0
0
0
0
0
0
0
1
0
0
0
0
0
0
0
1
0
0
0
0
1
1
0
0
1
0
1
0
0
1
0
2
0
0
0
0
1
1
1
0
0
0
1
0
0
0
1
0
0
0
1
0
1
0
0
0
0
0
0
1
0
0
2
1
0
0
0
0
0
3
1
0
0
1
1
1
0
0
0
0
0
0
0
1
1
0
0
0
2
0
0
0
0
1
1
0
0
0
3
0
1
2
0
0
0
0
0
0
0
0
1
0
1
0
0
0
0
1
0
0
0
0
1
0
0
0
0
0
0
0
0
0
0
0
0
0
0
0
1
0
0
0
0
2
1
0
1
0
0
0
0
0
0
0
0
1
1
0
1
0
0
0
2
0
0
0
0
0
0
0
0
0
0
2
0
0
0
0
0
0
0
1
0
0
1
0
1
1
0
0
0
0
0
0
0
2
0
0
0
0
0
0
0
0
1
0
0
0
0
0
0
1
0
0
1
0
0
0
0
0
0
0
0
0
0
0
0
1
1
0
1
0
0
2
0
0
1
0
1
0
0
0
0
1
1
1
2
0
1
1
1
1
1
1
0
0
0
0
1
0
0
0
0
0
0
0
0
2
0
0
0
0
0
1
1
1
1
0
1
0
0
0
1
0
0
0
0
1
0
1
0
0
0
0
0
1
0
0
0
2
0
0
0
0
1
0
0
1
0
0
0
1
2
0
0
1
0
0
1
1
0
2
1
0
0
0
0
0
1
2
0
1
1
0
0
0
0
2
0
1
0
0
0
0
0
0
0
0
1
0
0
0
0
1
0
0
0
0
0
1
0
0
0
0
2
0
0
0
0
0
0
0
0
0
0
0
0
0
0
0
0
1
0
0
1
0
1
0
1
0
0
1
0
0
0
1
1
0
0
0
0
0
0
0
0
0
0
1
0
0
0
0
0
0
0
1
1
0
0
0
0
0
0
0
1
0
1
0
2
1
0
0
1
0
1
0
2
1
0
0
0
1
0
0
0
1
0
1
1
0
0
0
0
0
1
0
1
0
0
0
1
0
0
0
0
0
0
1
1
0
0
0
0
1
1
0
0
0
1
0
2
0
0
2
0
0
0
0
0
0
0
0
0
0
0
0
0
0
1
0
1
0
0
0
0
1
1
1
0
0
0
0
0
0
0
1
0
0
0
0
0
0
0
1
1
0
0
0
0
1
0
0
2
1
1
0
1
0
1
0
1
1
0
0
0
0
0
1
0
0
0
0
0
0
0
0
2
0
0
0
0
0
1
1
0
2
1
0
0
0
0
0
0
0
1
2
0
0
0
0
0
0
0
0
0
0
1
1
0
1
0
1
0
0
0
0
0
0
0
0
0
0
0
1
0
0
0
1
0
0
0
0
0
0
0
2
0
0
2
1
0
0
0
0
0
0
0
0
1
0
0
0
0
0
0
0
1
0
0
0
0
0
0
1
0
0
0
0
0
0
0
0
0
0
0
0
0
0
1
0
0
0
0
2
0
0
1
0
0
0
2
0
0
0
1
1
0
0
0
0
1
1
0
0
0
0
0
0
1
1
1
1
0
0
1
0
0
1
0
1
0
0
0
0
0
1
0
1
0
0
0
1
0
0
1
0
0
1
0
1
0
0
0
0
0
0
0
0
0
0
1
0
1
0
0
0
0
0
1
0
1
0
0
0
0
1
0
0
1
0
0
0
2
0
0
0
0
1
0
0
0
0
0
0
0
0
0
0
0
0
0
0
0
1
0
0
0
0
0
0
0
0
0
0
0
0
0
0
0
0
0
1
0
0
0
0
0
0
0
0
0
1
0
1
0
0
0
0
0
0
0
0
0
0
0
0
0
0
0
0
0
0
1
0
0
0
0
0
0
1
1
0
1
1
0
0
0
0
0
0
0
0
0
0
0
0
0
0
0
0
0
0
0
0
0
1
0
0
0
0
0
0
0
1
1
2
0
1
1
0
1
0
0
0
0
0
0
2
0
1
0
1
0
0
0
0
1
0
0
0
0
0
0
0
1
1
0
0
0
0
0
0
0
0
0
0
0
0
0
1
0
0
0
0
0
1
0
1
1
1
1
0
1
0
0
0
0
1
0
0
0
0
2
0
0
1
0
1
0
1
2
1
2
0
0
0
0
1
0
0
0
2
0
0
1
1
1
0
0
1
1
0
2
0
0
2
0
1
0
1
0
1
0
0
0
1
1
1
1
0
2
0
0
1
0
0
0
0
0
0
1
0
0
0
1
1
1
0
0
1
0
0
0
0
0
1
0
1
0
1
0
0
0
2
0
0
0
0
0
1
0
0
1
0
0
0
0
0
2
0
0
0
1
0
0
1
0
1
2
0
0
0
0
1
0
0
0
0
1
1
0
0
0
0
0
0
0
0
1
0
1
0
1
0
0
1
1
0
0
1
0
0
0
1
0
0
0
1
1
0
0
0
1
1
0
0
1
0
0
0
1
0
0
0
0
1
0
0
1
0
0
0
1
1
0
0
0
0
0
1
0
0
0
0
0
1
0
0
0
1
0
0
0
0
1
0
0
0
0
0
0
0
1
0
1
0
1
0
0
1
0
0
2
0
0
0
0
0
0
0
0
1
1
1
0
0
0
0
0
0
1
0
0
0
0
0
0
0
0
0
0
2
1
1
0
0
0
1
0
0
0
0
0
0
0
1
0
0
0
0
0
0
0
0
0
0
0
0
0
0
0
0
0
0
0
0
0
0
0
0
0
0
0
0
0
0
0
0
0
0
0
0
0
0
0
1
0
1
1
0
0
0
0
1
0
0
0
0
0
0
0
0
0
0
0
0
0
0
0
1
0
0
0
0
1
0
0
0
0
0
0
0
1
0
0
0
0
0
0
0
0
0
0
0
0
0
1
0
0
0
0
0
0
0
0
0
0
0
0
1
0
0
0
1
0
0
0
0
0
0
0
0
0
0
0
0
0
0
0
0
0
0
0
0
0
0
0
0
0
0
0
0
0
0
0
0
0
0
0
1
0
0
0
0
0
1
0
0
0
0
0
0
0
0
0
0
0
0
0
0
0
0
0
0
0
0
0
0
0
0
1
1
0
0
0
0
0
0
0
0
0
0
0
0
0
0
1
0
0
0
0
0
0
0
0
0
0
0
0
1
0
0
0
0
0
0
0
0
0
0
0
0
0
0
0
0
0
0
0
0
0
0
0
0
0
0
0
0
0
0
0
1
0
0
0
0
0
0
1
0
0
0
0
0
0
0
0
0
0
0
0
0
0
0
0
0
0
0
0
0
0
0
0
0
0
1
0
0
0
0
0
0
0
0
0
0
0
0
0
0
0
0
0
0
0
0
0
0
1
0
0
0
1
0
0
0
0
0
0
0
0
0
0
0
0
0
0
0
0
0
0
0
0
0
0
0
0
0
0
0
0
0
0
0
0
0
0
0
0
0
0
0
0
0
0
0
0
0
0
0
0
0
0
0
0
0
0
0
0
0
0
0
0
0
0
0
0
0
0
0
0
1
0
0
0
0
0
0
0
0
0
1
0
1
0
0
0
0
0
0
0
0
0
0
0
0
0
0
0
0
0
0
0
0
0
0
0
0
0
0
0
0
0
0
0
1
0
1
0
0
0
0
0
0
0
0
1
0
0
0
1
0
0
0
0
0
0
0
0
0
0
0
0
0
0
1
0
0
0
0
1
0
0
0
0
0
0
1
0
0
1
0
0
0
0
0
0
0
0
1
0
0
0
0
0
0
0
0
0
0
0
0
0
0
0
1
0
0
0
0
0
0
0
0
0
0
0
0
0
0
0
0
0
0
1
0
0
0
0
0
0
0
0
0
0
0
0
0
0
0
0
0
0
0
1
0
0
0
0
0
1
0
0
0
0
0
0
0
0
0
0
0
0
0
0
0
0
0
0
0
0
0
0
0
0
0
0
0
0
0
0
0
0
0
0
0
0
0
0
0
1
0
0
0
0
0
0
0
0
0
0
0
0
0
0
0
0
0
0
0
0
0
0
0
0
0
0
0
0
0
0
0
0
0
0
0
0
0
0
0
0
1
0
0
0
1
0
0
0
0
0
0
0
0
0
0
0
0
0
0
0
0
0
0
0
0
0
0
0
0
0
0
0
0
0
0
0
0
0
0
0
1
0
0
0
0
0
0
0
0
0
0
0
0
0
0
0
0
0
0
0
0
1
0
0
0
0
0
0
0
0
0
0
1
0
0
0
0
0
0
0
0
0
0
0
0
0
0
0
0
0
0
0
0
0
0
0
0
0
0
0
1
0
0
1
0
2
0
0
1
0
0
4
1
1
1
7
0
1
2
1
1
4
0
3
3
1
1
1
1
2
1
3
5
2
1
4
4
6
2
8
5
3
4
2
3
1
2
4
4
4
3
2
2
2
0
1
0
3
7
2
3
2
2
0
2
7
6
2
2
9
9
5
1
3
1
0
0
0
0
0
0
0
0
0
0
0
0
0
0
0
0
0
0
0
0
0
0
0
0
0
0
0
0
0
0
0
0
0
0
0
0
0
0
0
0
0
0
0
0
0
0
0
0
0
0
0
0
0
0
0
0
0
0
0
0
0
0
0
0
0
0
0
0
0
0
0
0
0
0
0
0
0
0
0
0
0
0
0
0
0
0
0
0
0
0
0
0
0
0
0
0
0
0
0
0
0
0
0
0
0
0
0
0
0
0
0
0
0
0
0
0
0
0
0
0
0
0
0
0
0
0
0
0
0
0
0
0
0
0
0
0
0
0
0
0
0
0
0
0
0
0
0
0
0
0
0
0
0
0
0
0
0
0
0
0
0
0
0
0
0
0
0
0
0
0
0
0
0
0
0
0
0
0
0
0
0
0
0
0
0
0
0
0
0
0
0
0
0
0
0
0
0
0
0
0
0
0
0
0
0
0
0
0
0
0
0
0
0
0
0
0
0
0
0
0
0
0
0
0
0
0
0
0
0
0
0
0
0
0
0
0
0
0
0
0
0
0
0
0
0
0
0
0
0
0
0
0
0
1
0
0
0
0
0
0
0
0
0
0
0
0
0
0
0
0
0
0
0
0
0
0
0
0
0
0
0
0
0
0
0
0
0
0
0
0
0
0
0
0
0
0
0
0
0
0
0
0
0
0
0
0
0
0
0
0
0
0
0
0
0
0
0
0
0
0
0
0
0
0
0
0
0
0
0
0
0
0
0
0
0
0
0
0
0
0
0
0
0
0
0
0
0
0
0
0
0
0
0
0
0
0
0
0
0
0
0
0
0
0
0
0
0
0
0
0
0
0
0
0
0
0
0
0
0
0
0
0
0
0
0
0
0
0
0
0
0
0
0
0
0
0
0
0
0
0
0
0
0
0
0
0
0
0
0
0
0
0
0
0
0
0
0
0
0
0
0
0
0
0
0
0
0
0
0
0
0
0
0
0
0
0
0
0
0
0
0
0
0
0
0
0
0
0
0
0
0
0
0
0
0
0
0
0
0
0
0
0
0
0
0
0
0
0
0
0
0
0
0
0
0
0
0
0
0
0
0
0
0
0
0
0
0
0
0
0
0
0
0
0
0
0
0
0
0
0
0
0
0
0
0
0
0
0
0
0
0
0
0
0
0
0
0
0
0
0
0
0
0
0
0
0
0
0
0
0
0
0
0
0
0
0
0
0
0
0
0
0
0
0
0
0
0
0
0
0
0
0
0
0
0
0
0
0
0
0
0
0
0
0
0
0
0
0
0
0
0
0
0
0
0
0
0
0
0
0
0
0
0
0
0
0
0
0
0
0
0
0
0
0
0
0
0
0
0
0
0
0
0
0
0
0
0
0
0
0
0
0
0
0
0
0
0
0
0
0
0
0
0
0
0
0
0
0
0
0
0
0
0
0
0
0
0
0
0
0
0
0
0
0
0
0
0
0
0
0
0
0
0
0
0
0
0
0
0
0
0
0
0
0
0
0
0
0
0
0
0
0
0
0
0
0
0
0
0
0
0
0
0
0
0
0
0
0
0
0
0
0
0
0
0
0
0
0
0
0
0
0
0
0
0
0
0
0
0
0
0
0
0
0
0
0
0
0
0
0
0
0
0
0
0
0
0
0
0
0
0
0
0
0
0
0
0
0
0
0
0
0
0
0
0
0
0
0
0
0
0
0
0
0
0
0
0
0
0
0
0
0
0
0
0
0
0
0
0
0
0
0
0
0
0
0
0
0
0
0
0
0
0
0
0
0
0
0
0
0
0
0
0
0
0
0
0
0
0
0
0
0
0
0
0
0
0
0
0
0
0
0
0
0
0
0
0
0
0
0
0
0
0
0
0
0
0
0
0
0
0
0
0
0
0
0
0
0
0
0
0
0
0
0
0
0
0
0
0
0
0
0
0
0
0
0
0
0
0
0
0
0
0
0
0
0
0
0
0
0
0
0
0
0
0
0
0
0
0
0
0
0
0
0
0
0
0
0
0
0
0
0
0
0
0
0
0
0
0
0
0
0
0
0
0
0
0
0
0
0
0
0
0
0
0
0
0
0
0
0
0
0
0
0
0
0
0
0
0
0
0
0
0
0
0
0
0
0
0
0
0
0
0
0
0
0
0
0
0
0
0
0
0
0
0
0
0
0
0
0
0
0
0
0
0
0
0
0
0
0
0
0
0
0
0
0
0
0
0
0
0
0
0
0
0
0
0
0
0
0
0
0
0
0
0
0
0
0
0
0
0
0
0
0
0
0
0
0
0
0
0
0
0
0
0
0
0
0
0
0
0
0
0
0
0
0
0
0
0
0
0
0
0
0
0
0
0
0
0
0
0
0
0
0
0
0
0
0
0
0
0
0
0
0
0
0
0
0
0
0
0
0
0
0
0
0
0
0
0
0
0
0
0
0
0
0
0
0
0
0
0
0
0
0
0
0
0
0
0
0
0
0
0
0
0
0
0
0
0
0
0
0
0
0
0
0
0
0
0
0
0
0
0
0
0
0
0
0
0
0
0
0
0
0
0
0
0
0
0
0
0
0
0
0
0
0
0
0
0
0
0
0
0
0
0
0
0
0
0
0
0
0
0
0
0
0
0
0
0
0
0
0
0
0
0
0
0
0
0
0
0
0
0
0
0
0
0
0
0
0
0
0
0
0
0
0
0
0
0
0
0
0
0
0
0
0
0
0
0
0
0
0
0
0
0
0
0
0
0
0
0
0
0
0
0
0
0
0
0
0
0
0
0
0
0
0
0
0
0
0
0
0
0
0
0
0
0
0
0
0
0
0
0
0
0
0
0
0
0
0
0
0
0
0
0
0
0
0
0
0
0
0
0
0
0
0
0
0
0
0
0
0
0
0
0
0
0
0
0
0
0
0
0
0
0
0
0
0
0
0
0
0
0
0
0
0
0
0
0
0
0
0
0
0
0
0
0
0
0
0
0
0
0
0
0
0
0
0
0
0
0
1
0
0
0
0
0
0
1
0
0
0
0
0
0
0
0
0
0
0
0
0
0
1
0
0
0
0
0
0
0
0
0
0
0
0
0
0
0
0
0
0
0
0
0
0
0
0
0
0
0
0
0
0
0
0
0
0
0
0
0
0
0
0
0
0
0
0
0
0
0
0
1
0
0
0
0
0
0
0
0
0
1
0
0
0
1
0
0
0
0
0
0
0
0
1
0
0
0
0
0
0
0
0
0
0
0
2
1
2
3
5
2
4
6
7
12
24
21
20
29
21
