139
171
145
148
160
132
146
137
122
147
136
119
147
138
151
142
132
130
121
124
141
148
139
134
136
137
154
140
161
154
150
149
155
104
118
137
124
148
130
131
146
117
148
151
117
131
132
137
140
140
133
135
136
147
146
150
148
156
164
159
158
162
157
147
150
133
149
159
139
140
133
140
159
132
156
136
152
144
138
157
128
137
147
146
146
130
157
127
161
165
143
146
141
143
125
162
169
155
128
168
169
133
149
161
141
172
155
146
131
144
145
153
145
152
160
139
148
160
126
137
171
134
133
144
155
145
154
152
152
153
149
145
141
165
146
143
151
156
136
152
156
173
145
152
157
137
165
155
159
167
151
142
166
172
152
158
158
156
158
146
170
131
156
157
151
170
160
129
144
155
168
175
151
140
161
172
147
164
157
164
140
160
129
145
162
154
171
170
178
164
149
145
135
151
154
137
165
162
153
150
181
177
128
188
157
163
176
163
160
199
162
169
160
157
170
197
177
181
160
150
161
169
196
168
140
174
182
150
174
170
176
188
167
159
195
143
149
191
175
170
155
150
158
174
182
166
162
192
162
198
176
207
165
167
173
161
165
176
171
179
148
173
188
171
196
186
188
179
190
169
171
169
154
230
161
171
172
183
169
210
171
198
187
168
174
188
200
167
171
196
163
172
182
194
191
160
171
182
173
189
197
177
194
182
188
180
209
164
180
186
168
175
216
169
168
191
171
161
182
198
185
183
165
194
168
175
196
166
160
166
160
190
182
189
176
171
198
184
206
200
160
187
193
171
191
176
192
165
189
162
184
193
176
197
187
152
145
180
168
181
184
198
190
164
191
168
173
181
160
177
184
191
170
176
168
188
194
188
174
181
163
178
170
183
154
178
194
173
158
165
173
189
180
181
168
161
190
189
185
185
178
185
176
162
179
173
158
186
148
176
172
193
193
189
150
182
197
183
156
186
160
192
187
182
197
174
191
172
152
203
168
171
148
194
177
169
195
159
180
179
173
173
162
177
185
178
193
171
219
184
182
194
181
179
193
175
186
183
193
167
182
187
185
181
167
171
191
178
186
189
221
170
189
173
179
154
169
184
178
187
169
173
186
207
198
201
210
183
155
160
145
168
200
189
168
194
160
189
180
175
207
196
189
202
154
205
174
176
185
182
180
169
189
202
169
182
167
179
178
199
175
181
180
202
177
189
188
174
175
174
199
185
183
186
209
194
167
196
170
189
185
164
169
186
182
178
210
209
219
174
173
172
174
165
215
190
177
174
181
169
178
170
204
179
187
141
175
170
194
163
184
186
187
178
174
179
179
173
174
172
179
176
198
192
180
186
196
189
183
184
178
200
201
185
183
183
172
171
180
179
192
176
204
164
175
203
204
201
170
191
179
196
212
183
180
180
200
178
190
178
189
179
182
197
176
180
181
187
203
194
173
182
169
208
201
182
177
177
181
176
191
186
169
188
189
177
207
175
185
195
166
189
204
197
200
184
168
179
212
193
178
186
172
186
172
205
167
199
211
182
176
194
151
207
178
182
178
177
173
163
191
188
195
190
188
198
179
201
164
184
168
184
198
195
195
194
191
177
214
191
172
177
172
211
168
200
189
172
194
195
194
202
216
200
202
191
210
199
196
168
207
186
196
189
206
148
186
191
188
179
184
214
180
206
211
197
201
204
190
218
205
193
205
179
183
196
190
190
209
218
184
194
200
228
205
198
187
201
205
187
208
203
187
192
168
197
209
182
190
227
219
203
186
211
191
200
185
214
218
213
241
181
220
199
198
203
193
205
198
188
211
199
191
199
229
177
221
211
214
200
206
242
214
212
179
204
202
199
198
202
204
228
229
220
238
218
218
212
214
206
212
208
220
213
206
208
210
214
203
223
231
215
236
218
214
237
234
211
218
208
237
223
235
213
253
236
210
225
216
224
232
226
226
239
223
247
246
223
224
236
252
224
214
224
228
206
236
224
234
242
207
222
247
212
236
223
197
235
249
240
230
213
228
225
226
246
235
230
223
243
214
218
234
244
257
242
261
242
242
229
238
237
244
223
232
226
232
246
257
244
219
231
250
247
237
261
242
230
228
221
211
227
252
237
211
210
238
251
244
242
231
232
223
236
249
253
249
241
229
213
226
213
230
230
233
234
248
215
221
237
233
222
211
217
225
235
239
235
241
225
224
246
237
223
243
231
221
189
223
211
221
231
238
253
245
191
228
224
192
205
231
206
228
193
231
214
213
240
210
239
216
228
212
210
210
231
236
188
208
210
217
212
226
225
199
228
217
216
211
200
209
220
220
228
209
217
204
222
202
211
203
207
207
191
190
216
212
219
211
195
195
200
202
221
224
195
215
226
210
203
225
210
212
214
204
225
184
205
197
220
194
197
187
194
199
204
205
232
208
206
208
186
214
182
190
202
208
217
203
192
203
187
184
220
208
224
203
190
197
203
203
203
192
184
209
211
222
193
179
212
184
191
230
211
187
177
200
206
197
193
193
190
198
180
180
219
200
194
170
182
192
206
192
188
205
171
173
188
202
202
181
180
201
196
178
187
190
184
218
177
208
172
193
201
199
200
168
186
195
207
188
185
168
204
163
188
180
186
197
173
198
195
202
185
217
200
196
235
184
177
199
188
185
198
209
207
167
187
201
185
195
214
204
173
177
188
181
163
180
179
195
185
229
166
185
205
198
187
203
186
204
185
179
208
217
178
187
187
172
172
191
194
152
169
196
194
192
169
201
173
190
166
174
180
182
219
186
166
184
173
177
198
195
200
189
164
177
147
177
190
188
181
195
164
186
190
196
200
198
191
183
184
198
175
212
173
172
181
196
188
174
176
149
192
214
170
187
186
178
168
177
166
164
182
189
195
178
165
173
179
169
161
170
171
189
161
172
204
199
200
210
198
207
207
181
190
178
166
154
183
164
177
170
174
175
167
190
168
164
181
167
186
207
167
151
184
172
172
173
199
194
162
175
172
176
167
165
165
178
150
150
168
168
183
150
176
160
166
194
168
187
160
163
194
159
170
175
156
172
181
182
203
177
191
162
176
179
175
188
175
158
154
182
151
163
178
179
183
170
183
163
169
164
174
169
162
170
157
166
188
156
149
142
159
170
132
180
159
170
161
132
187
154
189
158
164
169
162
166
171
168
157
199
184
167
184
186
164
160
137
163
183
174
158
161
172
146
169
188
164
159
172
165
166
177
181
178
181
170
172
149
175
148
206
171
173
165
135
160
149
168
161
176
171
175
160
164
161
162
166
143
186
178
178
180
140
155
153
148
149
162
197
163
159
169
165
169
159
167
153
155
160
150
164
167
170
140
146
156
137
167
160
175
153
174
140
144
162
155
153
170
155
158
172
188
162
180
173
168
151
163
165
159
144
149
146
187
148
170
149
161
147
158
136
189
152
163
185
169
174
169
167
147
159
151
143
152
160
151
169
164
171
143
145
163
184
168
165
156
169
159
158
147
153
145
154
169
154
155
144
153
153
162
178
161
160
150
168
148
167
151
133
151
164
155
154
166
154
173
160
164
169
160
160
144
160
145
172
162
147
165
170
142
164
169
142
155
146
156
157
160
137
163
136
146
152
149
148
150
148
158
148
152
144
132
151
136
163
169
171
153
120
147
149
159
149
172
165
153
152
177
143
176
155
166
158
147
171
157
166
168
155
139
149
152
163
138
168
150
124
161
131
155
151
156
160
141
165
147
152
150
152
145
155
163
162
150
152
169
153
128
160
159
123
150
164
165
144
146
153
143
132
134
162
136
143
142
157
153
173
158
165
153
144
148
171
170
155
143
171
169
155
137
129
154
156
142
125
164
162
135
136
146
178
154
141
154
159
152
131
161
159
143
153
146
151
161
155
159
146
164
183
159
137
146
176
149
148
122
134
165
166
139
144
153
143
136
159
161
147
148
158
167
157
149
144
155
165
167
161
175
172
146
131
159
168
155
153
145
189
160
135
149
164
153
153
140
172
163
140
156
150
126
145
147
147
135
141
166
148
146
163
159
160
153
140
164
138
155
156
137
135
171
142
152
146
131
162
155
122
133
153
144
151
165
157
154
142
146
133
175
153
128
133
157
145
124
156
177
146
155
134
155
140
148
165
132
148
155
152
145
167
155
146
143
153
141
157
154
162
141
153
132
129
134
142
185
139
146
156
133
152
139
125
134
152
141
132
147
149
154
163
141
133
162
145
156
167
149
144
159
177
156
153
167
168
162
122
140
159
139
159
132
164
141
154
167
138
149
150
161
134
141
139
163
152
125
159
154
148
137
137
146
164
164
144
153
151
150
144
151
138
127
158
156
131
138
151
144
144
148
139
156
175
129
123
152
128
145
159
143
148
148
155
149
155
144
150
150
131
159
164
153
142
131
152
154
164
156
146
168
141
150
141
151
158
151
144
135
155
147
139
146
127
128
155
149
145
148
141
149
151
123
127
130
131
158
160
148
147
153
142
159
145
149
144
158
139
145
154
159
128
130
141
134
147
148
159
146
129
131
147
144
160
148
147
150
156
133
150
134
159
146
147
144
138
161
150
135
156
166
149
136
139
126
162
137
133
134
147
151
160
144
161
157
168
131
156
154
146
123
137
140
149
143
150
157
143
157
154
142
153
148
139
143
150
154
167
152
130
139
171
147
159
122
145
139
148
132
154
113
144
135
151
172
137
150
157
149
149
155
152
137
140
140
137
138
142
135
136
148
149
133
170
151
151
160
156
137
174
158
150
159
140
154
133
146
156
149
135
133
164
137
145
136
163
154
154
139
159
150
166
129
147
165
154
144
143
139
132
140
134
170
156
139
165
128
140
137
149
151
133
137
135
136
160
145
153
124
166
142
153
154
155
148
142
145
138
136
155
144
132
162
151
153
136
143
141
157
131
161
152
154
157
129
155
145
144
140
137
157
148
140
138
166
135
149
162
135
175
146
140
157
141
153
156
139
135
151
153
153
150
149
146
145
151
138
150
141
160
161
139
165
144
132
120
157
149
133
148
137
145
135
127
149
161
137
141
119
139
128
134
164
129
149
143
151
164
144
143
156
148
153
161
151
142
142
145
149
150
129
133
130
134
158
144
151
160
150
148
148
160
152
151
152
144
151
159
147
159
164
120
153
143
137
145
126
129
152
128
126
163
153
152
133
147
137
140
150
135
146
139
143
140
143
156
140
136
164
122
138
141
141
132
140
160
123
120
120
143
144
154
146
141
147
138
122
162
177
142
156
127
131
138
118
147
141
140
132
145
129
151
162
164
111
150
145
132
139
157
122
149
136
145
146
155
136
141
144
150
142
145
131
139
136
132
124
140
159
130
152
161
166
137
141
138
132
143
134
140
164
154
141
147
139
158
152
146
164
143
156
148
154
140
131
143
134
132
154
113
115
135
145
141
150
138
144
160
137
151
147
151
162
148
148
143
145
122
155
138
150
154
152
134
131
157
156
136
134
127
158
121
151
166
144
142
152
165
123
122
182
153
154
152
148
157
160
129
124
154
137
161
142
142
129
155
153
168
153
160
125
157
128
151
158
130
124
138
132
143
178
135
148
131
163
141
149
132
154
151
153
144
136
126
153
132
162
159
144
149
153
143
131
148
146
131
172
148
143
163
149
158
140
136
173
140
151
163
127
165
156
136
127
155
143
136
156
139
153
159
137
157
131
135
126
151
146
138
155
137
140
149
122
185
135
132
138
138
145
111
165
142
169
168
158
151
146
144
129
138
115
149
151
140
138
142
127
156
155
149
140
147
136
166
142
138
125
169
145
126
141
144
148
155
133
142
125
133
157
137
157
133
138
156
150
122
160
160
143
141
162
163
143
171
138
153
147
140
152
162
143
146
153
132
140
161
145
149
143
154
169
146
136
156
146
147
159
143
141
143
145
150
156
164
149
122
158
150
166
120
149
135
146
161
139
147
155
166
147
164
152
133
144
127
135
128
157
145
124
153
159
162
162
152
140
150
142
135
147
148
156
159
145
124
183
154
141
145
146
176
145
128
162
152
127
161
147
152
148
155
146
167
137
155
157
151
145
171
154
144
166
170
129
142
162
162
120
131
141
166
146
156
187
156
143
138
156
139
158
142
154
142
163
158
151
136
140
155
142
132
145
141
147
143
135
131
143
145
150
147
143
141
135
158
137
141
140
152
163
151
157
156
141
148
155
134
145
160
138
151
148
163
135
152
127
149
141
139
145
138
149
160
141
122
138
162
158
156
149
135
160
155
165
164
129
157
183
156
147
149
163
147
151
132
136
159
137
126
156
148
155
145
141
164
125
162
161
158
155
152
163
143
139
130
164
152
143
152
148
167
138
157
131
147
143
162
141
145
159
147
163
141
174
168
158
162
171
166
144
167
164
173
132
148
165
148
167
145
179
145
152
154
146
151
153
145
158
147
146
156
157
155
159
147
137
151
128
157
136
163
154
162
161
154
162
138
152
159
157
143
140
161
132
156
162
136
148
149
155
157
151
149
164
135
144
150
152
141
143
168
150
154
157
155
136
145
165
159
164
146
149
151
166
151
134
141
138
140
145
158
131
139
146
150
171
147
172
139
142
171
166
146
145
161
155
178
152
170
155
142
156
156
159
162
165
169
160
137
155
149
159
156
149
149
160
140
164
139
140
130
141
159
138
164
131
152
162
158
149
153
165
133
155
178
144
136
152
149
146
154
133
151
176
157
142
165
149
153
141
166
145
165
173
166
166
138
133
156
160
156
105
161
153
157
152
159
185
154
154
174
156
179
160
135
133
134
182
148
150
147
152
142
162
137
162
147
157
160
171
162
143
162
153
148
151
165
151
154
185
158
155
157
161
156
158
154
162
144
171
146
163
140
152
155
157
176
165
160
155
159
172
146
167
181
164
178
137
135
137
148
146
171
153
134
176
150
152
155
156
140
164
160
163
157
152
150
156
152
148
145
165
159
158
154
148
151
163
164
165
157
140
159
152
148
145
173
146
174
143
158
158
153
165
148
180
171
173
162
158
176
160
164
135
144
179
161
175
151
148
159
175
148
147
164
169
159
138
134
158
175
182
154
177
162
146
162
160
149
167
149
158
159
176
151
165
169
159
172
162
142
144
136
156
163
155
156
162
171
159
152
178
157
167
162
155
144
168
166
163
178
170
179
174
170
145
153
161
177
149
163
155
128
149
167
172
163
186
141
162
161
187
182
174
187
178
178
144
167
147
170
174
172
172
170
173
142
170
158
188
166
145
153
183
144
173
158
157
168
166
173
158
161
167
179
157
160
144
157
160
166
178
163
157
153
152
165
173
169
169
174
169
187
157
171
167
165
163
164
167
155
172
160
183
151
172
156
165
149
187
168
175
159
165
156
172
172
178
162
160
171
183
154
169
177
174
159
164
164
172
152
166
156
174
163
172
162
161
173
157
148
171
166
147
173
167
182
159
168
172
158
179
189
163
169
151
166
181
144
192
171
165
167
167
185
166
177
184
177
162
171
165
172
163
178
153
167
165
174
171
164
169
153
182
152
167
170
162
161
177
170
127
148
192
194
165
165
171
161
178
163
200
169
177
186
185
180
164
175
187
179
187
168
169
199
199
175
177
185
166
185
157
150
195
171
186
178
142
178
177
174
185
176
156
167
197
174
158
171
168
173
183
185
153
171
179
158
163
177
202
173
181
187
170
173
135
161
170
199
167
187
179
158
177
158
159
157
174
179
181
171
178
189
174
144
174
167
165
167
161
176
172
175
154
169
183
173
181
174
207
191
180
173
183
179
186
155
159
181
167
183
171
170
169
182
166
177
181
177
176
162
174
166
199
181
210
171
194
163
180
185
197
167
177
180
177
167
176
190
162
182
177
167
194
181
184
175
170
179
182
177
182
179
188
185
183
190
160
175
177
186
163
204
155
160
198
182
184
174
170
173
187
210
160
194
187
189
171
150
179
172
183
174
196
188
186
176
176
188
162
185
193
175
165
191
188
185
184
180
168
164
174
158
181
199
169
191
178
165
161
194
175
173
177
183
176
187
174
168
155
185
172
196
212
177
169
186
180
207
177
170
172
187
202
191
194
189
191
175
197
173
195
171
172
170
182
197
175
172
187
188
192
175
168
182
185
185
173
199
179
176
158
179
186
175
201
178
180
179
184
192
191
210
182
185
189
159
189
185
172
181
170
194
176
191
189
183
178
175
187
186
172
169
175
192
174
192
157
157
181
187
167
176
173
190
195
167
175
160
178
187
164
186
161
215
179
171
184
180
170
203
173
194
172
180
186
178
185
178
194
184
140
154
190
173
195
184
178
184
197
185
171
183
191
193
174
181
182
173
185
171
160
173
191
191
175
169
191
173
195
157
182
185
160
170
189
164
175
165
168
160
195
165
213
184
202
166
163
183
180
162
169
149
161
170
178
182
171
172
170
197
181
162
160
171
179
172
187
178
162
165
167
168
179
174
191
163
168
178
184
176
156
159
164
167
163
173
162
145
172
185
163
191
189
147
172
154
160
175
161
175
153
147
166
163
176
165
179
148
170
164
170
192
152
178
160
162
158
154
156
168
162
178
165
147
158
198
166
165
168
177
141
156
166
182
166
172
152
161
164
169
152
166
184
163
169
154
171
169
154
150
154
144
171
172
143
162
152
159
147
144
158
159
154
155
158
147
151
154
157
156
145
141
157
174
157
162
142
149
156
143
161
144
157
149
143
153
148
144
185
144
164
151
130
175
149
145
155
153
141
165
154
163
151
143
162
152
138
139
129
151
137
150
135
156
159
164
159
159
142
133
144
164
142
127
147
137
135
145
148
121
174
151
153
158
150
149
150
141
147
134
144
137
143
131
134
129
132
125
141
133
145
134
164
137
158
130
124
157
135
142
107
136
136
119
135
145
132
135
121
128
143
132
117
127
138
123
142
134
136
120
149
151
115
131
135
151
153
127
126
157
131
156
122
126
137
133
136
118
148
133
121
126
138
146
114
164
126
140
118
116
159
127
139
127
131
116
124
128
141
143
134
127
110
123
130
135
129
108
132
136
139
134
107
131
127
133
130
123
141
127
127
122
134
115
137
142
124
156
113
150
134
131
125
135
114
119
119
109
126
129
110
114
119
131
142
101
127
118
104
104
121
130
135
133
133
111
124
116
138
137
137
122
115
137
125
116
130
109
122
115
124
114
113
126
111
116
118
120
118
117
127
107
132
132
111
116
112
118
122
97
148
122
117
137
131
135
156
114
115
130
100
107
130
102
120
113
115
110
124
113
128
114
124
130
116
108
128
134
129
120
129
110
119
137
105
113
112
117
122
125
131
141
147
125
112
102
112
131
109
129
103
103
124
116
98
109
114
110
125
115
128
110
105
106
127
108
98
107
105
115
114
93
134
110
105
122
119
123
116
125
120
123
120
127
124
134
117
101
110
107
114
125
101
128
97
108
120
124
91
100
113
110
96
113
113
112
92
149
119
131
103
128
110
119
116
106
121
104
108
105
122
114
140
113
112
110
124
117
121
125
132
119
117
104
116
95
129
135
122
129
128
93
108
130
111
114
99
112
106
106
114
114
107
119
132
118
112
115
106
119
103
124
81
124
104
109
111
115
106
125
115
113
110
115
105
121
92
118
106
119
119
122
85
124
106
114
98
124
113
127
111
118
96
97
103
115
105
110
101
130
93
109
113
103
122
104
124
118
122
109
106
109
93
121
118
101
114
115
117
110
116
100
90
96
100
100
117
107
113
92
95
110
106
103
115
121
102
97
109
89
119
106
79
105
105
107
97
102
109
93
103
83
104
104
99
116
106
99
105
101
104
85
88
112
118
102
117
101
104
111
101
124
107
128
95
105
94
93
95
91
114
110
105
112
111
97
107
109
93
122
103
107
108
122
109
99
109
134
103
116
102
112
106
114
114
121
107
120
122
108
95
107
117
97
92
112
96
120
104
105
113
109
100
96
109
85
103
113
123
107
105
106
137
125
114
109
97
108
100
128
103
125
115
110
116
116
123
120
127
108
118
104
107
128
98
121
138
112
111
109
99
116
119
109
123
107
111
118
100
118
83
115
111
105
126
126
113
112
137
109
132
106
129
130
106
115
113
101
106
125
116
125
116
115
112
106
119
93
109
127
135
109
100
131
134
126
132
138
138
114
126
141
134
134
137
134
144
124
112
140
114
137
136
126
129
123
125
132
121
142
138
126
126
145
140
131
134
127
136
113
138
124
141
156
129
127
143
112
125
135
149
136
135
126
131
138
138
120
132
138
177
144
151
165
144
140
153
143
144
165
147
156
168
146
160
183
141
133
152
143
155
158
148
133
159
153
167
173
168
150
173
144
162
184
200
187
175
168
148
165
162
164
184
168
178
196
175
178
181
205
187
166
150
187
190
193
179
195
211
169
206
198
191
213
208
221
202
192
212
220
195
197
190
195
216
198
198
230
180
191
184
207
200
245
206
208
236
254
228
206
233
222
251
207
233
253
208
264
229
236
260
237
247
252
224
253
254
245
267
224
247
278
228
232
276
249
262
278
260
257
254
286
264
248
248
279
267
265
290
249
278
268
288
252
297
277
285
296
292
278
303
279
291
279
294
283
311
306
283
311
283
303
324
314
298
293
340
267
286
312
339
298
322
296
340
297
310
297
309
364
332
306
323
317
343
362
326
338
372
318
354
373
355
354
340
313
376
341
352
351
349
316
362
324
378
335
337
345
362
336
329
337
353
384
360
335
344
346
343
363
356
373
388
369
387
359
390
397
383
348
342
361
360
379
385
347
372
399
330
386
407
350
387
364
391
349
353
375
360
397
398
402
369
348
363
358
379
375
355
367
380
389
349
359
359
354
359
386
370
363
339
371
389
378
382
335
347
368
363
362
366
364
353
356
380
343
384
368
346
361
354
327
383
343
375
349
327
324
371
342
344
371
355
373
357
328
311
371
357
326
323
320
313
278
326
309
309
320
310
280
341
338
311
325
330
305
327
306
330
322
304
334
325
291
349
306
323
284
310
290
292
322
289
293
268
293
290
275
269
305
280
265
254
282
276
257
257
306
271
255
265
279
255
250
273
255
270
252
249
269
245
241
244
256
253
230
270
266
232
226
241
233
239
224
227
200
232
229
222
221
232
233
225
224
213
207
196
209
225
204
208
198
201
205
196
187
195
170
209
171
184
170
163
189
185
186
193
172
195
175
183
163
154
171
169
166
156
198
159
158
159
162
149
161
159
151
146
142
150
123
152
142
148
133
145
131
123
153
149
145
127
147
123
135
144
108
143
132
125
114
134
118
114
124
102
110
121
119
126
95
121
106
125
106
117
105
112
109
115
86
101
110
104
125
117
98
84
92
100
97
100
110
81
90
108
89
89
89
74
96
88
86
84
70
76
88
85
83
99
89
79
92
78
88
74
61
81
63
87
82
90
97
85
72
80
66
87
75
66
83
95
75
75
71
73
66
69
81
78
68
61
71
75
79
67
58
72
61
59
73
78
70
63
78
74
63
69
77
75
68
66
58
82
78
60
63
59
65
72
77
89
86
75
62
70
68
69
66
71
72
73
71
59
80
64
71
99
68
77
70
84
78
85
75
68
93
84
77
69
67
74
90
82
86
80
88
89
77
75
86
97
86
90
93
70
88
81
80
83
98
73
85
92
85
96
85
82
80
85
97
78
94
93
94
79
99
105
77
83
109
102
104
99
86
99
92
123
105
104
141
98
89
112
107
119
114
111
97
98
112
117
102
90
115
116
96
90
114
136
111
123
111
122
144
127
129
104
120
121
139
125
140
149
121
121
139
132
133
145
115
126
141
136
134
124
145
141
159
149
151
142
150
144
148
143
152
130
141
145
147
155
158
159
151
145
145
163
163
166
156
165
179
170
164
175
181
159
154
161
191
170
177
172
184
174
177
171
165
186
192
184
203
198
202
198
180
225
177
201
179
185
186
194
210
233
202
205
179
212
209
194
207
183
214
208
213
199
195
206
204
204
216
237
248
240
201
210
236
199
242
201
229
249
197
250
230
235
205
234
234
214
222
256
247
220
252
249
234
234
247
226
247
259
283
254
281
237
243
269
240
269
253
262
250
260
233
272
290
262
239
242
262
263
293
272
283
267
265
246
249
284
257
258
273
272
267
326
280
249
274
276
265
282
257
288
296
317
245
313
291
277
307
278
293
271
292
294
309
283
259
258
276
285
307
308
314
277
296
297
277
276
273
307
296
295
291
293
312
308
277
275
274
288
306
288
283
268
297
294
272
315
276
269
296
294
243
286
302
281
285
311
266
285
277
300
300
265
300
289
266
285
290
271
286
264
274
303
287
286
281
267
293
262
265
271
269
265
254
300
250
263
262
273
278
294
267
253
281
243
299
248
271
253
232
242
265
281
246
244
238
262
270
241
268
274
257
220
281
238
216
248
248
264
276
256
214
210
240
250
220
267
256
244
235
228
239
245
236
216
235
224
234
216
198
255
229
212
233
260
203
199
227
215
211
197
205
217
210
194
202
227
205
238
185
188
222
221
209
216
182
180
189
196
184
175
163
188
195
180
187
171
174
185
163
163
201
173
181
177
155
159
186
148
158
149
163
149
152
164
158
174
148
145
129
149
146
162
144
143
127
153
144
128
149
139
140
148
132
129
116
140
134
135
105
129
130
146
114
126
133
122
107
123
109
104
108
103
103
114
114
105
99
94
111
97
102
89
86
109
92
90
85
85
96
99
101
75
85
79
82
86
85
89
71
73
96
73
90
87
70
73
72
74
81
77
66
65
75
83
71
89
62
56
60
75
77
61
66
77
56
54
54
67
51
44
61
63
63
58
50
44
43
53
55
43
51
49
47
40
44
46
46
46
59
41
38
46
33
43
44
37
33
44
44
25
29
46
38
32
40
35
36
38
27
35
40
26
30
35
30
31
28
28
24
32
26
20
28
39
41
28
24
32
25
21
23
30
25
20
25
23
23
17
17
19
17
25
24
30
20
19
25
20
23
17
25
17
18
21
17
11
22
19
28
16
21
13
19
15
16
14
22
16
14
17
14
18
17
14
11
13
9
21
10
16
16
16
13
12
15
7
12
12
14
13
13
11
10
8
9
8
10
10
13
10
11
12
11
13
7
13
18
16
8
10
11
8
7
7
7
8
10
9
12
10
9
16
7
9
6
6
13
15
8
8
8
9
12
14
8
8
6
6
8
7
10
8
8
15
2
12
8
8
8
3
8
5
8
3
8
8
6
2
5
4
4
8
9
4
12
7
8
11
9
4
6
10
7
9
1
11
0
12
10
4
6
3
4
6
6
5
5
5
11
6
7
6
2
16
6
2
8
4
2
6
3
5
2
7
3
2
2
3
6
4
6
3
6
5
4
6
5
8
5
7
2
6
5
8
8
4
1
4
4
4
8
9
5
6
13
6
2
3
7
2
2
3
2
2
6
7
1
1
5
5
3
9
6
5
3
4
2
4
2
4
1
5
0
4
3
2
4
5
6
3
3
3
4
1
10
7
2
1
2
1
4
4
6
6
5
5
1
2
1
4
4
3
4
2
5
2
1
4
5
3
4
1
4
5
1
2
4
2
7
5
4
4
4
2
7
5
3
3
5
6
6
1
1
1
3
7
1
5
4
2
5
1
3
0
2
2
1
3
5
4
3
3
4
3
5
2
5
5
4
2
5
2
2
2
4
3
1
1
2
2
1
1
1
2
2
4
1
3
1
3
1
2
1
3
3
5
4
1
6
3
2
0
5
0
7
1
2
9
1
4
3
7
1
1
1
2
2
4
1
2
2
1
2
1
3
1
2
0
1
2
6
6
2
2
1
1
2
2
2
2
6
1
1
5
2
2
4
1
4
6
1
2
0
2
2
6
0
1
2
3
0
4
6
7
6
2
2
0
3
3
3
2
0
1
1
1
4
0
1
3
4
3
1
3
1
3
2
0
2
4
0
2
3
1
1
4
0
5
1
2
4
3
3
3
3
0
2
5
1
3
4
4
1
4
1
2
2
4
2
1
4
2
3
5
1
2
5
1
2
2
2
1
2
2
1
3
0
0
2
2
3
3
2
0
2
2
2
3
3
1
2
4
2
5
2
0
4
1
1
2
2
1
2
3
3
3
4
1
2
2
0
2
2
2
3
1
0
2
3
0
3
3
2
0
2
1
4
5
5
5
3
3
4
2
2
1
1
0
3
2
1
2
2
1
1
0
2
0
1
1
2
3
2
2
5
3
3
2
3
2
3
2
0
1
1
3
1
4
2
2
4
1
2
2
2
5
5
2
1
4
2
2
5
4
4
0
1
0
3
2
0
1
3
3
1
1
1
2
2
5
3
1
1
0
2
0
0
1
2
0
2
2
2
2
2
3
2
2
2
5
4
1
0
1
3
1
1
5
3
2
2
1
2
0
0
0
1
3
3
0
4
1
1
2
3
2
1
1
6
0
3
2
2
1
6
3
2
3
1
1
0
1
4
1
1
1
1
2
3
1
2
5
1
2
3
3
1
4
3
1
2
0
2
0
6
2
2
2
0
2
2
3
1
6
4
2
1
4
4
0
2
1
2
2
1
2
1
0
3
2
3
1
2
3
1
2
3
3
1
1
1
0
1
0
0
3
2
2
1
2
1
3
3
2
1
1
4
3
1
0
1
2
3
0
2
2
1
2
2
3
0
2
1
2
2
1
4
1
0
2
2
0
2
2
2
3
3
1
3
2
2
2
5
1
1
2
2
3
1
0
5
0
0
3
5
1
2
1
1
5
1
1
1
4
1
1
0
1
0
2
3
2
1
3
2
1
4
1
2
0
3
0
1
1
0
1
1
0
2
2
3
4
3
3
3
2
6
4
3
3
2
4
4
7
5
11
13
6
10
15
13
11
16
14
14
18
21
26
19
18
22
19
18
29
30
20
25
23
33
29
38
30
40
46
41
48
46
36
46
41
51
49
46
40
44
51
56
41
47
60
45
31
41
44
45
45
44
41
54
48
58
48
45
40
48
37
50
33
46
51
42
44
55
44
43
40
25
35
40
32
41
25
26
24
18
20
17
15
11
8
7
4
8
6
2
8
2
0
3
0
3
3
6
1
2
3
3
3
1
1
1
0
0
0
0
0
0
0
0
0
0
0
0
0
0
0
0
0
0
0
0
0
0
0
0
0
0
0
0
0
0
0
0
0
0
0
0
0
0
0
0
0
0
0
0
0
0
0
0
0
0
0
0
0
0
0
0
0
0
0
0
0
0
0
0
0
0
0
0
0
0
0
0
0
0
0
0
0
0
0
0
0
0
0
0
0
0
0
0
0
0
0
0
0
0
0
0
0
0
0
0
0
0
0
0
0
0
0
0
0
0
0
0
0
0
0
0
0
0
0
0
0
0
0
0
0
0
0
0
0
0
0
0
0
1
0
0
0
0
0
0
0
0
0
0
0
0
0
0
0
0
0
0
0
0
0
0
0
0
0
0
0
0
0
0
0
0
0
0
0
0
0
0
0
0
0
0
0
0
0
0
0
0
0
0
0
0
0
0
0
0
0
0
0
0
0
0
0
0
0
0
0
0
0
0
0
0
0
0
0
0
0
0
0
0
0
0
0
0
0
0
0
0
0
0
0
0
0
0
0
0
0
0
0
0
0
0
0
0
0
0
0
0
0
0
0
0
0
0
0
0
0
0
0
0
0
0
0
0
0
0
0
0
0
0
0
0
0
0
0
0
0
0
0
0
0
0
0
0
0
0
0
0
0
0
0
0
0
0
0
0
0
0
0
0
0
0
0
0
0
0
0
0
0
0
0
0
0
0
0
0
0
0
0
0
0
0
0
0
0
0
0
0
0
0
0
0
0
0
0
0
0
0
0
0
0
0
0
0
0
0
0
0
0
0
0
0
0
0
0
0
0
0
0
0
0
0
0
0
0
0
0
0
0
0
0
0
0
0
0
0
0
0
0
0
0
0
0
0
0
0
0
0
0
0
0
0
0
0
0
0
0
0
0
0
0
0
0
0
0
0
0
0
0
0
0
0
0
0
0
0
0
0
0
0
0
0
0
0
0
0
0
0
0
0
0
0
0
0
0
0
0
0
0
0
0
0
0
0
0
0
0
0
0
0
0
0
0
0
0
0
0
0
0
0
0
0
0
0
0
0
0
0
0
0
0
0
0
0
0
0
0
0
0
0
0
0
0
0
0
0
0
0
0
0
0
0
0
0
0
0
0
0
0
0
0
0
0
0
0
0
0
0
0
0
0
0
0
0
0
0
0
0
0
0
0
0
0
0
0
0
0
0
0
0
0
0
0
0
0
0
0
0
0
0
0
0
0
0
0
0
0
0
0
0
0
0
0
0
0
0
0
0
0
0
0
0
0
0
0
0
0
0
0
0
0
0
0
0
0
0
0
0
0
0
0
0
0
0
0
0
0
0
0
0
0
0
0
0
0
0
0
0
0
0
0
0
0
0
0
0
0
0
0
0
0
0
0
0
0
0
0
0
0
0
0
0
0
0
0
0
0
0
0
0
0
0
0
0
0
0
0
0
0
0
0
0
0
0
0
0
0
0
0
0
0
0
0
0
0
0
0
0
0
0
0
0
0
0
0
0
0
0
0
0
0
0
0
0
0
0
0
0
0
0
0
0
0
0
0
0
0
0
0
0
0
0
0
0
0
0
0
0
0
0
0
0
0
0
0
0
0
0
0
0
0
0
0
0
0
0
0
0
0
0
0
0
0
0
0
0
0
0
0
0
0
0
0
0
0
0
0
0
0
0
0
0
0
0
0
0
0
0
0
0
0
0
0
0
0
0
0
0
0
0
0
0
0
0
0
0
0
0
0
0
0
0
0
0
0
0
0
0
0
0
0
0
0
0
0
0
0
0
0
0
0
0
0
0
0
0
0
0
0
0
0
0
0
0
0
0
0
0
0
0
0
0
0
0
0
0
0
0
0
0
0
0
0
0
0
0
0
0
0
0
0
0
0
0
0
0
0
0
0
0
0
0
0
0
0
0
0
0
0
0
0
0
0
0
0
0
0
0
0
0
0
0
0
0
0
0
0
0
0
0
0
0
0
0
0
0
0
0
0
0
0
0
0
0
0
0
0
0
0
0
0
0
0
0
0
0
0
0
0
0
0
0
0
0
0
0
0
0
0
0
0
0
0
0
0
0
0
0
0
0
0
0
0
0
0
0
0
0
0
0
0
0
0
0
0
0
0
0
0
0
0
0
0
0
0
0
0
0
0
0
0
0
0
0
0
0
0
0
0
0
0
0
0
0
0
0
0
0
0
0
0
0
0
0
0
0
0
0
0
0
0
0
0
0
0
0
0
0
0
0
0
0
0
0
0
0
0
0
0
0
0
0
0
0
0
0
0
0
0
0
0
0
0
0
0
0
0
0
0
0
0
0
0
0
0
0
0
0
0
0
0
0
0
0
0
0
0
0
0
0
0
0
0
0
0
0
0
0
0
0
0
0
0
0
0
0
0
0
0
0
0
0
0
0
0
0
0
0
0
0
0
0
0
0
0
0
0
0
0
0
0
0
0
0
0
0
0
0
0
0
0
0
0
0
0
0
0
0
0
0
0
0
0
0
0
0
0
0
0
0
0
0
0
0
0
0
0
0
0
0
0
0
0
0
0
0
0
0
0
0
0
0
0
0
0
0
0
0
0
0
0
0
0
0
0
0
0
0
0
0
0
0
0
0
0
0
0
0
0
0
0
0
0
0
0
0
0
0
0
0
0
0
0
0
0
0
0
0
0
0
0
0
0
0
0
0
0
0
0
0
0
0
0
0
0
0
0
0
0
0
0
0
0
0
0
0
0
0
0
0
0
0
0
0
0
0
0
0
0
0
0
0
0
0
0
0
0
0
0
0
0
0
0
0
0
0
0
0
0
0
0
0
0
0
0
0
0
0
0
0
0
0
0
0
0
0
0
0
0
0
0
0
0
0
0
0
0
0
0
0
0
0
0
0
0
0
0
0
0
0
0
0
0
0
0
0
0
0
0
0
0
0
0
0
0
0
0
0
0
0
0
0
0
0
0
0
0
0
0
0
0
0
0
0
0
0
0
0
0
0
0
0
0
0
0
0
0
0
0
0
0
0
0
0
0
0
0
0
0
0
0
0
0
0
0
0
0
0
0
0
0
0
0
0
0
0
0
0
0
0
0
0
0
0
0
0
0
0
0
0
0
0
0
0
0
0
0
0
0
0
0
0
0
0
0
0
0
0
0
0
0
0
0
0
0
0
0
0
0
0
0
0
0
0
0
0
0
0
0
0
0
0
0
0
0
1
0
0
1
0
0
0
0
0
0
0
0
1
0
0
0
1
0
0
0
0
0
0
0
1
1
1
2
0
1
0
0
0
0
0
0
2
0
0
0
1
0
0
1
1
1
0
0
1
0
0
0
1
0
0
1
0
1
1
2
0
1
0
1
0
0
1
1
1
1
1
0
1
1
0
0
0
0
1
0
0
0
2
0
0
0
0
1
1
0
1
1
0
1
0
3
0
0
1
0
1
0
0
1
2
0
2
1
4
1
1
9
9
13
13
23
30
48
42
62
95
111
97
129
121
151
157
