35
53
57
40
19
23
21
19
10
18
21
43
25
31
33
41
43
41
54
54
82
62
89
90
119
109
138
177
182
219
231
246
282
303
364
400
381
422
417
435
496
474
444
464
422
422
423
417
357
355
347
298
294
268
263
235
270
266
310
331
337
370
407
443
506
497
509
543
575
592
563
620
618
605
620
608
584
550
507
511
525
489
455
481
511
502
477
473
441
548
495
538
575
570
588
633
554
546
498
529
497
486
473
405
406
374
333
279
261
259
237
202
197
172
169
146
131
139
114
99
87
82
86
77
62
79
56
66
62
68
76
58
77
51
70
68
54
63
70
66
84
75
79
92
94
101
96
111
131
107
123
145
145
144
176
181
196
221
206
229
220
267
288
300
309
313
312
340
361
397
406
424
414
458
515
468
486
535
582
575
545
569
644
631
695
676
706
727
758
800
733
837
872
873
812
916
938
974
1067
1089
1106
1119
1153
1323
1350
1385
1405
1475
1590
1694
1734
1769
1909
1972
2106
2216
2248
2365
2425
2545
2654
2785
2785
2852
2805
3067
3048
3087
3192
3214
3187
3333
3409
3325
3209
3424
3238
3259
3253
3122
3041
3044
2919
2815
2730
2745
2522
2397
2350
2182
2136
2041
1849
1809
1646
1517
1436
1316
1203
1084
1092
955
840
823
685
687
624
578
471
451
400
351
296
281
259
228
183
194
170
145
116
126
109
98
98
79
73
46
62
64
45
52
45
40
50
37
38
44
53
43
34
43
41
30
37
47
31
39
41
31
36
34
22
46
30
31
35
32
33
46
33
49
44
29
44
37
38
45
34
42
38
32
40
31
29
23
31
39
39
28
33
38
38
33
34
37
30
27
28
38
39
28
24
41
36
29
31
20
37
32
27
34
30
33
37
30
42
28
27
33
31
33
36
35
34
44
38
27
29
30
32
32
28
28
24
21
33
44
41
32
36
38
34
30
39
30
31
27
40
37
40
23
37
35
33
29
43
35
45
39
34
29
27
36
35
29
32
31
37
34
34
32
32
40
33
31
26
38
27
28
19
32
23
29
28
30
28
30
35
31
19
35
34
27
32
36
33
36
28
33
38
34
30
28
34
28
29
35
21
29
22
23
30
30
26
34
28
24
31
24
21
30
39
25
26
25
29
29
38
22
33
30
44
31
25
25
30
25
32
27
28
30
21
26
23
28
30
21
35
29
21
32
25
19
28
27
27
24
19
22
34
30
30
29
21
28
28
21
18
30
20
26
25
25
27
21
23
21
22
21
18
28
30
22
36
32
34
20
29
27
29
21
20
33
36
34
26
14
26
24
25
25
18
29
18
35
18
18
24
25
13
26
23
26
29
23
29
23
25
21
26
14
25
32
18
22
16
28
22
25
18
26
26
18
18
22
26
24
27
27
29
26
22
19
20
21
17
26
28
28
17
22
21
26
19
17
19
20
24
24
17
14
29
23
24
21
23
21
22
26
14
29
16
18
22
18
18
20
13
30
16
25
16
29
12
25
25
22
20
33
18
23
23
14
19
19
18
21
24
23
16
27
17
28
19
27
9
26
21
22
23
20
18
25
16
19
23
15
18
24
20
25
27
21
25
15
24
10
11
19
17
10
17
21
17
17
23
18
13
17
14
19
11
21
19
12
19
21
17
16
23
16
16
19
20
22
15
13
18
11
13
26
22
14
23
15
17
22
20
16
24
23
23
19
22
22
17
26
13
24
13
27
15
14
24
15
10
11
23
19
17
13
17
23
18
23
15
19
23
25
18
22
19
19
17
19
14
18
16
16
18
17
17
22
19
17
13
18
18
14
17
12
16
14
13
13
20
19
14
22
17
12
17
20
14
26
19
21
19
14
15
20
15
14
21
10
15
13
15
18
17
17
21
16
13
17
20
13
10
17
8
22
12
23
13
17
17
20
16
16
18
15
18
17
18
15
8
21
13
16
13
14
14
15
15
13
15
16
13
21
22
21
15
13
17
14
14
17
7
19
16
19
18
16
17
16
8
10
9
12
7
9
13
9
20
18
11
16
21
11
18
15
19
15
14
16
16
15
17
17
16
18
13
12
12
12
18
10
14
15
14
10
15
7
9
9
17
11
12
15
18
16
11
12
10
15
7
11
14
16
21
17
9
11
11
16
14
10
16
12
17
8
15
11
9
15
11
9
13
15
12
13
11
13
14
16
9
13
18
11
16
18
15
9
12
17
18
12
16
5
13
15
11
10
13
11
10
9
15
4
9
16
18
9
13
14
15
12
19
10
9
10
11
12
20
14
15
12
10
8
21
13
15
10
14
16
16
17
20
12
19
19
6
11
12
12
14
6
20
15
17
11
18
9
16
14
7
11
14
9
9
8
14
12
15
19
14
11
15
12
18
11
12
10
10
13
18
14
11
11
15
15
9
12
8
11
19
10
10
13
8
12
6
6
7
15
14
7
7
17
13
8
8
11
16
10
10
13
3
9
11
11
10
17
13
8
9
11
11
15
10
11
6
11
9
8
14
8
10
6
10
5
8
8
8
10
5
9
5
12
8
11
7
10
9
13
7
8
8
4
10
11
8
5
12
4
6
7
13
5
16
4
8
9
8
9
5
6
5
10
5
15
13
6
5
5
10
5
9
6
11
6
13
8
10
12
6
2
9
9
7
10
9
6
11
7
9
12
13
8
10
9
10
20
15
7
9
5
7
7
12
4
7
8
6
9
11
12
8
8
4
7
8
8
9
8
9
13
6
8
9
8
7
13
14
8
7
10
9
5
12
8
12
5
14
6
7
10
9
7
6
6
5
8
6
11
4
5
9
6
4
7
6
4
17
7
10
5
8
9
10
3
11
10
7
7
10
16
5
9
9
6
8
5
11
4
6
9
11
14
8
5
10
12
6
8
12
4
2
4
7
7
6
16
12
3
5
11
7
5
5
11
7
7
9
10
7
5
4
7
6
12
7
7
10
5
7
7
4
8
2
7
11
9
3
6
7
8
7
7
3
7
3
7
6
4
5
9
7
9
6
5
11
13
4
8
6
8
5
9
7
7
9
4
8
4
8
4
5
6
7
7
8
4
2
3
7
6
6
8
3
10
5
7
6
8
4
7
8
6
10
5
5
11
6
5
7
3
5
5
6
6
4
6
9
5
8
9
13
9
9
3
5
10
5
5
2
6
5
3
8
6
10
4
7
4
5
3
7
6
7
7
3
6
6
10
7
11
7
9
5
2
6
6
6
8
6
7
6
11
5
4
7
6
9
7
7
3
7
5
8
5
7
6
6
8
13
11
3
5
9
2
6
6
7
5
3
2
3
5
9
7
5
7
6
3
4
11
5
5
6
2
6
7
4
10
8
5
3
11
5
5
4
6
4
10
8
8
4
5
2
4
6
7
6
5
7
8
6
6
7
6
2
5
6
8
5
4
5
11
4
7
6
5
4
6
3
3
3
8
3
3
7
9
5
7
8
8
8
3
6
5
6
4
5
9
8
7
5
4
6
5
3
6
2
8
3
4
5
8
5
5
4
3
4
4
3
2
6
3
5
5
6
7
5
3
8
4
6
2
4
3
4
5
6
6
8
9
5
5
2
3
5
7
3
6
3
7
2
5
3
3
5
6
3
6
6
5
5
2
1
8
5
6
5
4
5
2
7
7
4
5
2
3
8
5
4
2
4
3
11
4
2
9
3
4
7
6
1
1
6
3
4
1
3
2
2
3
3
3
5
2
3
5
4
1
4
2
5
3
5
5
4
5
5
4
2
4
7
7
4
3
7
2
7
5
5
7
2
6
3
7
8
4
3
5
4
6
1
4
2
5
8
3
4
5
1
2
5
2
6
2
5
3
6
5
6
4
1
3
3
0
1
4
4
0
2
3
4
6
3
5
4
8
2
4
3
4
6
11
6
4
2
3
7
4
4
3
2
2
2
2
6
6
1
4
2
3
1
3
3
2
6
7
2
1
3
7
0
6
4
2
6
3
5
4
4
4
3
4
0
1
6
1
6
4
4
7
5
5
2
5
1
5
2
3
4
2
3
3
11
5
4
3
4
3
3
1
9
2
3
4
4
5
1
6
7
4
4
3
6
4
3
3
1
6
3
7
4
3
6
1
4
7
2
3
5
7
1
5
4
5
2
1
3
6
0
2
9
6
5
3
3
4
3
1
4
2
7
7
4
2
6
5
3
5
4
5
2
6
2
5
1
4
2
3
3
5
1
6
5
1
5
5
2
6
3
3
2
0
6
2
2
2
3
1
3
3
4
4
4
1
2
3
1
4
0
2
1
8
3
2
3
5
3
3
6
4
2
1
3
6
3
4
5
4
4
5
7
6
2
6
7
4
3
2
1
4
6
6
4
5
1
5
3
4
1
4
2
4
5
4
2
5
4
1
4
5
0
2
4
0
2
2
4
3
5
1
2
2
4
2
3
2
3
2
2
4
2
1
4
2
4
3
6
3
1
1
4
6
2
3
2
2
4
7
5
3
4
5
2
2
6
2
4
4
3
3
3
3
2
2
7
2
2
7
3
4
3
4
3
3
4
0
1
3
1
2
4
4
3
2
7
2
1
4
2
2
5
1
2
2
2
2
4
4
6
7
1
2
2
3
3
2
7
5
2
0
2
5
4
3
1
3
0
2
4
4
2
4
4
6
5
3
4
4
3
5
4
4
4
2
2
0
3
1
4
1
3
3
1
3
4
2
3
5
4
2
2
1
3
1
3
3
2
7
3
5
1
1
1
1
3
5
3
4
2
1
5
2
2
2
3
3
2
4
1
4
4
4
0
2
3
6
1
2
4
2
2
7
3
2
3
1
1
3
1
3
4
2
2
2
2
2
1
4
1
3
4
3
0
3
3
4
7
0
1
2
1
1
6
0
3
1
3
2
5
1
3
1
3
3
1
4
5
3
2
3
2
3
0
1
2
1
1
4
1
1
0
0
0
5
6
0
4
3
2
1
2
1
4
3
1
6
1
5
0
1
3
0
1
2
4
3
2
3
3
3
3
1
3
1
3
2
3
3
0
0
5
2
3
3
2
1
0
6
4
1
2
2
2
0
0
4
3
6
4
2
1
3
1
3
3
0
2
2
5
2
3
2
1
5
1
5
1
0
1
0
0
2
4
2
4
8
1
2
0
3
1
3
4
3
2
2
3
1
1
1
2
2
3
3
2
1
1
5
0
1
2
1
3
1
2
3
3
1
2
2
4
0
2
4
2
5
2
1
4
6
1
4
3
1
5
1
2
4
4
1
3
4
1
3
3
1
0
2
2
1
2
3
2
4
1
0
1
2
2
1
4
2
4
0
1
0
4
5
0
2
2
4
2
2
2
0
4
1
1
6
2
4
1
2
3
2
6
2
2
1
3
3
2
3
3
6
3
3
1
1
3
2
3
2
2
0
3
1
3
2
2
2
6
1
5
1
2
3
0
2
5
4
4
3
2
2
5
3
3
1
2
4
4
2
3
0
3
2
3
1
3
2
2
3
4
2
0
1
4
3
0
6
3
1
2
2
1
3
2
4
1
2
1
2
2
5
2
2
4
1
3
1
4
3
3
2
1
2
1
5
2
3
3
1
1
3
2
2
3
2
4
2
3
4
6
0
4
0
1
1
4
1
1
3
2
0
2
3
2
6
1
3
4
4
3
1
2
1
3
2
3
3
1
2
1
5
2
2
4
5
2
2
3
3
2
1
3
2
3
4
3
4
2
4
2
3
5
0
1
2
2
5
2
3
4
0
5
2
6
0
1
1
1
2
2
2
2
1
0
0
3
5
2
4
1
5
2
1
6
6
4
5
2
2
1
1
0
0
5
1
5
3
3
1
3
6
1
2
3
0
3
5
2
4
2
2
4
1
1
3
1
7
2
2
5
3
5
3
2
4
3
2
0
5
3
4
4
2
4
2
1
1
1
1
3
2
4
1
1
2
1
6
1
3
3
2
2
1
2
2
8
3
4
3
2
4
4
4
5
6
4
3
2
2
2
5
3
2
4
1
2
2
4
4
2
6
3
2
5
3
3
3
1
6
1
8
1
7
3
3
2
4
2
3
4
3
4
4
2
3
4
8
5
4
6
7
4
4
1
3
7
3
7
4
4
6
4
2
4
6
2
5
2
4
5
3
3
1
3
11
2
3
7
1
8
6
6
4
7
5
8
7
5
7
10
5
4
4
5
6
5
4
2
4
4
6
4
3
4
5
5
3
3
5
6
5
6
6
3
4
3
1
3
1
5
2
3
5
0
5
4
2
5
10
5
7
12
3
4
5
11
1
5
8
3
8
4
6
3
4
3
5
3
6
5
3
5
4
1
2
3
4
3
2
3
5
6
3
5
1
2
3
5
3
2
2
3
4
2
3
2
3
3
3
4
9
4
3
4
5
2
1
6
2
6
1
4
3
1
7
1
3
5
3
3
4
2
3
4
2
1
4
2
0
3
2
1
3
1
2
1
4
3
2
2
3
1
5
1
5
2
3
2
2
2
0
2
2
3
4
1
5
2
0
1
1
2
1
1
1
3
4
0
1
3
1
1
3
2
3
2
1
1
1
1
2
3
1
6
0
2
0
0
1
2
2
1
4
0
3
1
1
1
0
0
0
2
1
2
5
2
3
1
1
2
2
2
0
3
2
1
0
1
1
3
1
1
3
1
2
1
3
1
2
2
1
0
3
2
1
2
1
1
4
2
3
2
1
2
2
0
2
2
1
2
1
3
2
0
3
2
1
1
2
3
0
0
3
3
3
2
3
3
0
1
0
0
0
1
1
3
0
1
2
2
2
0
1
1
2
0
0
1
0
2
1
2
0
1
1
0
4
0
1
1
2
2
3
0
1
0
1
2
2
0
1
3
2
1
1
1
3
1
2
2
2
0
1
0
0
1
2
0
1
1
2
0
0
0
0
2
0
2
0
1
2
0
1
1
0
2
0
1
2
2
1
0
3
3
2
2
0
3
1
1
3
0
2
2
0
3
0
1
1
0
1
1
2
0
2
1
3
0
1
1
0
1
0
1
1
0
0
2
0
0
3
0
1
0
3
2
0
0
0
3
0
1
1
1
0
1
0
0
0
0
0
2
2
0
0
1
0
0
1
2
0
1
2
1
0
0
1
0
2
2
1
1
1
1
2
1
1
2
0
1
1
0
0
0
1
1
0
0
2
3
2
0
0
0
0
2
1
1
0
1
2
2
0
1
0
2
1
1
0
2
4
0
3
1
4
1
0
2
4
2
0
2
0
1
1
1
0
0
3
0
0
2
1
1
3
1
0
2
1
0
4
0
2
3
0
0
3
1
1
0
1
0
1
2
1
0
1
3
1
0
0
1
0
0
2
3
1
6
0
1
0
0
0
0
1
1
2
3
1
0
2
1
3
0
1
0
0
4
1
1
2
3
2
0
1
2
0
1
1
2
0
1
1
2
0
0
1
1
1
0
1
1
1
2
0
2
2
0
1
1
1
2
1
2
0
0
0
1
1
1
2
1
0
3
2
0
2
0
0
0
1
3
1
0
1
0
0
0
0
2
0
1
2
2
2
1
0
3
1
2
0
0
1
2
1
0
1
0
0
1
2
3
2
0
0
0
0
1
1
2
2
1
1
0
0
1
1
2
0
1
3
0
1
1
2
0
0
0
0
0
2
0
0
1
0
1
0
0
1
1
0
1
1
0
3
1
1
0
0
0
0
0
0
2
0
0
1
2
0
0
0
0
1
3
0
0
0
0
0
0
1
1
0
1
2
0
2
0
0
1
1
0
2
0
0
0
2
2
0
0
1
0
3
1
1
0
0
0
0
1
0
0
1
0
0
0
2
1
1
1
0
0
1
1
3
4
0
1
0
0
0
0
0
0
0
2
1
2
1
0
2
0
2
2
1
2
0
2
2
1
1
1
1
1
2
0
0
1
0
2
0
2
1
0
0
0
0
0
0
1
1
1
3
1
1
1
2
0
2
2
2
0
1
1
2
0
2
0
0
2
2
0
2
2
0
0
1
0
0
0
0
2
1
1
1
0
0
0
2
0
1
2
1
2
0
0
0
0
1
0
0
1
0
0
0
0
1
0
1
2
0
0
0
2
0
1
2
0
0
0
1
3
0
1
3
1
3
2
2
1
1
1
0
0
1
0
0
1
0
1
0
1
0
0
1
0
2
1
1
1
1
0
1
0
0
0
1
1
2
1
0
0
0
1
0
1
0
1
1
1
1
1
0
1
1
2
0
0
0
1
1
2
3
1
0
2
0
1
1
0
1
1
3
0
1
1
1
0
2
1
0
2
1
0
0
1
2
1
1
2
2
0
1
2
1
1
1
3
0
2
0
1
0
1
5
2
0
0
1
0
1
1
0
3
2
0
1
2
1
0
0
2
1
1
2
0
2
1
1
0
0
2
0
1
0
1
2
0
2
0
0
1
2
2
1
1
0
1
0
0
2
2
1
2
2
1
0
1
0
2
3
0
0
1
0
1
2
0
2
3
1
0
1
0
1
1
0
1
0
1
1
0
1
0
4
2
0
1
0
1
2
0
1
1
0
2
0
1
3
0
0
1
1
2
2
2
0
2
0
2
1
2
0
2
3
1
3
1
1
0
4
6
1
0
1
1
0
1
1
3
2
0
0
0
0
1
1
0
2
0
1
0
1
0
1
0
1
1
2
1
0
0
1
3
0
2
4
0
1
0
0
1
1
1
0
1
1
1
1
1
2
0
1
0
0
1
0
0
2
2
0
1
1
2
1
3
2
2
1
2
1
2
0
2
1
4
0
1
1
2
1
2
0
1
0
3
1
1
1
1
0
0
0
0
1
0
1
0
0
0
0
2
2
0
1
0
1
1
0
3
2
1
1
0
1
3
1
0
0
1
0
0
1
1
1
1
1
1
1
1
0
1
0
1
0
0
0
0
0
3
1
1
1
1
0
1
0
0
0
0
0
1
1
2
0
0
1
0
1
0
0
1
1
0
2
0
1
0
0
2
2
0
1
0
2
2
0
1
0
1
0
1
1
0
2
2
0
0
2
0
1
0
0
0
1
3
0
1
0
0
1
1
0
0
2
0
2
1
0
0
0
1
4
0
1
1
0
0
1
1
1
2
0
2
2
1
1
0
0
0
0
0
2
1
1
0
0
1
1
0
0
1
0
2
0
0
1
0
0
0
0
2
0
0
0
0
1
0
1
0
1
1
1
0
0
0
1
1
0
0
1
1
0
1
0
0
1
1
0
1
1
2
0
0
2
2
0
0
2
1
2
2
1
1
0
1
0
0
0
0
0
0
0
0
1
0
0
0
1
0
1
0
1
0
0
0
0
0
0
2
1
0
1
0
1
1
0
1
0
0
1
0
2
0
0
1
0
1
1
0
0
2
1
1
1
2
0
0
0
2
0
1
0
0
0
0
1
0
1
3
1
0
1
1
2
0
0
0
1
1
0
1
1
0
1
0
1
1
1
1
0
2
1
0
0
0
0
0
1
0
0
0
1
1
1
1
2
0
1
0
1
0
0
0
0
1
2
1
0
0
0
0
1
0
0
2
2
0
0
1
1
1
0
0
1
1
0
0
1
0
0
0
0
0
0
0
0
1
1
1
0
0
1
1
2
1
0
0
0
0
1
0
0
1
1
0
1
1
0
0
0
1
1
0
1
0
1
0
1
1
0
0
1
0
0
0
0
2
1
0
2
0
0
1
0
0
1
1
0
0
0
0
2
3
0
1
1
1
1
0
1
0
0
1
0
0
1
0
0
0
1
0
0
0
4
0
1
1
1
1
0
0
1
1
0
0
0
1
1
0
2
4
1
2
0
0
2
2
2
0
0
0
0
2
1
0
0
1
1
0
0
2
0
0
0
1
0
0
0
0
0
1
0
2
0
2
1
0
0
0
1
1
0
0
1
2
1
0
3
0
1
2
0
0
2
1
1
2
0
2
1
0
2
2
1
0
2
0
1
1
2
0
1
1
0
0
1
1
0
0
1
1
2
0
0
0
0
1
0
2
1
1
1
0
1
0
0
0
0
1
1
2
0
1
2
0
2
2
0
1
3
1
0
1
1
0
1
0
1
3
2
0
2
1
0
0
1
2
0
1
0
1
0
1
1
0
1
1
1
2
0
4
0
1
0
1
0
1
0
0
0
0
1
0
0
1
0
0
1
1
1
1
1
2
0
1
0
0
1
1
0
2
1
0
1
0
2
1
0
1
1
0
2
0
0
0
1
0
1
0
1
0
3
0
0
1
2
1
0
1
0
0
0
1
1
1
2
0
0
1
0
1
0
0
0
1
3
0
0
1
3
0
0
1
0
0
0
1
1
0
0
0
1
2
0
1
0
2
1
0
0
0
0
0
1
0
1
0
0
1
0
1
0
2
1
0
0
1
1
1
0
1
0
0
0
0
0
0
0
0
0
1
0
1
0
0
0
0
1
0
0
0
0
1
0
2
0
1
1
1
0
1
1
0
1
0
0
0
0
0
2
0
0
0
0
0
0
1
2
0
0
0
0
2
1
1
1
1
0
0
1
0
2
0
0
0
2
2
1
1
0
0
0
1
2
0
1
0
0
0
0
0
2
1
0
0
0
1
0
1
0
0
1
1
0
1
0
0
1
3
0
1
0
0
0
0
0
1
1
2
1
0
1
0
1
0
2
1
0
0
0
0
1
0
1
0
0
1
0
0
1
1
1
1
2
2
3
0
0
0
0
1
0
3
0
1
0
2
1
1
1
0
2
1
0
1
2
0
3
0
0
0
0
0
0
0
1
1
0
0
1
0
0
2
0
1
0
2
0
1
0
2
1
2
0
1
0
0
1
0
0
1
0
0
1
0
0
0
0
1
0
0
0
0
1
2
0
0
1
2
0
1
0
2
0
1
0
1
0
1
1
0
0
1
0
0
0
0
2
0
0
0
1
0
1
0
0
0
1
0
0
0
2
0
0
0
0
1
0
1
0
0
0
0
2
1
1
1
1
1
1
1
2
0
1
0
1
0
1
1
0
0
3
1
0
0
0
0
2
1
1
0
0
1
0
0
2
0
0
0
1
0
0
3
0
0
0
1
0
2
0
0
0
0
0
0
0
1
2
1
1
0
0
0
0
0
1
0
0
0
1
0
1
1
1
0
1
0
1
0
0
1
1
1
0
0
0
1
1
0
0
1
0
1
2
0
0
0
0
0
0
0
0
0
0
0
1
2
1
2
0
1
0
0
1
1
0
1
0
0
1
0
0
0
0
0
0
1
0
0
0
0
0
0
0
0
0
1
2
0
0
2
0
0
0
0
2
0
0
0
1
0
1
1
1
1
0
1
0
0
0
1
0
0
0
0
0
2
1
0
0
0
0
0
0
0
2
1
1
0
0
0
0
2
0
0
0
1
0
0
1
0
0
1
0
0
0
0
0
0
0
1
1
0
2
0
0
2
1
0
0
0
1
1
0
0
0
0
0
0
1
0
1
0
1
0
0
0
0
1
0
0
0
0
0
1
1
0
1
0
1
0
0
0
1
0
0
0
2
0
1
1
0
0
1
0
0
1
0
0
0
0
0
0
1
0
1
0
0
0
0
2
0
0
0
1
0
0
0
2
0
1
0
0
0
0
0
0
0
1
0
0
1
0
0
0
0
1
0
1
0
2
0
0
0
1
0
1
0
0
0
0
1
1
0
0
1
0
0
0
0
0
0
0
1
1
1
1
0
0
0
0
0
0
0
0
0
1
0
0
0
0
0
0
1
0
0
1
0
0
0
0
1
0
0
1
0
0
1
0
1
1
0
0
0
0
0
0
1
0
0
0
0
0
0
0
1
0
0
0
0
0
0
0
1
0
0
1
1
0
1
0
0
2
0
1
0
0
1
0
0
0
0
0
0
1
0
0
0
0
0
1
0
0
1
0
0
0
0
0
0
0
1
0
0
1
0
1
0
1
0
2
0
0
0
0
0
0
0
0
0
0
1
0
0
0
0
0
0
0
0
0
0
0
0
0
0
2
0
1
0
1
0
0
0
0
0
0
0
0
0
4
0
0
0
0
1
1
0
0
1
0
1
0
1
0
1
0
0
0
0
0
0
1
1
1
0
2
0
0
0
0
0
0
1
1
1
0
1
0
0
0
0
1
3
0
1
0
2
1
0
0
0
0
0
0
0
0
0
0
0
0
1
1
0
0
0
1
0
0
0
0
1
0
2
0
0
0
0
0
2
0
0
0
0
0
2
0
0
1
0
0
1
1
0
0
0
0
1
0
0
0
1
2
0
1
0
0
1
1
0
0
0
0
1
1
0
0
1
1
1
1
0
0
1
0
0
1
0
0
0
1
0
1
1
0
0
0
0
0
0
0
0
0
0
0
1
0
0
0
0
0
0
0
1
0
1
1
1
0
0
0
0
0
0
0
0
1
1
0
0
1
0
1
1
0
0
1
0
0
0
0
0
1
0
0
0
0
0
0
0
1
0
0
0
0
0
0
0
0
0
0
0
1
0
1
0
0
1
0
1
0
0
1
0
0
1
0
0
1
1
0
0
0
0
0
0
0
0
0
0
0
1
0
0
0
1
0
1
0
0
1
0
0
0
1
0
0
1
0
1
0
0
0
0
0
0
0
1
0
0
0
1
0
1
0
0
0
0
1
0
0
0
0
0
0
0
0
1
0
0
0
1
0
0
1
0
0
0
0
0
1
1
1
0
2
0
0
1
0
1
0
0
0
0
0
0
1
0
1
0
1
1
0
1
1
1
0
0
0
0
0
0
1
1
1
0
0
0
0
0
1
0
0
0
0
0
0
1
0
1
1
0
1
1
0
1
0
0
0
0
0
2
0
1
0
1
0
0
0
0
0
0
1
0
1
1
0
1
2
1
0
0
1
0
1
0
1
1
1
0
0
0
1
1
0
1
0
0
1
1
0
0
0
1
1
1
0
1
0
0
2
2
1
0
0
1
0
0
0
0
0
0
1
0
0
0
0
0
0
2
0
0
0
0
0
0
1
2
0
0
0
0
1
1
1
0
0
1
1
2
1
0
0
1
0
0
0
0
2
0
0
2
1
1
2
0
0
0
0
0
2
0
1
0
2
0
0
0
1
1
3
2
0
2
0
1
1
3
0
1
0
1
0
1
2
0
2
2
1
2
1
0
1
0
1
2
1
0
1
0
0
0
1
1
0
1
1
3
1
0
1
0
1
0
1
0
1
1
0
0
1
1
0
0
5
1
0
0
0
0
1
1
2
0
1
1
0
3
3
2
2
2
1
0
0
0
2
0
1
1
2
1
0
0
2
0
0
2
1
1
2
0
1
2
0
1
3
1
0
1
0
1
2
1
0
1
0
0
1
1
0
1
1
0
0
0
0
1
1
1
0
0
1
2
1
0
0
1
1
0
1
1
1
1
0
0
0
0
0
0
2
1
0
0
0
0
2
3
0
2
0
0
1
1
1
1
0
0
0
0
2
0
0
1
1
1
2
0
0
2
1
1
1
0
0
2
1
1
0
1
1
1
2
0
0
0
0
0
2
1
0
0
0
1
0
1
0
2
1
0
0
0
0
1
1
1
0
2
1
0
2
1
0
1
0
0
1
1
1
0
2
2
0
2
1
2
0
0
0
1
2
0
0
0
0
0
0
0
1
0
1
1
1
0
1
2
1
1
0
2
0
0
1
0
0
0
0
0
1
2
0
0
0
1
1
0
2
1
0
2
1
1
0
0
1
2
0
2
0
0
0
0
0
0
2
1
0
0
0
0
0
0
0
0
0
0
0
2
1
0
0
0
1
0
1
0
2
1
0
1
0
0
0
2
1
0
1
0
1
1
0
0
0
2
0
1
0
2
0
1
1
0
0
0
0
0
0
1
1
0
1
0
0
0
0
0
0
2
1
0
0
1
2
0
0
0
0
0
1
0
0
1
0
0
0
0
0
0
0
0
0
0
0
0
0
0
0
0
0
0
0
0
0
0
0
0
0
0
1
0
0
0
0
0
1
0
0
0
0
1
0
0
0
0
0
0
1
0
0
0
0
1
1
0
0
0
0
0
0
0
0
0
0
0
0
0
1
1
0
0
0
0
0
1
0
0
0
0
1
0
0
0
0
0
0
0
0
0
0
0
2
0
0
0
0
0
0
0
0
0
0
1
0
0
0
0
0
0
0
0
0
0
0
0
0
0
0
0
0
0
0
0
1
0
0
0
0
1
0
1
0
0
0
1
0
0
0
1
0
1
0
0
0
0
1
0
0
0
0
1
1
0
1
0
0
0
0
0
0
0
0
0
0
0
0
0
0
0
0
0
0
2
0
0
0
0
0
0
0
0
0
0
0
0
0
0
0
0
0
0
0
0
0
1
0
0
0
0
0
1
0
0
0
0
0
1
0
0
0
0
0
0
0
0
1
0
0
0
0
0
0
1
0
0
0
0
0
0
0
1
0
0
0
0
0
0
0
0
0
0
0
0
0
0
0
0
0
0
0
0
0
0
0
0
0
0
0
0
0
0
0
0
0
0
0
0
1
0
1
0
0
0
0
0
0
0
1
0
0
0
0
0
0
0
0
0
0
0
0
0
1
0
0
0
0
0
0
0
0
0
0
0
0
0
0
0
0
0
0
0
0
0
0
1
1
0
0
0
0
0
0
0
0
0
0
1
1
0
0
0
0
0
0
0
0
0
0
1
0
0
0
1
0
0
0
0
0
0
0
0
0
0
0
1
0
1
0
0
0
0
0
0
0
0
0
0
0
0
0
0
0
0
0
0
1
0
0
0
0
0
0
0
0
0
0
0
0
0
0
0
0
0
0
0
0
0
1
0
0
0
0
0
0
0
0
1
0
0
0
0
0
0
0
0
0
0
0
0
0
0
0
0
0
0
0
0
0
0
0
0
0
0
0
0
0
0
0
0
0
0
0
0
0
0
0
0
0
0
0
0
0
0
1
0
0
0
0
0
0
0
0
0
0
0
0
0
0
0
0
0
0
0
0
0
1
0
0
0
0
0
0
0
0
0
0
0
0
0
0
0
0
0
0
0
0
0
0
0
0
0
0
0
1
0
0
0
0
0
0
0
0
0
0
1
0
1
0
0
0
0
0
0
0
1
0
0
0
0
0
0
0
1
0
0
0
0
0
0
0
0
0
1
1
0
1
1
0
0
1
0
0
0
1
1
0
0
0
0
0
0
1
1
1
1
1
3
0
0
0
1
4
3
1
3
1
7
1
5
1
6
4
7
6
4
6
5
3
7
6
3
10
8
10
7
9
7
8
19
11
9
20
9
9
13
6
7
6
5
3
3
5
2
0
3
0
8
4
6
8
12
10
6
9
5
10
4
9
9
6
6
6
3
0
0
1
0
0
0
0
0
0
0
0
0
0
0
0
0
0
0
0
0
0
0
0
0
0
0
0
0
0
0
0
0
0
0
0
0
0
0
0
0
0
0
0
0
0
0
0
0
0
0
0
0
0
0
0
0
0
0
0
0
0
0
0
0
0
0
0
0
0
0
0
0
0
0
0
0
0
0
0
0
0
0
0
0
0
0
0
0
0
0
0
0
0
0
0
0
0
0
0
0
0
0
0
0
0
0
0
0
0
0
0
0
0
0
0
0
0
0
0
0
0
0
0
0
0
0
0
0
0
0
0
0
0
0
0
0
0
0
0
0
0
0
0
0
0
0
0
0
0
0
0
0
0
0
0
0
0
0
0
0
0
0
0
0
0
0
0
0
0
0
0
0
0
0
0
0
0
0
0
0
0
0
0
0
0
0
0
0
0
0
0
0
0
0
0
0
0
0
0
0
0
0
0
0
0
0
0
0
0
0
0
0
0
0
0
0
0
0
0
0
0
0
0
0
0
0
1
0
0
0
0
0
0
0
0
0
0
0
0
0
0
0
0
0
0
0
0
0
0
0
0
0
0
0
0
0
0
0
0
0
0
0
0
0
0
0
0
0
0
0
0
0
0
0
0
0
0
0
0
0
0
0
0
0
0
0
0
0
0
0
0
0
0
0
0
0
0
0
0
0
0
0
0
0
0
0
0
0
0
0
0
0
0
0
0
0
0
0
0
0
0
0
0
0
0
0
0
0
0
0
0
0
0
0
0
0
0
0
0
0
0
0
0
0
0
0
0
0
0
0
0
0
0
0
0
0
0
0
0
0
0
0
0
0
0
0
0
0
0
0
0
0
0
0
0
0
0
0
0
0
0
0
0
0
0
0
0
0
0
0
0
0
0
0
0
0
0
0
0
0
0
0
0
0
0
0
0
0
0
0
0
0
0
0
0
0
0
0
0
0
0
0
0
0
0
0
0
0
0
0
0
0
0
0
0
0
0
0
0
0
0
0
0
0
0
0
0
0
0
0
0
0
0
0
0
0
0
0
0
0
0
0
0
0
0
0
0
0
0
0
0
0
0
0
0
0
0
0
0
0
0
0
0
0
0
0
0
0
0
0
0
0
0
0
0
0
0
0
0
0
0
0
0
0
0
0
0
0
0
0
0
0
0
0
0
0
0
0
0
0
0
0
0
0
0
0
0
0
0
0
0
0
0
0
0
0
0
0
0
0
0
0
0
0
0
0
0
0
0
0
0
0
0
0
0
0
0
0
0
0
0
0
0
0
0
0
0
0
0
0
0
0
0
0
0
0
0
0
0
0
0
0
0
0
0
0
0
0
0
0
0
0
0
0
0
0
0
0
0
0
0
0
0
0
0
0
0
0
0
0
0
0
0
0
0
0
0
0
0
0
0
0
0
0
0
0
0
0
0
0
0
0
0
0
0
0
0
0
0
0
0
0
0
0
0
0
0
0
0
0
0
0
0
0
0
0
0
0
0
0
0
0
0
0
0
0
0
0
0
0
0
0
0
0
0
0
0
0
0
0
0
0
0
0
0
0
0
0
0
0
0
0
0
0
0
0
0
0
0
0
0
0
0
0
0
0
0
0
0
0
0
0
0
0
0
0
0
0
0
0
0
0
0
0
0
0
0
0
0
0
0
0
0
0
0
0
0
0
0
0
0
0
0
0
0
0
0
0
0
0
0
0
0
0
0
0
0
0
0
0
0
0
0
0
0
0
0
0
0
0
0
0
0
0
0
0
0
0
0
0
0
0
0
0
0
0
0
0
0
0
0
0
0
0
0
0
0
0
0
0
0
0
0
0
0
0
0
0
0
0
0
0
0
0
0
0
0
0
0
0
0
0
0
0
0
0
0
0
0
0
0
0
0
0
0
0
0
0
0
0
0
0
0
0
0
0
0
0
0
0
0
0
0
0
0
0
0
0
0
0
0
0
0
0
0
0
0
0
0
0
0
0
0
0
0
0
0
0
0
0
0
0
0
0
0
0
0
0
0
0
0
0
0
0
0
0
0
0
0
0
0
0
0
0
0
0
0
0
0
0
0
0
0
0
0
0
0
0
0
0
0
0
0
0
0
0
0
0
0
0
0
0
0
0
0
0
0
0
0
0
0
0
0
0
0
0
0
0
0
0
0
0
0
0
0
0
0
0
0
0
0
0
0
0
0
0
0
0
0
0
0
0
0
0
0
0
0
0
0
0
0
0
0
0
0
0
0
0
0
0
0
0
0
0
0
0
0
0
0
0
0
0
0
0
0
0
0
0
0
0
0
0
0
0
0
0
0
0
0
0
0
0
0
0
0
0
0
0
0
0
0
0
0
0
0
0
0
0
0
0
0
0
0
0
0
0
0
0
0
0
0
0
0
0
0
0
0
0
0
0
0
0
0
0
0
0
0
0
0
0
0
0
0
0
0
0
0
0
0
0
0
0
0
0
0
0
0
0
0
0
0
0
0
0
0
0
0
0
0
0
0
0
0
0
0
0
0
0
0
0
0
0
0
0
0
0
0
0
0
0
0
0
0
0
0
0
0
0
0
0
0
0
0
0
0
0
0
0
0
0
0
0
0
0
0
0
0
0
0
0
0
0
0
0
0
0
0
0
0
0
0
0
0
0
0
0
0
0
0
0
0
0
0
0
0
0
0
0
0
0
0
0
0
0
0
0
0
0
0
0
0
0
0
0
0
0
0
0
0
0
0
0
0
0
0
0
0
0
0
0
0
0
0
0
0
0
0
0
0
0
0
0
0
0
0
0
0
0
0
0
0
0
0
0
0
0
0
0
0
0
0
0
0
0
0
0
0
0
0
0
0
0
0
0
0
0
0
0
0
0
0
0
0
0
0
0
0
0
0
0
0
0
0
0
0
0
0
0
0
0
0
0
0
0
0
0
0
0
0
0
0
0
0
0
0
0
0
0
0
0
0
0
0
0
0
0
0
0
0
0
0
0
0
0
0
0
0
0
0
0
0
0
0
0
0
0
0
0
0
0
0
0
0
0
0
0
0
0
0
0
0
0
0
0
0
0
0
1
0
0
0
0
0
0
0
0
1
0
0
0
0
0
0
0
0
0
0
0
0
0
0
0
0
0
0
1
0
0
0
0
0
0
0
0
0
0
0
0
0
0
0
0
0
0
1
0
0
0
0
0
0
0
0
0
0
0
0
0
0
0
0
0
0
0
0
0
0
0
0
0
0
0
0
0
0
0
0
0
0
0
0
0
0
0
0
0
0
0
0
0
0
0
0
0
3
1
1
5
5
11
11
25
32
30
52
55
