10
12
24
22
39
65
78
108
105
134
140
144
140
132
149
159
138
141
168
155
155
142
141
132
145
166
162
138
164
164
142
169
157
147
153
185
175
141
149
179
151
160
171
154
148
154
170
147
175
149
162
154
166
171
144
160
159
154
154
166
162
166
177
142
163
167
153
156
174
151
145
144
165
153
174
175
146
174
167
166
154
157
155
139
168
142
167
147
151
174
147
179
153
146
151
160
161
167
149
184
189
160
169
157
143
172
182
157
155
182
155
166
167
166
155
139
170
174
166
178
149
182
179
129
161
154
159
162
165
182
175
176
180
165
186
161
167
177
177
157
187
171
154
175
185
187
187
195
173
166
161
160
173
176
169
178
180
155
176
156
185
158
191
166
196
205
200
162
161
158
193
167
155
166
181
166
167
175
156
169
202
197
173
175
184
185
174
162
168
193
183
161
154
157
160
160
178
194
169
191
208
198
204
202
187
169
182
151
201
193
197
179
182
179
185
176
165
181
174
175
190
161
176
185
178
202
188
181
182
171
173
203
186
188
231
185
202
197
189
207
209
178
181
162
176
198
211
201
215
201
200
175
193
186
206
184
191
202
199
192
219
187
196
185
208
186
197
224
189
222
203
199
198
227
187
196
200
217
190
200
214
180
199
172
211
200
195
194
199
179
197
203
214
191
205
206
213
216
205
223
215
186
214
216
224
188
197
192
199
219
228
216
225
216
209
207
210
227
197
202
218
221
217
208
201
192
197
231
192
168
228
208
208
204
225
221
199
223
183
206
201
219
197
227
198
231
204
256
223
226
208
203
202
191
200
190
215
223
189
221
211
215
192
194
212
213
206
209
201
189
229
198
167
223
199
212
195
218
205
180
184
175
194
231
212
210
203
194
204
223
194
223
222
222
183
187
188
199
207
218
199
196
211
195
191
194
199
190
210
207
212
195
191
205
222
185
194
202
196
213
189
202
212
184
235
214
180
216
194
195
221
187
212
180
187
184
167
213
181
206
219
203
205
238
203
202
204
220
209
199
199
212
192
220
210
200
210
189
196
182
211
207
213
193
214
206
217
211
202
178
207
213
209
204
198
203
212
196
241
181
207
204
212
237
220
215
182
209
204
202
214
192
225
195
209
203
179
209
189
220
205
206
181
197
224
226
210
208
184
213
230
201
192
224
201
202
216
198
225
231
195
218
194
203
213
215
208
186
206
182
189
185
200
227
204
187
219
224
220
201
213
183
210
195
205
207
193
200
221
207
202
183
209
184
223
214
192
225
202
210
215
198
208
188
208
208
213
209
209
215
216
181
176
199
200
231
182
206
216
207
216
214
204
197
216
179
202
210
186
218
201
215
215
200
199
230
212
185
211
180
193
218
208
209
195
222
196
201
217
205
215
212
213
184
207
210
237
209
211
212
205
208
218
218
215
186
217
212
214
223
236
221
216
208
222
187
241
203
219
202
200
209
188
206
213
195
180
211
202
207
178
209
200
193
211
196
209
243
216
219
220
189
217
215
215
229
191
229
218
223
220
203
220
174
224
233
212
206
217
192
209
201
223
199
222
219
214
194
197
232
197
217
187
186
228
188
179
213
201
235
199
198
227
197
194
257
182
222
231
213
211
220
199
220
230
214
216
208
198
223
198
221
224
219
220
206
228
235
203
193
180
235
238
212
218
207
221
211
217
205
207
236
199
211
200
230
221
224
178
182
242
207
213
227
220
221
215
257
214
199
212
230
219
221
192
241
243
217
214
253
231
243
209
201
231
209
211
251
242
224
237
200
261
210
195
195
220
230
197
217
230
230
231
247
229
222
221
233
233
233
208
244
223
209
238
225
212
272
214
251
237
230
242
221
202
219
244
214
227
227
236
235
257
247
239
252
235
237
226
212
238
255
232
228
248
214
207
242
250
258
241
252
249
238
217
263
263
237
215
263
244
241
261
242
262
262
275
255
224
232
259
258
219
232
262
252
259
248
273
228
242
240
252
249
268
254
271
278
279
246
263
269
252
249
261
263
252
269
276
255
284
270
261
248
275
278
245
273
283
276
264
252
260
271
259
265
244
296
279
281
255
280
274
266
259
266
255
295
267
260
271
252
261
282
254
268
242
255
265
269
272
267
276
267
237
266
264
254
257
262
252
276
266
257
269
288
287
270
258
308
278
277
266
259
286
253
282
263
250
271
255
279
253
250
259
259
272
280
245
247
256
234
251
242
259
245
262
241
267
260
262
247
240
228
245
293
271
229
251
229
212
243
275
247
243
279
241
252
255
229
252
260
259
226
235
259
254
262
256
238
235
240
241
243
237
252
232
209
262
251
254
252
211
269
258
249
230
237
230
279
250
249
242
258
244
230
239
241
230
222
262
228
226
263
195
268
218
238
227
221
210
236
235
221
231
230
246
238
240
241
244
241
239
230
237
274
243
224
232
237
218
224
220
220
216
224
228
217
228
210
227
230
218
217
203
233
223
207
213
229
246
207
252
194
224
226
236
242
237
227
220
245
241
236
210
229
216
226
229
222
208
204
210
217
203
220
236
239
241
216
235
219
210
210
275
230
233
234
224
203
218
224
228
226
205
207
226
230
238
222
220
236
221
209
220
237
205
217
219
245
206
217
218
225
207
211
239
221
192
225
225
222
213
222
215
209
215
191
214
205
221
183
223
217
215
222
205
208
235
213
192
225
226
203
219
209
198
201
203
216
223
191
204
228
218
188
236
228
193
217
221
217
200
184
198
206
199
208
204
220
187
201
230
216
230
219
202
219
202
205
206
201
221
211
221
181
197
234
199
215
227
186
225
211
199
202
192
194
220
216
205
202
201
217
201
191
204
194
190
202
222
206
201
216
218
177
218
221
190
216
209
202
229
206
227
200
168
210
221
225
196
229
190
200
187
191
212
193
207
216
198
229
181
215
193
201
189
217
211
213
202
201
216
217
204
187
212
214
219
204
191
202
209
213
203
195
232
208
180
178
171
193
193
200
181
193
202
204
193
206
199
216
220
217
204
187
173
202
195
194
185
217
197
184
220
206
189
212
190
189
194
193
202
205
205
194
190
189
212
189
206
177
199
179
169
195
192
183
193
209
215
193
222
188
203
210
190
195
163
189
179
190
157
170
190
208
182
173
186
188
201
190
195
180
195
191
199
169
183
182
158
191
177
204
192
189
185
189
187
184
187
190
181
171
180
170
186
176
187
197
183
189
190
206
165
180
192
187
187
178
173
205
176
196
207
198
184
191
171
176
191
196
232
189
181
179
196
210
173
186
190
199
203
183
192
194
176
188
178
163
204
181
187
205
186
194
154
166
174
195
165
173
194
180
193
182
212
196
168
217
184
179
203
182
183
185
186
175
191
190
172
171
172
190
161
186
195
206
177
156
157
166
193
183
166
184
180
167
192
188
176
180
195
171
183
191
192
149
180
174
174
187
178
172
181
210
160
181
171
181
163
194
185
167
209
165
188
190
176
189
151
192
186
180
173
182
155
171
196
172
171
185
185
177
183
168
183
166
179
179
174
183
209
183
171
181
179
185
155
177
197
161
168
197
184
193
164
172
169
170
207
172
178
197
188
178
173
180
188
170
186
166
165
186
161
176
163
176
173
181
188
197
166
181
157
166
171
183
154
173
182
183
205
158
186
171
186
161
160
178
167
173
170
185
196
179
180
181
142
183
169
182
165
163
185
177
174
187
180
187
172
163
167
178
153
163
161
174
203
166
173
152
188
160
173
182
175
168
150
183
174
195
174
150
162
154
163
173
171
173
158
176
161
171
165
164
178
185
184
180
175
162
165
160
151
138
172
186
155
201
193
197
176
171
167
164
167
178
193
144
183
156
172
175
173
170
149
168
176
184
182
162
159
164
171
148
185
171
144
160
185
173
156
183
179
161
172
174
171
178
156
178
172
173
166
186
170
193
167
161
182
169
166
166
156
174
176
174
173
167
178
162
178
164
155
171
136
179
173
183
144
151
190
177
156
163
146
165
167
184
157
174
148
184
184
160
145
210
184
190
185
138
212
203
172
170
163
161
191
173
163
168
169
194
165
151
163
166
180
159
188
173
160
184
176
164
182
179
148
166
197
145
189
177
171
179
181
165
177
164
183
161
171
175
166
175
177
181
165
170
185
179
173
181
173
156
150
166
163
146
161
165
152
174
181
154
165
133
170
170
157
169
168
174
203
165
175
160
169
155
176
158
188
157
176
150
177
181
155
144
161
174
155
152
174
160
173
193
149
163
154
156
180
178
156
180
141
169
149
144
152
164
170
176
162
197
177
144
148
172
170
163
165
176
145
172
185
130
173
153
164
155
151
163
166
149
174
161
169
169
183
199
189
152
163
183
169
169
149
167
166
176
158
171
181
159
182
162
161
149
174
166
161
157
186
178
173
162
160
158
145
162
177
165
166
145
158
171
171
164
165
154
162
166
165
173
173
182
174
158
150
181
151
168
177
176
163
166
164
159
155
159
169
177
177
195
153
166
179
139
144
157
171
159
181
159
173
187
169
171
161
158
158
169
166
163
156
159
166
158
167
170
182
184
169
157
155
172
161
176
166
159
166
172
155
163
158
175
163
172
173
177
162
173
153
154
143
150
162
186
155
176
177
173
159
169
176
155
159
180
153
173
159
173
163
167
149
179
169
169
173
150
165
161
151
172
165
179
153
170
159
165
156
166
149
184
172
176
152
170
175
162
187
170
161
177
182
170
176
168
187
158
174
163
158
168
168
182
180
158
142
162
182
163
162
166
163
179
173
175
164
156
156
153
170
177
181
152
183
166
172
172
153
196
178
177
147
167
182
169
177
172
156
175
164
176
162
167
151
159
163
166
166
167
156
160
190
133
178
144
182
174
163
179
183
160
161
155
187
154
164
145
174
166
148
171
167
158
150
179
156
152
172
180
190
152
189
161
148
165
154
151
152
171
177
142
171
160
174
168
161
151
146
183
145
159
167
151
182
173
183
160
147
168
146
180
176
164
161
174
159
174
169
168
171
159
167
181
167
164
177
175
151
178
159
153
170
164
178
142
163
174
169
196
165
160
153
159
166
149
169
173
157
153
173
135
186
145
172
162
171
187
177
168
175
178
158
160
174
158
156
156
163
165
170
165
150
170
165
175
168
167
128
184
181
168
153
168
174
185
166
148
182
159
154
155
147
153
176
167
172
183
152
161
175
174
164
143
186
166
149
139
151
154
159
158
145
143
158
182
168
169
166
161
167
178
147
153
187
167
155
163
168
176
153
159
162
137
169
169
151
161
157
150
167
165
162
159
181
157
158
168
168
178
161
170
154
162
155
161
177
158
164
138
147
160
172
159
150
164
158
153
163
146
156
157
176
142
175
163
153
163
174
171
179
166
142
165
161
148
146
151
156
157
151
186
163
163
176
155
150
177
154
171
163
168
164
161
162
162
164
159
148
165
181
160
169
167
165
156
160
160
179
177
132
163
185
173
163
174
192
167
163
198
188
178
201
171
166
160
149
184
168
138
165
156
175
160
196
179
174
147
167
163
170
153
133
185
158
177
175
142
151
167
169
151
198
168
181
149
159
174
154
184
180
165
162
173
176
179
161
188
153
168
153
179
155
147
153
155
156
176
175
167
152
175
165
175
157
151
162
170
166
157
157
166
178
142
175
153
142
160
174
191
170
144
163
169
154
151
158
177
169
180
172
172
161
183
138
151
141
173
146
157
166
136
216
161
147
166
159
178
159
172
157
152
186
172
159
149
168
185
169
149
190
170
172
190
141
153
157
161
178
168
180
143
181
175
183
153
153
139
172
165
145
152
144
176
180
158
154
166
195
181
164
171
155
171
166
167
167
159
165
174
151
156
175
171
187
194
182
154
145
171
159
160
171
185
173
165
187
176
151
178
159
164
178
171
157
149
169
177
182
194
178
155
176
155
168
191
159
180
166
174
170
168
181
163
163
164
183
160
151
132
177
171
187
161
172
180
171
172
172
193
156
157
173
176
149
182
182
170
184
167
175
143
166
150
164
177
165
155
178
167
184
179
178
144
190
137
176
158
187
160
170
158
191
191
142
147
172
175
154
182
161
182
177
121
151
173
171
155
159
130
180
162
183
160
178
152
170
175
150
175
178
184
181
153
148
179
144
151
189
156
159
154
160
189
183
144
188
186
185
178
155
172
193
195
158
169
192
162
169
157
152
187
174
182
155
168
155
166
189
154
163
163
168
171
174
174
170
165
153
183
179
173
155
170
183
176
175
159
183
165
154
171
186
178
191
205
177
154
167
161
150
173
164
182
146
167
166
184
161
178
163
169
172
180
161
163
152
165
178
174
192
178
177
176
164
202
176
188
154
174
162
167
146
180
181
178
160
175
158
153
194
185
192
163
162
190
191
162
179
165
185
153
176
168
159
184
161
180
169
170
181
198
141
166
154
178
171
161
193
150
176
163
149
177
186
155
167
167
161
166
172
159
162
162
166
169
181
153
164
175
162
163
186
176
176
156
169
199
174
168
186
167
166
182
167
173
169
174
188
187
172
174
192
191
179
186
181
173
197
161
162
177
181
160
162
173
172
162
172
175
157
160
180
162
191
159
171
196
180
159
172
186
195
150
189
165
162
161
163
191
152
192
175
167
170
163
161
175
179
162
170
159
174
184
169
186
169
181
200
193
178
183
169
158
173
167
173
164
166
188
154
166
154
150
158
165
172
170
165
160
178
187
189
189
175
188
191
179
159
179
170
165
197
164
173
181
155
152
151
174
185
204
173
199
158
193
189
160
172
168
168
173
189
186
153
179
155
184
177
177
185
198
193
185
199
176
169
171
169
178
158
177
192
169
175
184
170
176
171
179
188
160
177
177
160
182
188
190
185
165
187
187
163
188
199
185
179
164
176
187
164
177
170
192
196
198
198
169
166
190
168
172
180
166
177
190
170
166
183
176
214
163
184
203
178
160
179
171
172
153
177
172
177
190
170
198
185
174
204
181
149
170
180
162
174
209
190
170
181
179
171
182
164
172
167
155
202
191
163
161
180
192
176
177
171
162
184
176
161
170
177
164
197
162
201
152
154
193
172
176
173
184
186
176
203
199
164
155
171
178
171
196
191
168
157
185
172
169
168
185
190
186
178
189
192
183
180
143
182
148
185
193
179
174
183
206
187
183
178
179
197
166
190
178
189
205
172
190
188
165
176
180
197
177
190
203
175
183
211
201
188
186
190
173
186
181
206
202
192
175
207
187
183
182
210
166
176
178
189
209
203
188
164
177
169
189
175
161
179
179
192
160
187
174
205
176
181
198
182
177
198
186
200
193
199
182
207
200
195
206
175
182
180
170
180
176
176
179
194
191
161
189
190
193
182
190
170
191
214
191
212
214
193
204
172
206
174
164
177
184
185
173
213
183
172
168
162
173
176
185
193
194
180
191
203
204
177
210
200
207
200
185
193
194
193
186
198
191
187
202
158
207
164
198
186
188
190
219
197
213
192
204
185
196
218
183
209
172
183
182
190
191
202
164
210
199
179
180
175
193
202
176
181
204
195
204
201
154
202
169
192
217
185
188
186
186
177
185
204
175
181
187
185
154
176
206
195
191
192
176
227
206
188
200
180
181
186
194
202
191
193
199
210
202
195
195
193
191
204
174
201
216
200
189
185
204
194
189
200
209
196
226
178
219
186
194
201
192
194
202
214
205
185
190
190
176
165
202
179
198
183
204
192
195
208
212
200
184
195
179
194
205
179
187
208
202
194
212
185
189
190
223
215
202
193
194
214
182
205
182
227
212
180
209
195
185
185
199
189
196
189
208
182
172
205
170
196
204
200
217
209
214
186
203
204
238
195
181
204
229
184
215
191
218
217
204
207
198
195
207
187
191
186
199
200
232
206
190
205
196
187
227
225
186
227
195
192
213
202
234
203
207
214
205
189
203
202
192
205
185
201
204
162
206
214
199
198
216
194
230
222
196
204
206
201
240
174
205
204
195
201
200
213
209
196
202
175
197
188
225
184
214
170
204
206
179
229
183
175
206
200
203
210
201
214
216
185
196
192
206
180
201
219
216
210
222
182
211
202
192
199
197
189
195
184
195
199
187
182
205
203
209
210
198
215
209
214
193
224
190
215
200
217
206
202
223
209
189
218
224
197
200
211
209
205
195
227
191
221
190
211
216
209
207
200
206
199
218
184
185
188
211
198
220
205
220
222
221
177
245
216
208
203
199
196
197
213
205
202
216
205
196
198
192
183
185
194
196
198
234
212
189
208
232
225
190
194
194
191
208
176
191
196
193
186
219
204
187
195
205
226
212
192
206
203
212
208
187
180
210
200
215
186
171
189
212
187
187
192
201
192
177
187
183
195
214
201
204
196
190
214
173
196
241
187
213
196
223
197
188
180
191
197
198
197
202
196
197
182
179
196
193
203
189
179
212
194
174
205
199
192
205
197
178
201
211
184
177
206
224
203
186
201
192
173
227
174
196
188
180
185
180
198
161
176
199
169
184
180
217
213
185
178
197
220
195
213
179
192
203
173
179
171
200
200
183
192
205
169
206
202
174
192
187
187
197
189
204
175
187
187
192
171
181
194
195
166
158
189
179
190
190
169
190
167
174
181
194
180
169
185
205
204
186
162
188
174
206
181
165
178
204
181
186
179
170
178
184
210
191
184
181
178
189
168
174
145
191
195
173
169
166
186
173
186
146
176
174
169
165
166
167
184
181
181
170
164
192
188
143
176
160
177
157
167
175
164
180
187
174
164
159
173
149
175
164
163
182
165
168
176
172
171
163
143
185
165
181
174
189
185
166
172
175
169
155
151
159
137
162
173
147
157
163
171
159
166
170
174
170
158
165
147
149
176
144
189
153
167
151
154
182
166
168
160
158
147
156
169
162
131
152
169
150
195
168
173
163
162
163
150
138
145
146
152
160
149
161
148
165
145
139
151
154
137
197
159
149
162
185
155
157
148
136
157
152
129
133
129
134
160
144
155
145
155
150
130
149
159
151
147
148
126
140
134
145
153
137
153
126
155
150
152
145
156
152
139
154
154
128
153
160
179
145
143
137
160
142
120
133
135
140
147
151
156
165
162
146
146
138
148
144
156
138
150
143
129
136
135
133
138
143
158
136
150
127
141
151
140
147
151
167
158
130
123
124
135
160
115
143
140
155
137
156
163
138
132
118
152
135
140
142
132
134
125
133
133
133
142
122
153
142
127
133
134
146
124
139
134
125
127
127
161
128
129
140
126
126
135
121
139
138
118
128
132
129
148
135
117
135
114
141
137
135
141
109
138
136
135
129
128
129
148
142
143
147
144
129
138
120
121
146
140
163
139
146
129
143
116
150
122
97
125
140
151
127
120
131
164
126
125
127
129
133
112
115
115
126
135
115
102
126
154
124
114
123
131
129
125
126
123
151
111
145
136
119
146
122
137
127
117
135
121
119
144
129
127
134
133
116
122
133
148
113
135
129
125
136
132
134
147
127
121
137
139
145
118
149
138
124
113
121
130
137
132
117
107
111
130
136
107
134
136
115
121
130
140
109
122
117
129
117
121
138
129
140
116
138
105
122
125
127
127
132
114
118
147
121
138
126
135
123
123
116
134
125
138
135
159
159
130
122
118
132
150
111
126
118
129
152
135
114
126
125
118
115
118
111
132
138
124
153
136
152
120
118
152
134
112
136
105
138
112
118
120
133
111
120
113
111
120
124
124
128
142
113
126
130
124
125
130
126
148
110
132
149
109
130
134
132
126
151
113
132
123
124
100
90
124
109
130
119
103
116
125
125
120
147
110
126
101
118
126
131
109
137
115
128
110
106
100
108
116
117
124
127
126
110
123
131
131
120
161
113
131
101
114
131
117
108
136
132
129
115
123
104
109
118
123
128
114
125
135
122
144
123
139
138
120
127
129
119
136
127
132
133
100
124
118
105
119
136
113
127
122
128
116
134
116
119
126
129
121
134
102
120
140
124
106
134
125
116
112
139
131
119
132
125
121
119
124
125
131
122
119
132
116
129
120
116
128
112
129
131
127
151
139
123
138
111
138
149
112
123
121
126
126
128
145
131
130
127
138
136
132
123
140
116
137
127
134
128
124
142
121
123
129
150
131
129
126
136
111
142
131
134
137
134
122
141
155
129
143
140
154
119
142
134
151
148
131
114
127
145
123
119
140
152
134
160
128
142
156
150
142
141
150
146
138
144
147
146
143
158
138
152
153
158
147
143
132
158
119
147
151
158
162
169
174
165
165
172
157
146
156
152
178
159
164
151
149
184
152
168
192
168
160
162
174
159
185
173
192
177
166
179
176
172
160
166
165
164
180
150
185
178
201
207
208
200
189
202
213
178
192
184
224
207
185
183
191
184
200
206
177
189
223
248
201
217
205
213
221
234
226
228
233
204
204
185
227
237
229
217
196
238
236
227
202
236
243
255
223
240
222
228
245
243
246
236
258
232
246
255
262
244
259
230
227
247
253
258
265
273
252
289
267
257
271
262
265
261
307
270
264
245
267
273
277
269
257
256
266
259
283
305
315
294
326
293
258
321
283
314
303
314
305
330
321
314
304
304
345
332
325
336
341
333
312
316
342
345
331
346
354
347
332
343
356
334
332
353
326
327
349
364
372
370
316
371
350
340
346
363
357
375
329
361
340
377
373
365
380
374
366
386
394
366
340
404
362
374
327
393
382
350
397
427
379
440
378
354
359
345
390
370
381
397
431
409
403
375
433
378
382
392
374
402
396
376
410
388
397
403
418
394
426
422
423
393
413
371
398
395
405
367
427
456
429
378
372
421
417
422
411
418
381
407
407
409
412
442
419
383
446
415
423
417
415
361
383
425
413
408
388
415
387
400
387
399
395
417
413
422
396
360
423
373
397
400
445
394
419
380
372
424
413
378
393
362
425
389
391
414
387
394
404
386
373
403
378
379
400
365
389
409
385
393
374
356
384
385
384
366
334
381
372
340
352
359
353
359
377
325
372
370
352
347
370
364
342
336
385
342
351
372
345
331
335
356
318
363
325
336
318
325
295
332
314
314
330
341
328
288
293
303
311
287
304
323
318
310
292
309
278
297
279
288
278
274
295
292
293
309
279
296
287
277
269
289
280
270
312
273
288
249
227
270
255
252
235
244
249
218
218
240
240
235
234
241
247
233
244
216
235
235
197
213
217
224
187
219
230
204
208
199
200
209
204
197
197
171
213
189
156
180
191
184
184
196
174
155
177
187
189
171
151
143
171
164
178
179
147
148
155
150
157
162
151
138
146
148
158
140
158
143
136
128
139
149
130
141
152
140
139
147
104
115
137
122
129
110
114
113
129
140
129
106
115
121
117
133
125
112
107
106
112
122
114
107
112
115
117
99
105
124
128
98
110
109
108
120
96
97
103
101
88
97
101
98
84
93
103
104
100
88
90
100
89
101
96
106
88
79
97
85
90
95
81
95
80
98
98
86
92
79
77
73
91
99
84
87
86
71
99
76
77
68
96
90
76
65
91
91
88
94
85
61
84
75
98
77
76
81
85
96
81
82
68
82
91
77
86
69
90
82
101
92
84
79
87
76
110
92
80
87
93
89
89
76
78
69
97
73
75
72
91
99
90
92
93
104
84
94
82
119
102
87
113
75
98
88
106
104
103
94
110
104
125
86
110
105
90
103
117
97
109
91
101
112
93
110
101
118
99
116
118
118
124
123
124
91
110
81
126
112
137
115
116
103
113
118
117
120
113
104
116
128
139
119
114
125
139
111
149
120
138
134
160
150
136
144
152
158
139
142
135
151
143
120
172
147
133
145
153
163
161
162
147
144
133
144
168
150
164
160
125
150
159
152
155
150
161
176
176
149
182
172
176
168
176
180
160
178
196
186
173
201
191
192
162
213
180
189
195
173
191
196
200
201
195
215
195
185
204
216
227
205
218
209
217
207
247
212
218
239
213
213
190
215
198
221
225
229
211
228
240
233
242
243
219
228
223
239
236
231
230
229
226
241
241
230
240
244
254
234
267
283
263
269
231
250
286
274
262
268
280
246
236
273
274
244
277
267
269
273
277
278
265
285
271
282
261
287
273
275
284
279
312
271
320
303
286
278
264
281
304
292
282
269
276
276
292
295
308
304
304
296
298
322
319
307
286
316
320
306
328
299
325
297
330
318
345
303
303
308
270
328
299
320
313
341
311
307
328
316
311
310
326
329
332
311
331
324
293
329
310
338
321
286
317
365
329
341
310
344
298
344
329
344
321
305
301
332
329
330
318
327
332
292
317
303
302
321
305
325
335
334
319
298
305
322
352
328
308
305
321
329
333
284
319
315
313
355
326
342
303
289
335
317
353
322
310
327
333
319
300
297
339
304
329
331
288
288
303
290
307
283
306
313
298
321
326
309
298
277
302
317
302
316
271
275
290
304
297
297
283
289
273
296
301
265
282
251
275
279
290
282
277
274
270
278
270
257
264
273
238
234
254
246
248
260
249
288
231
251
246
241
236
264
224
230
252
225
213
269
234
230
189
224
236
210
217
232
228
223
239
260
234
231
233
202
205
226
210
238
196
207
191
214
210
194
194
206
216
191
202
179
187
177
167
178
181
171
202
188
179
175
165
166
198
179
172
167
143
165
149
175
146
151
172
143
148
182
129
176
134
140
152
152
129
122
145
136
136
128
143
137
121
144
139
129
147
130
130
122
147
124
147
107
121
127
126
101
131
95
105
108
120
110
100
102
106
123
97
106
100
100
118
105
76
93
112
93
102
83
95
86
77
97
88
87
94
93
78
68
80
90
97
92
78
77
67
74
64
74
65
66
64
55
55
58
62
74
60
50
77
64
62
63
68
45
53
73
53
50
59
41
48
48
45
48
45
53
61
40
45
43
45
53
42
50
50
46
47
33
32
43
35
27
49
37
34
31
31
38
37
31
26
29
35
27
37
34
33
34
31
24
25
27
29
32
22
22
24
33
28
25
26
28
28
33
21
27
22
35
27
34
28
26
26
28
22
21
22
23
25
12
24
17
31
18
18
19
31
16
25
18
16
20
13
19
18
24
17
15
17
17
21
16
17
23
17
14
18
17
16
19
15
18
16
12
18
13
13
19
17
14
11
15
15
20
9
18
17
10
11
7
8
11
10
12
22
17
16
5
5
14
10
14
8
6
16
10
8
16
7
8
10
9
7
8
8
9
6
12
17
8
10
6
8
10
15
16
10
8
10
6
7
12
7
8
13
13
2
3
8
8
8
5
10
8
6
10
9
11
9
11
7
10
10
9
10
9
5
6
7
6
5
5
5
8
3
5
8
5
8
5
4
8
6
10
6
7
5
8
4
6
9
9
5
5
7
5
4
11
6
5
9
9
5
7
6
2
9
4
8
7
5
0
5
9
1
7
8
8
6
7
8
3
2
10
9
9
7
2
6
5
5
3
6
0
6
5
5
6
6
4
7
2
7
4
3
5
5
8
5
7
5
4
6
3
7
4
2
6
7
2
3
6
6
6
5
4
4
6
3
6
3
6
8
5
5
6
3
5
4
8
2
4
2
6
3
2
8
3
4
4
7
3
3
5
2
1
9
0
9
3
3
2
4
6
1
8
6
4
5
1
5
7
10
6
6
4
3
4
2
2
4
5
2
3
2
3
4
3
4
4
4
1
5
3
4
1
8
6
4
1
3
4
5
7
0
1
4
0
5
4
1
3
1
4
3
4
4
4
2
2
7
2
2
2
6
2
4
3
2
2
4
1
2
4
2
4
5
4
3
3
5
2
1
2
1
2
6
3
3
2
2
2
1
1
3
3
2
3
3
3
2
1
5
1
2
2
0
2
3
6
1
3
4
5
0
1
2
3
4
2
3
6
2
5
5
3
1
3
5
4
3
2
0
5
3
3
4
2
3
2
5
3
1
3
1
4
2
1
1
2
3
3
3
4
5
2
1
3
3
2
2
4
2
3
5
0
3
5
1
1
3
5
4
1
4
0
1
2
5
4
1
3
1
5
5
1
1
2
1
2
2
0
3
2
2
3
4
6
2
1
1
0
1
2
1
2
4
2
2
4
2
1
4
2
4
1
2
3
2
4
2
5
3
3
2
0
2
1
3
1
1
2
2
2
1
5
3
1
6
2
2
3
2
2
2
1
4
3
2
3
4
4
4
3
2
2
3
2
1
3
1
0
3
4
3
3
2
2
2
1
0
0
3
3
2
4
3
1
3
6
0
2
4
0
2
0
2
1
1
1
0
1
0
0
1
3
1
1
4
2
1
2
1
2
3
3
1
4
6
3
3
1
1
2
3
4
3
2
1
3
1
2
3
1
3
0
2
2
2
2
1
5
2
2
2
2
2
1
3
2
1
2
1
2
2
3
4
3
0
6
0
1
3
2
1
2
1
2
1
2
5
4
0
3
5
1
4
2
1
2
2
2
2
0
1
5
4
0
2
1
0
5
1
1
4
3
4
3
3
1
1
0
5
1
3
3
7
5
4
0
5
3
4
2
3
1
2
0
2
0
5
3
0
1
4
4
0
2
1
2
2
1
3
1
2
0
0
6
2
2
1
1
3
3
4
0
3
6
2
2
4
1
2
2
0
1
3
1
2
4
2
3
2
3
1
3
1
0
6
0
1
1
0
2
4
3
0
4
2
3
2
2
1
6
1
0
3
4
2
3
2
2
3
0
3
1
4
2
3
2
1
2
1
3
2
0
2
1
3
0
2
1
0
2
3
2
2
2
2
3
0
0
0
4
0
3
2
1
0
6
3
1
2
0
3
5
1
0
4
0
3
3
0
3
2
2
1
2
1
3
0
1
1
1
0
1
0
0
3
1
2
1
0
2
0
1
1
1
0
0
2
3
3
0
2
3
0
2
0
3
4
3
2
1
3
6
2
2
1
1
0
1
3
4
5
2
3
2
2
4
3
2
6
4
1
2
1
3
1
1
1
2
3
2
4
3
0
2
3
2
2
1
1
2
1
4
5
1
2
3
3
2
1
4
3
3
0
0
2
3
2
5
1
1
2
1
4
3
4
2
1
2
3
1
3
1
3
1
0
5
3
0
0
4
6
3
2
4
1
4
1
1
1
3
2
2
2
1
3
0
1
1
1
2
0
1
4
1
2
1
2
2
2
3
3
1
1
4
3
0
1
4
2
0
0
1
3
1
1
0
1
1
3
0
3
4
2
1
0
1
1
3
0
1
2
2
1
1
1
2
4
3
3
5
1
4
2
3
3
0
3
3
2
0
1
0
3
0
2
3
0
0
2
0
3
2
2
3
2
3
0
3
1
2
2
1
3
1
1
1
5
0
2
1
3
1
2
3
2
2
2
0
1
2
5
1
0
4
4
3
3
2
2
0
3
2
4
2
2
1
3
2
2
0
2
0
0
3
2
0
2
1
1
2
2
4
2
5
3
3
2
2
1
2
3
2
0
4
4
5
2
5
4
3
1
1
9
2
5
5
4
9
8
13
6
9
8
11
10
14
23
23
23
24
32
31
28
35
33
25
41
38
53
45
46
50
66
45
53
60
79
59
71
55
75
83
81
81
103
100
94
126
122
119
120
100
94
62
43
19
12
7
4
7
1
4
3
3
3
4
4
0
3
9
5
9
9
16
18
26
17
3
2
2
1
0
0
0
0
0
0
0
0
0
0
0
1
0
0
0
0
0
0
0
0
0
0
0
0
0
0
0
0
0
0
0
0
0
0
0
0
0
0
0
0
0
0
0
0
0
0
0
0
0
0
0
0
0
0
0
0
0
0
0
0
0
0
0
0
0
0
0
0
0
0
0
0
0
0
0
0
0
0
0
0
0
1
0
0
0
0
0
0
0
0
0
0
0
0
0
0
0
0
0
0
0
0
0
0
0
0
0
0
0
0
0
0
0
0
0
0
0
0
0
0
0
0
0
0
0
0
0
0
0
0
0
0
0
0
0
0
0
0
0
0
0
0
0
0
0
0
0
0
0
0
0
0
1
0
0
0
0
0
0
0
0
0
0
0
0
0
0
0
0
0
0
0
0
0
0
0
0
0
0
0
0
0
1
0
0
0
0
0
0
0
0
0
0
0
0
0
0
0
0
0
0
0
0
0
0
0
0
0
0
0
0
0
0
0
0
0
0
0
0
0
0
0
0
0
0
0
0
0
0
0
0
0
0
0
0
0
0
0
0
0
0
0
0
0
0
0
0
0
0
0
0
0
0
0
0
0
0
0
0
0
0
0
0
0
0
0
0
0
0
0
0
0
0
0
0
0
0
0
0
0
0
0
0
0
0
0
0
0
0
0
0
0
0
0
0
0
0
0
0
0
0
0
0
0
0
0
0
0
0
0
0
0
0
0
0
0
0
0
0
0
0
0
0
0
0
0
0
0
0
0
0
0
0
0
0
0
0
0
0
0
0
0
0
0
0
0
0
0
0
0
0
0
0
0
0
0
0
0
0
0
0
0
0
0
0
0
0
0
0
0
0
0
0
0
0
0
0
0
0
0
0
0
0
0
0
0
0
0
0
0
0
0
0
0
0
0
0
0
0
0
0
0
0
0
0
0
0
0
0
0
0
0
0
0
0
0
0
0
0
0
0
0
0
0
0
0
0
0
0
0
0
0
0
0
0
0
0
0
0
0
0
0
0
0
0
0
0
0
0
0
0
0
0
0
0
0
0
0
0
0
0
0
0
0
0
0
0
0
0
0
0
0
0
0
0
0
0
0
0
0
0
0
0
0
0
0
0
0
0
0
0
0
0
0
0
0
0
0
0
0
0
0
0
0
0
0
0
0
0
0
0
0
0
0
0
0
0
0
0
0
0
0
0
0
0
0
0
0
0
0
0
0
0
0
0
0
0
0
0
0
0
0
0
0
0
0
0
0
0
0
0
0
0
0
0
0
0
0
0
0
0
0
0
0
0
0
0
0
0
0
0
0
0
0
0
0
0
0
0
0
0
0
0
0
0
0
0
0
0
0
0
0
0
0
0
0
0
0
0
0
0
0
0
0
0
0
0
0
0
0
0
0
0
0
0
0
0
0
0
0
0
0
0
0
0
0
0
0
0
0
0
0
0
0
0
0
0
0
0
0
0
0
0
0
0
0
0
0
0
0
0
0
0
0
0
0
0
0
0
0
0
0
0
0
0
0
0
0
0
0
0
0
0
0
0
0
0
0
0
0
0
0
0
0
0
0
0
0
0
0
0
0
0
0
0
0
0
0
0
0
0
0
0
0
0
0
0
0
0
0
0
0
0
0
0
0
0
0
0
0
0
0
0
0
0
0
0
0
0
0
0
0
0
0
0
0
0
0
0
0
0
0
0
0
0
0
0
0
0
0
0
0
0
0
0
0
0
0
0
0
0
0
0
0
0
0
0
0
0
0
0
0
0
0
0
0
0
0
0
0
0
0
0
0
0
0
0
0
0
0
0
0
0
0
0
0
0
0
0
0
0
0
0
0
0
0
0
0
0
0
0
0
0
0
0
0
0
0
0
0
0
0
0
0
0
0
0
0
0
0
0
0
0
0
0
0
0
0
0
0
0
0
0
0
0
0
0
0
0
0
0
0
0
0
0
0
0
0
0
0
0
0
0
0
0
0
0
0
0
0
0
0
0
0
0
0
0
0
0
0
0
0
0
0
0
0
0
0
0
0
0
0
0
0
0
0
0
0
0
0
0
0
0
0
0
0
0
0
0
0
0
0
0
0
0
0
0
0
0
0
0
0
0
0
0
0
0
0
0
0
0
0
0
0
0
0
0
0
0
0
0
0
0
0
0
0
0
0
0
0
0
0
0
0
0
0
0
0
0
0
0
0
0
0
0
0
0
0
0
0
0
0
0
0
0
0
0
0
0
0
0
0
0
0
0
0
0
0
0
0
0
0
0
0
0
0
0
0
0
0
0
0
0
0
0
0
0
0
0
0
0
0
0
0
0
0
0
0
0
0
0
0
0
0
0
0
0
0
0
0
0
0
0
0
0
0
0
0
0
0
0
0
0
0
0
0
0
0
0
0
0
0
0
0
0
0
0
0
0
0
0
0
0
0
0
0
0
0
0
0
0
0
0
0
0
0
0
0
0
0
0
0
0
0
0
0
0
0
0
0
0
0
0
0
0
0
0
0
0
0
0
0
0
0
0
0
0
0
0
0
0
0
0
0
0
0
0
0
0
0
0
0
0
0
0
0
0
0
0
0
0
0
0
0
0
0
0
0
0
0
0
0
0
0
0
0
0
0
0
0
0
0
0
0
0
0
0
0
0
0
0
0
0
0
0
0
0
0
0
0
0
0
0
0
0
0
0
0
1
0
1
0
0
0
0
2
1
1
1
0
1
0
0
1
0
0
0
1
0
0
0
1
0
0
1
0
0
2
0
0
0
0
1
0
0
0
1
0
2
0
0
1
0
0
3
0
0
0
1
1
0
0
0
0
0
0
1
0
1
2
0
1
0
0
0
0
1
1
0
0
1
2
1
0
0
1
2
0
0
0
2
2
0
2
0
0
1
1
0
1
1
2
0
0
1
3
1
1
2
0
0
0
1
2
2
2
2
1
1
0
1
4
2
1
1
3
3
4
7
4
4
9
6
10
9
