29
102
33
25
35
21
23
12
21
21
16
20
26
16
25
22
28
23
24
37
26
27
24
27
31
37
49
45
50
47
56
51
63
70
73
61
59
89
75
93
93
87
80
114
97
97
103
113
110
111
88
64
42
45
40
32
49
39
49
64
72
85
81
69
97
86
91
102
104
106
121
116
121
129
109
99
116
102
88
97
90
59
59
53
42
59
72
60
67
80
64
68
81
63
80
67
75
71
88
83
87
90
101
60
80
86
68
79
79
74
73
68
78
66
56
74
68
71
61
66
82
64
55
55
67
67
63
64
65
88
72
55
81
67
73
74
79
89
85
77
72
70
73
73
77
90
64
74
73
61
79
96
98
75
84
85
78
86
68
89
84
90
83
87
85
97
74
71
76
81
71
74
73
90
83
83
90
93
95
81
67
93
88
88
91
95
94
87
110
92
86
77
91
86
76
75
88
91
86
91
88
100
76
98
108
94
102
90
93
100
98
99
83
108
112
113
105
95
119
115
98
105
101
110
103
120
87
93
127
118
95
115
124
97
108
109
113
102
96
108
112
122
105
96
114
125
114
125
108
108
121
117
113
135
113
112
128
124
136
122
138
125
120
131
131
153
129
150
131
129
130
136
168
155
125
150
121
153
147
125
142
143
134
124
144
157
154
159
157
148
154
161
132
136
141
165
143
162
161
170
130
158
142
155
159
159
143
143
142
151
165
138
145
134
173
147
148
141
146
146
160
151
158
158
121
158
135
157
139
149
150
135
161
143
173
152
149
142
161
160
139
137
129
151
140
155
138
139
141
161
137
171
156
150
133
100
143
132
136
148
127
126
147
140
136
121
141
123
146
124
148
129
120
139
179
122
144
141
137
132
120
146
121
144
124
110
130
125
147
136
136
116
116
116
130
148
128
116
125
95
117
142
128
145
140
116
124
140
140
113
134
131
129
136
133
131
127
145
137
119
132
128
135
132
138
115
129
130
103
115
125
118
119
122
136
106
138
114
135
124
124
137
143
117
98
124
118
103
126
128
124
143
138
124
136
118
104
137
118
114
117
108
119
126
121
110
123
126
117
131
136
112
118
111
118
117
128
113
121
110
126
112
118
137
120
106
114
129
124
111
130
124
124
100
128
108
124
107
103
104
104
135
93
109
99
117
125
124
116
113
95
104
112
127
120
130
116
115
117
114
110
113
115
115
130
98
112
113
112
110
116
108
112
95
123
121
128
119
145
97
111
115
88
112
109
123
109
118
95
101
111
102
107
116
122
101
113
105
102
105
110
104
89
116
92
121
104
117
111
114
90
113
116
96
88
78
103
105
88
95
112
98
105
96
99
120
102
102
116
101
69
86
90
107
107
85
105
98
104
102
90
121
110
82
90
90
101
102
93
97
80
81
103
119
103
103
83
101
92
84
99
91
98
102
109
95
73
99
92
101
119
100
83
86
94
90
89
95
94
110
97
93
103
104
101
96
96
95
102
75
73
90
99
91
104
83
83
86
108
91
85
88
82
90
83
89
97
93
89
98
87
102
103
93
77
97
92
81
82
92
75
76
93
87
81
90
80
76
81
80
82
81
95
89
92
100
110
95
82
99
88
102
70
76
93
68
94
102
88
90
80
92
73
90
76
77
84
105
81
94
72
82
100
92
89
74
86
88
89
85
80
78
100
79
73
80
82
79
97
90
88
82
70
74
94
96
77
101
81
79
106
71
88
71
87
84
70
84
76
87
90
93
93
79
78
93
80
68
69
74
81
68
70
74
80
76
68
88
76
71
81
84
64
75
86
61
75
80
88
81
67
96
93
78
72
72
69
70
59
81
85
69
77
82
85
79
69
85
77
68
85
90
69
79
82
70
74
80
69
86
73
91
81
69
79
66
68
75
63
60
72
61
73
84
79
59
75
87
67
74
70
62
68
82
67
71
78
73
74
72
64
73
78
85
92
64
77
76
69
63
55
72
84
55
63
83
86
79
71
76
69
74
79
51
80
58
64
75
71
65
67
61
69
68
62
67
81
51
59
55
59
70
77
68
71
65
64
67
71
65
74
72
69
71
69
58
70
75
55
68
70
66
61
57
74
65
69
65
64
74
64
77
65
64
63
56
55
68
58
64
77
62
60
59
62
62
66
59
73
51
70
59
64
68
62
49
59
62
76
66
65
64
56
51
62
60
65
67
72
64
80
50
75
64
60
64
54
66
76
52
47
69
59
64
57
59
55
53
57
49
66
55
50
60
51
57
46
42
70
67
68
71
44
59
55
50
66
56
59
59
63
58
43
66
44
62
60
59
70
59
82
52
54
47
52
58
55
56
61
44
62
68
64
62
68
53
65
57
49
57
54
69
53
58
48
43
47
44
55
44
60
47
55
67
66
60
44
61
59
55
49
55
40
64
56
57
50
59
63
55
43
53
45
51
53
49
38
50
45
57
44
48
49
58
55
57
52
49
46
60
49
43
39
45
41
49
56
56
45
47
34
34
35
42
47
54
52
39
53
37
42
49
44
50
34
51
45
54
47
47
47
44
48
43
37
60
57
41
44
49
51
43
44
57
50
43
37
42
51
50
38
44
50
51
41
51
59
43
41
40
51
46
53
42
37
49
55
55
48
34
49
33
39
50
34
51
36
45
33
51
49
40
47
47
38
42
40
44
30
48
42
50
43
60
50
48
45
48
50
41
42
38
55
35
50
31
39
40
52
57
29
31
49
38
48
33
47
38
54
37
31
39
43
42
33
38
38
40
32
47
40
47
37
47
56
33
36
36
41
39
34
33
27
42
55
48
36
41
41
50
42
49
34
53
40
52
40
34
48
36
39
54
27
30
34
36
33
52
38
33
40
34
52
45
43
55
38
45
47
49
30
35
40
32
41
44
41
36
35
42
38
41
30
42
36
43
50
39
32
39
30
42
47
37
32
35
49
38
40
42
32
33
36
19
39
48
42
26
40
39
30
34
40
42
30
30
35
35
35
40
42
37
40
36
33
36
40
31
34
35
32
37
27
38
35
43
34
45
35
50
40
40
36
38
40
35
39
43
37
31
26
36
38
30
28
40
31
38
42
41
40
32
33
39
29
25
39
28
26
29
31
42
35
43
43
34
40
40
25
30
38
34
29
32
44
43
37
45
40
27
40
34
39
42
22
38
29
38
27
33
30
39
47
31
40
37
29
29
40
32
27
33
32
50
31
40
33
39
36
35
41
27
32
37
36
24
25
41
41
26
40
34
38
35
42
41
33
33
43
37
34
43
27
35
31
31
29
36
33
37
43
32
27
34
23
34
34
35
27
32
26
29
41
42
30
28
30
36
24
33
42
35
37
29
31
23
37
36
30
34
36
34
35
23
22
34
33
36
50
37
38
31
36
34
35
25
25
39
21
36
38
29
33
27
34
38
41
30
33
22
20
26
24
27
23
29
24
28
30
28
26
30
25
35
38
22
30
31
31
35
22
30
14
26
24
37
26
29
27
32
25
22
26
33
19
30
29
31
23
34
28
32
28
27
24
23
25
29
20
29
23
40
29
34
22
28
35
14
29
27
28
20
30
28
34
36
29
33
38
27
26
30
34
31
32
16
29
36
20
35
31
23
21
28
26
19
18
31
26
21
24
24
28
24
27
19
27
26
28
22
15
26
29
28
27
24
30
32
18
16
18
18
29
22
29
30
26
27
27
24
19
25
25
32
32
22
31
31
27
22
24
19
28
26
22
36
26
25
22
37
20
25
27
30
30
28
33
31
25
25
16
22
33
19
17
24
24
15
29
18
21
22
24
32
27
16
33
19
28
21
20
26
20
21
19
26
25
27
22
17
24
27
19
34
27
25
24
23
21
24
28
32
22
25
26
25
24
32
26
35
27
24
23
23
20
21
24
22
27
23
22
25
28
22
29
20
15
24
20
20
16
26
30
23
33
13
33
19
22
17
34
28
22
22
29
24
20
20
19
16
18
32
31
22
25
28
27
23
23
23
21
21
19
25
18
19
26
20
24
19
28
15
28
19
25
15
18
26
27
33
23
25
23
25
24
14
16
29
29
21
23
34
23
18
23
24
25
32
19
21
17
19
21
18
19
18
21
28
21
19
20
23
21
27
28
23
16
26
21
27
19
29
18
15
19
23
26
24
29
23
24
20
19
23
23
33
18
26
20
20
24
24
30
28
35
25
30
25
27
21
20
32
26
21
32
18
24
19
20
18
26
21
33
34
25
25
23
17
13
19
22
26
16
22
25
15
28
25
14
21
23
18
22
22
26
26
21
26
28
20
25
23
24
19
28
27
15
26
21
16
22
21
17
24
14
25
29
27
22
22
25
21
28
22
21
17
29
30
19
29
21
20
27
23
23
26
17
27
18
27
18
25
20
19
23
27
23
21
24
33
23
22
19
27
25
15
17
29
20
19
16
23
17
17
18
19
12
20
17
20
19
19
24
16
23
20
24
16
19
22
13
24
23
19
18
19
25
22
29
21
18
19
26
15
20
16
17
13
18
24
22
18
21
21
21
14
26
15
26
15
17
22
29
32
27
25
23
31
18
24
22
20
16
16
19
25
18
24
21
18
31
26
23
20
23
23
21
20
24
23
17
13
16
27
29
15
17
20
23
30
21
23
18
22
23
28
22
21
20
11
23
16
29
18
22
25
25
34
22
18
25
31
11
20
26
22
23
24
24
23
21
20
18
17
20
24
27
17
32
18
23
30
17
34
24
11
26
33
14
15
14
26
23
15
24
25
25
19
23
22
23
15
15
20
19
22
29
18
21
20
22
23
23
22
22
23
11
16
24
32
20
21
26
26
18
15
17
21
23
22
26
21
25
18
24
21
18
9
11
22
19
21
21
19
25
17
19
18
24
22
16
17
21
20
22
22
20
19
26
18
16
18
18
22
21
16
16
25
18
23
21
16
22
11
19
19
18
18
23
11
22
14
19
21
19
18
22
20
18
18
26
26
21
25
22
16
20
22
17
17
19
18
12
16
25
17
18
18
12
22
17
17
21
18
27
27
11
22
14
26
28
20
23
19
16
10
25
20
23
19
15
17
18
23
18
20
19
21
16
25
22
15
30
19
21
20
20
21
19
23
26
18
22
17
21
17
21
17
22
22
17
17
19
17
18
17
18
23
15
17
24
18
17
19
21
18
20
15
19
22
14
23
25
18
17
19
25
16
20
21
25
16
16
15
17
21
21
18
19
21
20
17
18
22
20
16
19
21
16
20
17
19
26
24
19
22
22
23
19
24
21
15
21
23
23
24
18
17
17
17
21
18
24
28
19
14
32
18
24
13
22
18
27
20
22
23
21
15
17
19
16
28
17
27
20
13
17
22
23
20
21
25
18
27
26
18
18
20
16
25
18
20
25
23
14
19
21
21
22
21
16
21
24
16
22
21
17
21
23
25
25
23
20
22
21
20
25
20
25
17
27
12
13
16
22
19
15
19
21
23
19
25
16
18
22
24
18
22
18
22
27
11
19
22
17
14
27
20
20
22
21
12
17
24
22
24
16
13
26
21
21
18
18
20
21
26
14
18
19
23
21
15
25
28
19
28
19
20
26
16
19
21
23
25
23
21
18
27
18
18
22
24
21
27
16
20
20
20
18
12
22
25
19
20
15
19
13
27
24
17
25
19
21
21
29
18
21
20
20
10
16
16
15
11
22
22
22
24
9
10
17
15
18
23
17
17
20
22
17
24
24
19
14
30
25
19
17
21
13
24
18
22
19
25
24
14
22
20
22
23
20
33
23
18
23
22
24
17
27
21
23
25
19
13
22
25
20
15
21
12
12
16
19
16
18
23
17
22
24
23
20
12
24
21
17
20
13
11
25
20
17
13
19
24
13
11
23
16
21
25
20
19
17
22
15
21
15
15
24
20
21
15
15
17
23
26
25
21
25
11
16
30
22
20
21
20
20
14
18
23
12
13
20
19
24
15
14
13
23
17
20
16
22
15
17
15
15
16
17
22
24
14
11
18
21
15
23
22
19
20
21
19
16
20
20
28
18
19
15
19
20
19
14
24
26
20
20
15
19
16
16
12
15
22
18
18
25
27
14
15
14
21
23
19
27
19
22
18
25
16
17
17
16
21
21
25
18
19
23
17
21
18
23
22
17
17
21
10
18
20
17
19
18
18
24
21
25
16
18
20
23
19
13
21
26
20
23
26
25
14
16
20
26
19
13
19
15
12
23
13
27
23
23
21
25
22
24
13
18
17
18
30
20
14
18
15
17
19
15
11
26
16
21
18
22
24
16
17
21
15
6
19
25
18
13
9
14
14
10
12
16
22
21
14
28
18
11
10
10
23
20
15
13
21
26
14
11
15
13
13
18
21
17
16
14
13
19
22
19
13
15
14
23
11
14
33
13
18
19
17
15
11
17
19
21
22
19
14
19
20
18
17
16
18
12
14
21
13
19
16
13
20
18
17
16
14
17
14
13
17
25
17
20
22
28
8
20
16
15
18
15
15
30
18
18
16
14
18
20
16
17
24
15
12
21
13
9
16
18
15
14
17
16
10
7
18
17
22
12
17
19
21
23
22
22
21
12
17
22
12
11
12
18
18
17
16
16
21
18
20
20
19
16
16
20
10
22
20
12
11
23
12
15
14
14
20
18
15
19
18
23
19
22
21
10
18
13
23
17
13
24
21
13
19
18
15
15
22
15
17
16
14
12
14
31
11
17
15
24
18
15
16
18
26
20
13
19
12
28
17
18
10
21
13
25
19
17
17
14
11
17
18
15
12
18
15
18
25
13
14
15
14
16
16
14
15
17
20
20
12
12
15
17
17
15
20
20
15
15
18
19
17
17
19
15
10
14
18
18
13
31
13
16
10
18
14
15
26
15
12
13
15
13
18
19
16
20
17
10
13
15
14
11
25
9
20
16
14
16
22
18
12
20
25
25
20
20
18
10
19
17
14
17
22
12
20
10
12
20
16
14
12
16
16
21
11
20
12
22
15
13
13
19
20
14
22
15
14
28
16
18
16
15
19
19
11
18
20
16
11
9
16
14
15
16
11
20
19
11
20
20
18
9
11
18
23
7
14
16
14
18
13
13
19
14
19
12
12
16
17
17
16
11
18
19
18
12
17
15
14
16
10
12
18
15
14
15
20
15
8
10
18
19
10
22
18
17
11
13
14
15
19
17
15
28
16
18
21
23
11
15
11
13
10
30
20
13
14
17
15
20
19
19
13
15
12
16
25
12
12
25
14
20
15
21
16
14
17
15
17
17
16
21
18
11
20
24
17
16
14
10
13
17
23
10
22
16
17
16
17
11
8
25
15
16
21
17
14
16
13
8
16
14
17
13
20
13
18
22
16
16
20
16
18
10
7
20
14
15
21
11
12
14
17
19
18
15
10
21
13
13
13
13
15
21
10
16
11
19
12
11
16
20
25
10
15
12
25
17
9
20
16
9
12
13
16
13
19
22
15
18
14
13
10
17
19
17
17
19
14
10
16
17
14
17
15
13
19
12
13
16
12
13
16
11
21
20
13
17
21
16
13
24
14
22
18
15
13
15
15
19
19
17
14
13
15
22
19
11
14
20
18
14
23
12
12
11
16
10
12
20
12
15
15
18
10
14
12
22
14
10
15
13
11
20
15
13
15
14
13
16
23
14
14
13
20
17
15
12
21
23
17
22
18
18
15
14
17
15
17
17
9
20
21
26
22
13
13
21
16
17
14
14
23
13
17
13
17
17
18
16
16
14
18
13
14
13
16
11
16
11
12
17
14
12
14
17
14
14
17
26
23
14
8
14
15
17
18
12
21
16
14
11
19
9
15
21
15
20
14
11
12
9
15
15
15
7
12
17
17
15
10
10
17
16
18
19
11
17
12
14
25
22
9
14
15
11
20
16
11
20
18
9
8
16
27
17
15
21
15
17
13
15
21
18
19
17
20
13
17
19
13
17
18
17
21
15
7
13
10
15
17
14
14
19
16
19
21
15
10
16
17
18
16
15
16
13
18
10
19
22
15
14
14
16
20
18
12
15
25
10
20
17
17
18
14
15
13
13
13
14
19
16
25
13
19
13
26
17
16
13
17
18
19
16
11
16
16
19
10
20
21
10
15
13
14
12
11
9
19
18
16
11
18
7
17
14
12
19
11
13
12
21
13
18
14
15
13
19
18
16
15
18
16
17
20
19
20
13
20
16
21
16
15
14
16
17
18
20
11
18
16
22
13
17
19
13
24
11
10
18
14
14
16
23
20
14
11
18
10
10
12
13
22
17
16
15
18
15
16
18
11
27
12
9
9
14
16
19
12
19
13
11
24
10
13
13
19
12
17
10
21
17
14
12
27
11
12
11
19
6
13
20
17
13
13
13
7
15
13
8
14
18
22
16
17
13
17
16
18
13
10
7
17
13
9
15
14
19
11
11
9
15
19
23
14
25
11
9
14
12
11
16
9
19
12
12
12
15
17
16
13
11
10
17
6
18
16
15
20
12
7
11
15
6
13
21
9
10
17
15
14
20
15
20
11
27
18
12
13
14
12
19
9
16
15
13
17
10
15
16
12
12
14
8
13
15
15
23
15
13
7
13
17
14
15
14
20
14
11
19
12
12
13
13
22
14
12
13
14
14
9
16
13
10
11
13
13
19
6
15
13
16
13
18
15
17
11
11
20
14
15
13
19
7
13
17
10
6
13
7
10
14
11
18
15
11
24
13
16
10
13
8
15
18
11
13
7
17
9
16
10
17
19
14
10
16
15
17
12
6
10
17
13
13
10
14
9
20
17
9
7
10
13
18
11
9
17
11
15
15
14
11
12
6
20
12
11
14
15
19
10
19
15
11
13
17
11
10
6
13
15
9
10
15
9
10
8
18
14
9
14
13
8
17
17
14
14
13
10
12
8
14
13
11
16
15
16
19
14
16
18
12
12
16
9
10
13
19
19
15
8
10
16
18
12
8
12
14
14
14
21
13
11
17
7
15
18
14
18
15
13
16
13
12
10
13
15
17
15
15
12
17
7
16
7
12
14
11
13
15
12
13
9
16
13
13
19
15
9
11
9
9
11
8
10
15
8
14
14
11
12
8
11
12
16
17
8
14
11
13
10
11
13
16
17
11
19
10
5
18
16
19
15
9
12
14
12
15
3
7
7
11
8
14
15
8
15
19
11
15
20
8
14
18
10
11
21
9
10
12
19
18
11
10
12
16
8
14
11
7
13
10
9
14
11
12
17
12
12
12
11
7
12
16
11
12
5
15
8
6
8
10
15
15
9
9
16
12
16
6
13
9
12
15
9
15
16
10
14
17
15
19
17
19
16
9
13
19
8
14
14
15
10
7
12
14
8
15
4
12
14
12
6
16
6
10
11
9
8
18
13
8
16
17
7
12
20
12
11
12
13
13
11
9
15
8
8
11
12
12
13
10
7
10
5
14
9
13
14
8
14
12
11
11
11
14
16
13
16
14
8
13
13
19
10
17
8
12
11
12
12
17
12
17
13
15
8
16
10
8
9
10
13
9
10
7
16
10
9
10
17
13
12
8
15
19
19
5
12
13
9
15
14
9
10
21
15
11
14
10
13
6
13
15
12
11
11
17
13
11
13
17
10
5
14
12
7
11
12
14
16
10
13
6
13
5
11
10
19
10
10
16
8
20
6
12
11
13
10
8
16
9
11
16
10
18
13
9
8
10
10
8
8
13
17
7
15
13
16
11
12
5
14
13
10
10
6
13
11
16
12
9
10
14
8
12
6
8
14
9
7
10
9
12
16
14
16
14
8
11
16
12
14
9
18
6
13
17
9
11
6
10
13
8
11
12
7
9
12
17
12
9
9
12
12
9
9
6
9
19
11
13
10
10
15
12
15
14
16
13
6
16
14
10
12
5
13
18
14
6
10
5
13
11
17
5
11
8
13
8
12
15
7
13
11
7
9
10
9
7
7
11
5
13
10
7
6
13
7
6
17
19
11
10
6
12
11
15
10
8
9
9
11
12
13
9
12
9
7
15
10
9
13
8
12
8
10
11
7
11
15
9
17
8
13
7
19
16
9
14
12
6
10
13
12
8
11
14
12
7
6
7
7
16
11
7
12
13
12
14
3
17
13
15
11
12
13
14
10
6
7
10
14
11
13
11
8
15
10
19
8
16
8
5
10
10
16
19
6
15
6
13
11
7
20
16
14
8
7
7
20
11
7
13
10
13
13
9
10
11
16
12
16
11
11
15
14
11
6
4
11
6
6
17
13
10
12
10
9
11
7
15
9
20
7
11
8
6
11
11
4
8
15
15
10
12
9
8
10
13
13
16
13
10
11
15
10
12
7
6
10
11
22
9
18
11
14
19
15
12
11
4
22
9
16
14
12
11
13
14
11
14
15
13
13
6
17
14
15
17
5
17
7
14
17
14
15
15
11
12
6
9
11
12
7
13
6
13
6
15
8
14
14
10
10
22
26
8
12
9
12
10
14
11
15
8
12
11
18
13
11
7
17
21
17
13
10
7
12
12
15
5
11
21
17
16
14
13
9
19
11
13
11
9
25
14
11
12
12
12
13
19
10
15
10
11
17
13
8
15
12
12
18
9
13
15
9
17
12
12
20
24
18
16
12
18
10
5
14
11
11
9
17
11
13
17
9
10
19
14
11
9
20
13
12
19
10
16
13
14
12
9
11
11
11
10
19
19
9
16
19
10
18
18
13
12
12
15
12
14
15
11
10
11
17
8
20
11
14
12
12
12
14
15
12
15
18
8
12
18
7
10
12
16
9
19
13
13
12
25
16
7
12
5
16
14
16
16
11
12
8
8
14
10
19
15
18
14
12
13
15
15
12
15
16
18
10
12
12
12
19
13
6
17
19
18
9
8
14
14
12
11
18
8
14
18
20
14
12
8
11
4
10
6
17
9
10
9
19
11
9
11
10
18
7
13
16
14
12
5
20
8
15
9
12
12
7
6
7
11
8
10
14
13
8
13
15
15
13
12
7
12
14
10
11
9
12
11
12
11
10
19
10
12
12
11
11
11
5
11
4
11
4
8
11
10
18
9
4
13
9
8
6
11
8
9
12
7
10
7
9
10
11
13
8
11
10
3
18
5
13
8
7
8
11
16
9
7
6
10
5
9
11
11
8
9
6
10
11
9
6
7
11
7
5
3
6
5
9
3
6
9
11
1
11
10
7
7
6
5
13
7
13
12
7
7
6
7
9
9
9
12
8
10
8
5
5
9
12
5
5
7
3
9
4
14
7
2
4
16
4
7
6
7
4
5
8
4
5
8
8
6
7
6
3
7
9
8
4
7
2
8
3
5
7
7
10
6
7
7
7
5
5
1
7
6
1
3
8
8
5
6
4
6
3
10
4
9
9
5
4
5
8
7
8
1
4
3
6
4
7
4
1
7
3
6
5
7
3
8
7
8
5
5
4
6
9
7
7
7
6
6
6
5
7
6
7
8
9
9
5
3
3
9
12
2
11
5
10
4
4
2
7
8
6
8
8
10
5
1
4
7
11
10
6
5
5
7
5
9
7
6
5
6
5
11
6
10
8
6
11
5
10
7
7
6
4
9
7
4
7
7
7
2
6
7
2
6
6
7
10
8
7
6
5
9
10
6
7
6
2
5
2
10
2
13
5
5
7
4
6
5
5
8
5
7
6
3
6
8
10
16
3
6
5
6
11
5
7
7
8
4
8
7
10
10
6
5
6
10
10
8
7
6
2
4
11
9
12
12
12
7
7
7
7
7
10
9
9
4
6
8
8
10
8
4
10
7
7
9
10
9
5
5
12
7
10
10
8
7
7
15
8
6
5
6
6
18
8
6
12
9
8
7
14
8
6
10
10
7
5
6
13
13
7
13
11
9
10
13
7
11
8
8
13
7
11
13
9
10
7
14
10
3
13
7
6
8
10
11
5
9
8
11
14
10
10
10
6
12
11
9
8
9
14
8
11
6
10
12
14
15
15
7
10
8
12
10
8
13
15
8
11
13
12
5
10
12
13
14
7
13
8
6
10
9
12
7
10
10
14
9
12
13
6
10
10
8
17
11
24
14
12
11
12
19
11
15
21
14
12
14
12
4
6
15
9
11
9
12
13
13
10
19
8
10
15
11
10
17
9
13
10
8
10
10
18
13
15
10
12
11
10
14
12
9
13
9
14
9
11
14
15
10
15
5
15
10
14
16
13
12
12
10
11
15
9
14
17
14
11
5
7
16
10
16
11
11
14
11
8
10
7
14
13
7
8
11
11
10
10
14
6
8
10
19
12
13
11
6
5
8
7
16
11
9
7
19
15
10
11
10
4
17
14
8
10
11
18
11
12
12
11
8
8
15
5
17
14
17
9
13
10
10
14
17
7
10
5
10
10
9
9
5
11
11
7
13
10
4
10
11
7
9
14
9
6
17
10
6
3
7
6
3
1
8
5
13
4
9
8
8
8
3
4
6
8
6
6
12
10
5
5
2
8
8
9
10
7
7
9
3
10
5
7
9
4
4
1
6
8
8
10
7
5
9
5
5
5
12
6
5
3
3
7
5
7
6
2
6
4
3
4
5
8
2
5
3
2
5
11
1
9
3
4
6
2
8
4
1
8
9
3
4
3
8
5
9
3
3
3
2
5
1
4
3
4
2
5
4
3
7
4
6
3
2
6
4
1
3
1
4
1
2
2
4
3
4
4
2
1
1
2
7
6
2
4
4
2
2
7
5
7
4
5
3
7
4
4
5
1
2
4
3
2
2
1
1
3
4
3
3
4
7
0
3
4
1
2
1
2
6
1
3
3
2
4
2
1
2
7
7
3
1
0
3
3
2
3
5
2
3
3
2
1
2
2
3
1
2
1
3
5
2
1
3
3
1
2
2
2
2
4
2
4
1
2
3
3
2
6
2
2
2
3
1
1
2
3
2
1
2
4
2
2
5
3
2
3
0
1
1
7
1
2
2
3
1
1
7
4
5
3
2
2
2
1
2
0
1
4
1
1
1
3
1
4
0
1
2
4
2
1
4
4
3
1
2
7
1
4
3
3
4
3
0
4
0
4
2
4
6
3
2
1
4
2
1
2
2
2
1
5
1
3
3
1
2
0
4
2
4
2
1
2
2
0
5
2
3
5
0
0
2
1
2
3
1
1
4
4
1
2
4
5
2
3
4
4
2
3
1
5
8
2
3
2
3
2
0
2
2
2
2
1
1
1
4
2
4
2
4
1
3
0
2
2
3
5
3
1
1
2
2
2
1
3
3
8
1
5
2
3
1
1
3
1
2
3
5
0
1
3
2
1
2
3
3
3
3
1
5
2
3
2
0
2
0
4
3
4
2
0
2
6
0
3
1
3
2
4
2
3
6
0
1
0
6
2
3
3
2
2
1
2
0
2
4
5
1
4
4
3
3
4
3
4
2
1
3
3
2
3
3
3
3
0
2
1
1
1
0
3
0
3
3
1
2
2
2
0
0
3
2
1
6
3
1
1
3
1
0
3
2
0
2
4
1
2
1
1
3
2
1
3
0
3
1
2
1
2
2
6
1
2
2
2
4
4
3
1
4
2
7
2
6
2
3
2
2
2
0
3
0
2
0
3
1
3
1
3
0
0
2
1
1
5
2
1
1
2
0
2
2
2
1
1
2
2
1
3
2
5
1
1
2
0
4
4
2
2
1
2
3
1
2
2
2
1
3
1
1
0
1
2
1
1
0
3
2
3
0
1
1
1
0
0
5
1
3
2
2
1
1
1
0
2
2
1
2
1
1
1
1
0
1
2
0
1
1
1
1
0
2
2
2
0
2
1
0
0
0
1
2
1
0
3
0
0
1
1
0
1
0
2
1
0
2
0
0
0
0
1
0
0
0
0
1
0
0
2
0
1
1
0
0
0
0
0
0
0
0
0
0
0
0
0
4
1
0
0
1
1
0
1
1
0
3
1
1
0
0
2
0
0
0
1
0
0
1
1
1
3
0
1
1
1
0
0
0
1
0
0
2
0
0
2
1
1
0
0
0
0
0
0
2
1
1
0
1
0
0
3
1
2
1
1
1
0
2
0
1
0
2
0
0
0
1
1
0
0
1
0
1
2
0
0
1
0
1
0
1
0
0
0
0
0
1
1
0
0
0
0
0
1
0
0
0
0
0
0
1
0
0
0
0
1
1
1
1
0
1
2
1
0
1
0
1
4
1
0
1
0
0
0
1
1
0
0
1
2
0
1
0
0
0
1
0
1
0
0
0
0
1
1
0
0
1
0
0
2
0
1
0
1
1
0
0
0
1
0
0
0
0
0
0
0
0
0
0
0
1
0
2
2
0
0
0
2
0
0
0
1
2
1
0
0
1
0
0
0
0
0
1
1
0
0
0
0
1
0
0
1
1
2
1
0
2
0
1
1
1
0
0
0
0
1
0
1
0
1
0
0
1
1
0
1
0
0
1
1
1
0
0
1
0
0
0
0
0
0
1
0
0
0
0
0
0
3
1
1
0
1
0
0
1
0
0
0
0
1
0
0
1
1
0
2
1
0
0
1
1
1
1
0
0
0
0
0
0
0
0
0
2
0
1
0
0
1
0
1
1
0
0
0
1
0
0
0
0
0
0
0
1
0
1
0
0
0
1
1
1
0
0
1
1
0
1
1
0
0
0
1
0
0
0
1
0
0
0
0
0
1
0
0
0
0
0
0
1
1
0
0
1
1
0
1
0
0
1
0
1
0
1
1
1
1
0
0
0
0
2
0
1
2
1
0
2
1
0
0
0
1
0
0
0
0
0
0
2
0
0
0
0
0
1
0
1
1
0
0
1
0
0
1
0
1
1
0
0
0
0
0
0
2
1
0
0
0
0
0
0
1
0
0
0
0
0
1
0
0
0
0
0
0
1
0
0
1
0
0
0
0
1
0
0
1
2
0
2
1
0
1
1
0
0
0
0
0
0
0
0
0
0
0
1
1
0
0
1
0
0
0
0
0
0
0
0
1
0
0
0
0
0
0
0
0
0
1
1
2
0
0
1
1
0
0
2
0
0
0
0
0
0
0
0
2
0
0
1
0
1
0
3
1
0
0
0
0
0
0
0
0
0
0
1
0
0
0
0
0
0
0
0
0
0
0
0
0
0
1
0
0
1
0
0
0
0
0
1
1
0
0
0
0
0
0
0
0
1
1
0
0
0
1
0
1
0
1
0
0
0
0
0
1
0
0
0
0
0
0
0
0
0
0
0
0
0
0
0
0
1
1
0
0
1
0
1
0
0
0
0
1
0
1
0
0
0
0
0
1
0
0
0
0
1
0
0
1
0
1
0
0
0
0
0
0
0
0
0
0
2
0
0
1
0
0
0
0
1
0
0
1
1
0
0
1
0
0
1
1
0
0
0
1
1
0
1
1
0
1
0
0
1
0
0
0
0
1
0
1
0
0
1
0
2
2
0
1
0
4
0
3
2
1
1
2
3
2
5
2
5
12
4
10
14
19
14
12
12
16
18
8
9
14
14
8
11
11
13
12
14
16
13
30
29
34
69
60
55
50
49
23
18
7
5
5
7
5
6
4
2
1
3
2
4
1
2
1
4
4
9
33
76
116
62
26
4
1
0
0
0
0
0
1
0
0
0
0
0
0
0
0
0
0
0
0
0
0
0
0
0
0
0
0
0
0
0
0
0
0
0
0
0
0
0
0
0
0
0
0
0
0
0
0
0
0
0
0
0
0
0
0
0
0
0
0
0
0
0
0
0
0
0
0
0
0
0
0
0
0
0
0
0
0
0
0
0
0
0
0
0
0
0
0
0
0
0
0
0
0
0
0
0
0
0
0
0
0
0
0
0
0
0
0
0
0
0
0
0
0
0
0
0
0
0
0
0
0
0
0
0
0
0
0
0
0
0
0
0
0
0
0
0
0
0
0
0
0
0
0
0
0
0
0
0
0
0
0
0
0
0
0
0
0
0
0
0
0
0
0
0
0
0
0
0
0
0
0
0
0
0
0
0
0
0
0
0
0
0
0
0
0
0
0
0
0
0
0
0
0
0
0
0
0
0
0
0
0
0
0
0
0
0
0
0
0
0
0
0
0
0
0
0
0
0
0
0
0
0
0
0
0
0
0
0
0
0
0
0
0
0
0
0
0
0
0
0
0
0
0
0
0
0
0
0
0
0
0
0
0
0
0
0
0
0
0
0
0
0
0
0
0
0
0
0
0
0
0
0
0
0
0
0
0
0
0
0
0
0
0
0
0
0
0
0
0
0
0
0
0
0
0
0
0
0
0
0
0
0
0
0
0
0
0
0
0
0
0
0
0
0
0
0
0
0
0
0
0
0
0
0
0
0
0
0
0
0
0
0
0
0
0
0
0
0
0
0
0
0
0
0
0
0
0
0
0
0
0
0
0
0
0
0
0
0
0
0
0
0
0
0
0
0
0
0
0
0
0
0
0
0
0
0
0
0
0
0
0
0
0
0
0
0
0
0
0
0
0
0
0
0
0
0
0
0
0
0
0
0
0
0
0
0
0
0
0
0
0
0
0
0
0
0
0
0
0
0
0
0
0
0
0
0
0
0
0
0
0
0
0
0
0
0
0
0
0
0
0
0
0
0
0
0
0
0
0
0
0
0
0
0
0
0
0
0
0
0
0
0
0
0
0
0
0
0
0
0
0
0
0
0
0
0
0
0
0
0
0
0
0
0
0
0
0
0
0
0
0
0
0
0
0
0
0
0
0
0
0
0
0
0
0
0
0
0
0
0
0
0
0
0
0
0
0
0
0
0
0
0
0
0
0
0
0
0
0
0
0
0
0
0
0
0
0
0
0
0
0
0
0
0
0
0
0
0
0
0
0
0
0
0
0
0
0
0
0
0
0
0
0
0
0
0
0
0
0
0
0
0
0
0
0
0
0
0
0
0
0
0
0
0
0
0
0
0
0
0
0
0
0
0
0
0
0
0
0
0
0
0
0
0
0
0
0
0
0
0
0
0
0
0
0
0
0
0
0
0
0
0
0
0
0
0
0
0
0
0
0
0
0
0
0
0
0
0
0
0
0
0
0
0
0
0
0
0
0
0
0
0
0
0
0
0
0
0
0
0
0
0
0
0
0
0
0
0
0
0
0
0
0
0
0
0
0
0
0
0
0
0
0
0
0
0
0
0
0
0
0
0
0
0
0
0
0
0
0
0
0
0
0
0
0
0
0
0
0
0
0
0
0
0
0
0
0
0
0
0
0
0
0
0
0
0
0
0
0
0
0
0
0
0
0
0
0
0
0
0
0
0
0
0
0
0
0
0
0
0
0
0
0
0
0
0
0
0
0
0
0
0
0
0
0
0
0
0
0
0
0
0
0
0
0
0
0
0
0
0
0
0
0
0
0
0
0
0
0
0
0
0
0
0
0
0
0
0
0
0
0
0
0
0
0
0
0
0
0
0
0
0
0
0
0
0
0
0
0
0
0
0
0
0
0
0
0
0
0
0
0
0
0
0
0
0
0
0
0
0
0
0
0
0
0
0
0
0
0
0
0
0
0
0
0
0
0
0
0
0
0
0
0
0
0
0
0
0
0
0
0
0
0
0
0
0
0
0
0
0
0
0
0
0
0
0
0
0
0
0
0
0
0
0
0
0
0
0
0
0
0
0
0
0
0
0
0
0
0
0
0
0
0
0
0
0
0
0
0
0
0
0
0
0
0
0
0
0
0
0
0
0
0
0
0
0
0
0
0
0
0
0
0
0
0
0
0
0
0
0
0
0
0
0
0
0
0
0
0
0
0
0
0
0
0
0
0
0
0
0
0
0
0
0
0
0
0
0
0
0
0
0
0
0
0
0
0
0
0
0
0
0
0
0
0
0
0
0
0
0
0
0
0
0
0
0
0
0
0
0
0
0
0
0
0
0
0
0
0
0
0
0
0
0
0
0
0
0
0
0
0
0
0
0
0
0
0
0
0
0
0
0
0
0
0
0
0
0
0
0
0
0
0
0
0
0
0
0
0
0
0
0
0
0
0
0
0
0
0
0
0
0
0
0
0
0
0
0
0
0
0
0
0
0
0
0
0
0
0
0
0
0
0
0
0
0
0
0
0
0
0
0
0
0
0
0
0
0
0
0
0
0
0
0
0
0
0
0
0
0
0
0
0
0
0
0
0
0
0
0
0
0
0
0
0
0
0
0
0
0
0
0
0
0
0
0
0
0
0
0
0
0
0
0
0
0
0
0
0
0
0
0
0
0
0
0
0
0
0
0
0
0
0
0
0
0
0
0
0
0
0
0
0
0
0
0
0
0
0
0
0
0
0
0
0
0
0
0
0
0
0
0
0
0
0
0
0
0
0
0
0
0
0
0
0
0
0
0
0
0
0
0
0
0
0
0
0
0
0
2
0
0
0
0
0
0
0
0
0
0
0
0
0
0
0
0
0
0
0
0
0
0
0
0
0
0
0
0
0
0
0
0
0
0
0
0
0
0
0
0
0
0
0
0
0
0
0
0
0
0
0
0
0
0
0
0
0
0
0
0
0
0
0
0
0
0
0
0
0
0
0
0
0
0
1
0
0
0
1
0
0
0
0
0
0
0
0
0
0
0
0
0
0
0
0
0
0
0
4
8
10
11
12
