17
20
26
43
52
49
70
54
70
63
81
75
82
63
70
69
61
72
63
67
90
63
100
57
59
88
89
91
63
75
85
75
78
65
75
74
65
69
61
78
71
64
74
57
65
76
61
83
71
59
78
85
83
68
66
64
68
95
94
86
71
73
63
74
86
64
66
82
78
94
71
79
71
84
65
84
87
69
80
61
90
82
55
74
65
81
86
83
82
73
86
85
108
80
77
81
63
88
83
77
77
84
87
80
73
76
83
84
70
86
82
84
66
86
82
72
75
77
87
76
71
55
85
78
81
83
80
93
92
87
81
84
76
51
80
76
91
84
84
82
76
85
93
92
79
89
90
81
76
71
81
76
80
88
80
78
75
67
77
74
77
83
83
82
93
61
85
86
85
85
101
76
85
90
75
93
88
85
70
78
78
102
95
74
74
66
90
86
81
81
81
83
72
88
83
86
93
69
81
81
85
80
96
95
70
85
89
74
89
89
81
96
82
76
96
76
87
82
82
78
74
81
80
93
95
78
82
87
111
93
90
84
88
93
76
92
97
97
96
89
109
74
94
89
70
110
71
88
87
93
93
93
91
109
102
80
91
87
74
110
74
104
91
70
106
84
102
100
87
87
84
104
89
83
85
107
80
93
85
81
104
94
102
92
97
98
87
81
105
98
83
110
89
96
96
87
84
117
86
88
101
97
87
81
101
71
102
101
94
73
105
101
94
95
73
90
113
109
94
92
100
72
88
83
86
104
106
93
82
111
80
91
114
100
93
88
104
95
88
103
92
88
98
93
101
114
76
111
92
82
98
83
88
96
75
89
93
94
87
82
93
90
108
63
77
97
105
100
101
89
96
89
93
91
90
99
96
102
85
110
89
98
92
77
107
94
80
97
78
106
83
97
95
89
109
91
83
77
89
87
105
97
106
92
107
79
94
91
92
109
98
86
91
95
80
89
112
81
88
90
96
91
101
96
95
85
93
87
99
85
95
98
90
89
89
105
93
98
78
70
102
71
89
91
81
96
98
92
82
106
109
102
93
89
108
98
83
84
94
94
99
98
83
98
78
94
85
102
88
120
106
103
98
100
72
85
88
80
96
107
95
104
103
83
101
81
94
87
87
102
105
99
105
96
94
86
81
94
84
108
85
86
90
74
83
78
85
90
96
88
75
97
89
102
97
102
84
83
76
100
93
74
92
92
91
80
90
102
90
97
87
82
103
99
99
106
91
110
91
77
88
94
103
96
91
92
107
94
96
80
105
89
108
99
99
86
109
85
94
84
104
90
86
72
99
99
79
109
101
96
92
92
103
86
92
82
104
82
106
87
110
85
94
101
93
95
95
101
114
97
98
77
76
95
76
104
87
87
99
106
91
83
105
89
85
86
109
108
84
104
85
86
103
114
106
87
100
86
84
98
101
81
69
97
98
93
90
98
108
100
103
93
103
102
86
104
94
71
92
96
95
92
103
89
103
95
85
102
92
102
97
95
87
74
94
107
96
102
97
99
95
98
104
93
102
103
94
82
104
83
117
86
94
101
104
104
100
110
81
97
98
111
84
120
99
93
109
90
91
108
94
96
91
112
101
100
106
98
106
104
98
104
90
95
86
98
103
94
82
104
88
92
89
96
90
88
107
102
112
102
76
98
111
110
87
103
94
81
102
95
106
86
88
93
107
109
92
85
116
94
108
86
100
102
92
95
87
100
107
111
110
95
90
87
99
99
104
106
100
94
115
85
105
113
113
97
99
90
106
103
93
92
90
117
108
101
110
103
89
92
121
104
99
96
81
108
102
95
99
102
88
100
90
97
90
90
86
94
108
99
100
103
100
107
90
125
98
94
105
118
80
103
100
102
102
98
116
95
82
90
110
99
106
108
102
94
135
108
87
101
105
104
104
97
108
105
94
89
87
89
94
110
103
91
87
91
96
106
109
89
102
104
112
101
107
85
105
121
101
78
93
100
105
111
120
110
111
103
101
108
108
119
99
113
117
118
103
102
72
107
95
101
119
112
104
122
103
90
108
120
111
92
122
115
107
116
102
125
111
111
100
97
106
111
107
102
139
110
116
114
107
124
91
101
117
117
115
99
124
129
97
124
113
98
135
113
113
107
133
145
117
119
99
108
111
119
117
104
122
101
125
125
99
108
122
105
121
117
144
119
118
112
143
111
123
111
118
136
109
120
142
115
113
106
105
129
117
118
106
117
112
126
145
103
126
130
119
137
120
142
118
123
129
145
121
120
146
119
121
128
138
122
127
126
116
116
126
111
119
134
130
128
127
134
124
121
117
118
137
126
118
143
143
142
134
120
123
123
118
114
137
116
128
140
130
126
127
138
140
119
122
142
123
125
119
115
136
149
133
130
132
124
129
106
123
131
132
131
141
127
115
123
122
119
117
131
113
125
111
115
94
115
128
108
125
121
102
126
119
106
113
132
104
130
142
133
122
107
124
99
118
117
130
126
109
129
122
110
122
116
129
120
121
120
134
102
123
113
101
136
124
127
116
134
120
137
121
132
124
120
129
116
96
118
146
121
109
123
120
104
127
126
117
111
120
131
96
115
121
116
107
113
112
115
130
126
102
116
111
107
122
117
109
96
122
109
112
123
122
110
107
121
116
109
105
111
109
112
115
96
117
115
101
97
99
129
106
104
127
114
107
111
114
107
106
126
100
124
123
100
109
113
100
107
116
103
110
107
111
118
97
104
111
113
108
97
114
118
99
107
102
115
101
104
117
115
123
131
112
96
121
102
108
115
105
116
130
116
108
110
117
104
101
120
114
100
127
114
106
112
112
121
125
103
118
104
109
113
137
112
110
107
100
119
115
97
120
90
108
95
105
98
109
132
96
86
117
101
114
119
100
112
127
98
108
101
100
95
104
96
94
96
100
115
112
110
100
101
106
97
88
110
109
110
84
107
124
100
115
123
105
117
116
106
95
112
115
107
114
99
103
99
99
107
110
102
100
108
118
104
100
102
99
114
83
98
114
112
103
91
123
125
109
99
89
120
96
80
98
97
99
104
107
109
92
102
107
101
103
123
103
94
103
90
121
116
99
111
106
104
106
109
103
95
99
96
115
88
118
87
100
100
108
87
109
117
108
105
95
104
84
126
106
97
103
105
103
126
112
84
93
102
100
106
104
89
83
118
93
103
85
92
104
90
97
100
98
106
93
112
106
81
110
89
107
115
92
121
102
114
120
95
104
123
101
104
115
117
100
94
100
111
106
94
98
105
109
100
110
91
102
115
96
103
96
88
102
97
114
93
115
107
122
97
110
95
104
71
101
100
83
101
97
108
102
99
100
94
97
109
111
93
102
92
96
89
86
113
97
105
88
113
119
97
89
88
89
100
106
91
111
87
100
94
113
114
75
121
102
102
90
108
99
94
83
95
97
103
90
95
81
101
94
106
102
95
77
105
92
98
94
92
92
89
95
98
116
102
90
99
101
77
110
102
80
94
74
94
98
101
93
91
96
96
89
103
83
92
98
95
100
107
104
91
94
88
90
99
97
96
79
91
98
109
101
94
96
96
100
90
77
87
96
117
92
96
99
105
95
103
98
93
101
88
79
89
91
95
117
98
92
83
96
83
92
80
90
94
98
102
80
91
86
79
72
101
84
84
93
87
91
95
102
95
109
79
89
99
101
79
103
100
82
86
94
111
88
87
82
98
105
72
103
88
98
102
101
82
106
94
77
95
94
100
87
90
87
105
107
108
98
79
101
90
105
97
101
103
87
101
86
95
99
88
92
84
96
98
87
90
96
85
104
94
81
98
85
90
94
77
76
89
87
95
106
84
86
87
88
77
97
109
85
92
99
95
91
89
96
104
85
94
89
81
79
94
97
102
96
101
83
81
105
96
102
89
87
99
82
79
88
81
82
94
98
98
88
88
89
103
101
78
79
94
92
94
82
98
80
93
88
84
82
100
93
88
83
94
80
102
86
104
85
75
72
74
76
75
100
88
107
100
82
81
85
84
95
87
93
93
82
85
102
92
83
96
90
96
88
75
66
84
84
88
99
89
89
99
86
72
90
74
89
97
89
100
91
95
87
95
86
80
86
100
97
99
102
71
84
89
93
94
96
100
91
89
87
87
74
83
93
96
97
80
76
95
98
85
90
87
84
92
81
98
79
97
109
83
82
105
70
82
99
83
81
94
90
81
88
86
82
99
106
98
73
87
89
100
105
95
72
71
85
98
105
79
87
81
89
95
89
96
83
88
87
92
91
99
77
100
93
90
92
95
87
79
94
85
82
98
80
101
85
85
107
95
92
85
81
65
94
89
77
93
81
94
84
82
93
82
87
105
90
99
88
85
89
83
96
89
79
90
96
80
83
88
79
79
84
92
72
94
81
86
77
85
91
93
83
90
89
88
84
84
97
100
92
75
85
105
83
86
90
84
94
84
117
82
91
85
69
81
83
88
84
94
96
79
80
67
86
86
83
81
98
99
88
77
97
98
87
84
95
84
87
79
84
79
88
95
101
95
98
94
87
89
76
78
106
91
79
91
88
77
79
75
102
93
85
99
71
90
85
104
83
102
84
90
83
80
104
89
87
87
81
82
87
83
90
70
82
98
85
72
87
88
75
76
75
86
82
75
79
75
78
116
89
79
82
89
95
87
82
82
88
81
88
78
77
95
93
99
77
67
78
88
96
85
105
87
87
100
90
78
95
82
97
78
88
88
86
97
101
87
86
89
87
75
80
88
82
66
84
97
92
72
79
93
95
94
101
80
79
76
91
79
104
91
85
72
79
87
93
76
78
98
73
88
84
97
90
84
70
76
75
72
111
77
77
68
80
80
80
81
70
72
68
106
71
92
87
85
95
103
83
72
99
84
76
81
77
76
80
84
96
91
80
98
96
81
87
80
91
93
84
71
76
80
87
86
78
72
99
91
90
98
85
85
88
80
93
90
84
100
85
97
94
79
95
94
76
82
94
66
82
83
85
93
85
97
101
109
90
88
106
82
63
89
85
88
94
73
78
90
84
85
95
88
85
73
73
101
79
82
91
76
106
87
87
72
91
85
83
74
92
79
80
71
81
92
77
74
90
92
93
70
86
79
68
80
77
90
88
82
89
76
84
75
88
87
96
96
72
73
97
70
97
79
94
106
81
80
89
79
86
78
86
69
87
87
84
72
78
82
78
85
83
75
101
77
86
103
90
77
76
90
95
91
71
78
92
78
81
108
75
89
87
79
84
90
88
76
93
93
99
71
87
84
98
83
84
91
91
91
64
73
75
82
80
88
67
90
97
88
83
92
87
96
94
76
94
68
74
84
91
81
81
79
86
103
96
83
97
68
87
76
79
92
84
84
87
97
89
86
78
90
90
101
80
97
81
80
93
87
75
91
104
81
81
85
83
86
84
74
74
86
84
98
94
102
88
75
78
87
82
71
80
95
82
90
95
77
76
74
79
94
90
65
79
84
72
91
89
87
96
87
91
100
90
94
91
80
87
76
81
84
95
81
93
84
83
91
61
81
90
84
83
96
74
76
99
84
107
89
81
87
78
89
62
95
83
74
79
79
92
78
77
95
66
101
100
87
84
82
94
65
81
74
82
87
111
80
83
87
80
89
98
93
102
88
86
98
78
84
91
66
79
84
82
102
89
88
105
67
99
80
76
90
76
99
77
68
94
79
85
87
83
91
77
79
83
65
83
97
93
91
86
88
90
87
85
70
72
65
86
75
76
86
91
92
91
98
88
82
78
78
90
96
84
74
88
76
92
101
83
78
90
105
88
84
99
80
74
82
83
72
73
73
75
82
89
75
82
104
85
72
79
76
95
88
75
87
77
77
91
99
85
80
105
77
86
81
82
71
77
88
67
74
89
98
94
87
94
92
81
101
93
80
82
91
82
72
83
77
78
80
79
79
89
91
84
79
85
80
76
87
79
66
83
96
80
87
93
90
95
90
93
86
68
76
73
80
91
86
90
75
92
92
83
92
86
87
83
82
90
76
90
75
74
91
79
78
98
96
79
92
85
85
73
94
91
78
79
91
71
78
89
86
82
63
80
88
88
98
93
93
74
104
65
79
82
81
83
92
78
84
83
108
89
100
93
91
74
93
85
82
86
85
99
81
97
106
83
88
73
83
85
93
81
91
77
89
86
61
94
102
81
77
93
95
91
82
103
79
72
97
78
83
89
95
88
110
65
82
82
77
77
76
93
93
84
91
103
87
97
90
98
78
106
84
89
81
85
100
91
82
102
92
75
107
104
87
86
81
93
79
81
97
89
102
87
102
92
81
87
84
108
92
79
85
68
90
90
79
85
78
94
90
78
82
70
93
72
78
72
78
96
70
93
91
88
76
94
87
94
93
83
89
90
68
88
73
80
66
82
93
96
73
108
73
82
82
76
84
78
91
92
95
87
88
79
74
106
72
88
88
72
90
76
76
85
101
86
80
74
83
92
101
95
85
97
79
87
96
86
82
92
87
87
92
81
73
95
64
83
78
90
94
81
96
91
92
89
77
91
91
87
91
82
82
80
90
83
94
77
78
93
88
84
86
82
95
79
82
89
94
87
73
68
84
84
108
100
86
90
93
89
96
86
88
89
88
102
81
81
87
92
87
86
100
89
94
102
80
95
85
94
68
86
89
93
84
89
96
88
81
78
94
96
108
83
80
98
98
86
106
87
72
76
92
81
93
93
86
81
95
86
87
97
72
88
86
85
87
90
90
89
96
100
101
95
65
76
93
78
67
89
91
89
92
93
94
73
83
87
106
81
67
85
97
78
100
100
84
85
74
100
82
91
92
101
89
91
86
78
91
92
90
99
98
83
91
106
85
95
81
89
85
84
109
96
73
71
80
95
75
74
76
95
86
102
96
85
89
76
83
106
89
82
95
76
88
95
95
83
89
77
88
82
96
95
83
88
73
70
102
94
81
110
82
86
77
94
100
92
88
84
88
103
89
102
80
92
86
102
84
78
77
104
80
105
86
80
111
78
83
86
95
100
68
96
77
97
86
94
90
85
75
94
88
104
95
100
78
91
91
92
86
62
91
83
98
105
84
90
65
74
75
106
108
97
79
89
86
99
78
81
92
97
94
87
82
99
101
104
108
96
115
97
84
111
80
84
91
81
91
91
88
96
89
98
87
109
88
99
77
88
85
88
95
100
91
81
80
94
95
78
94
98
84
93
91
90
95
84
114
79
102
86
108
82
99
97
76
86
98
97
88
95
87
87
93
93
95
85
97
93
80
79
93
80
115
90
102
88
83
95
85
99
104
92
87
116
85
88
75
84
100
89
79
78
97
94
95
82
88
93
105
88
98
94
83
89
73
93
74
96
88
106
91
86
93
72
100
105
78
123
101
84
87
71
98
110
80
98
87
101
95
93
83
94
82
90
91
93
83
91
82
89
93
95
98
93
101
73
91
98
97
99
77
83
101
94
73
105
69
110
85
93
98
101
105
100
73
92
108
98
95
88
94
108
88
76
96
92
78
93
90
91
89
72
86
94
75
94
103
104
90
95
97
83
89
87
91
88
99
91
73
102
97
103
86
90
104
89
82
100
108
94
82
103
75
102
86
90
105
95
105
92
92
104
108
103
93
99
89
99
92
86
98
110
72
100
79
88
98
98
88
119
88
92
86
94
98
82
107
104
82
94
89
93
86
104
87
101
83
101
92
103
106
101
87
95
96
90
99
93
95
110
108
98
78
96
116
91
85
104
97
107
105
99
98
97
90
86
99
93
115
99
96
94
116
93
78
101
90
103
114
82
107
100
86
101
84
98
92
78
93
96
95
101
85
109
91
85
113
97
90
106
121
111
110
76
88
101
82
112
83
115
85
87
98
81
99
98
86
91
103
87
96
92
99
92
99
94
100
117
95
102
97
90
101
106
90
92
95
84
92
95
105
104
101
90
96
101
80
101
98
110
101
90
102
113
122
87
89
94
99
114
87
106
95
115
93
83
102
114
97
91
88
95
91
126
102
100
96
97
98
102
96
87
83
93
106
106
97
90
97
95
91
104
97
85
94
106
115
103
95
102
94
92
103
90
101
94
103
94
97
103
78
94
103
99
80
100
78
104
96
92
108
92
102
99
91
91
103
89
108
105
87
99
99
106
85
103
87
103
87
98
89
75
116
87
81
88
112
108
102
96
100
102
84
95
97
106
87
104
103
107
93
87
76
110
84
95
98
118
120
86
108
92
83
96
95
106
93
91
101
101
96
91
95
106
117
99
95
92
118
112
111
94
113
103
103
111
103
87
86
114
104
108
94
107
107
104
102
107
100
95
99
82
91
101
87
104
86
94
114
111
91
114
90
98
90
91
115
97
97
97
110
110
105
120
107
113
96
86
80
98
101
106
89
101
104
105
105
100
107
99
102
110
93
111
91
99
86
110
121
105
102
90
99
110
95
98
114
113
86
119
106
108
110
106
105
92
94
113
109
95
95
95
97
102
101
97
90
118
108
113
97
97
105
95
112
109
124
100
100
109
125
98
108
106
102
106
104
130
89
95
116
96
92
103
113
101
93
118
113
85
103
105
90
102
90
86
93
111
98
95
106
97
105
108
105
98
100
92
99
83
106
96
108
101
105
103
101
122
101
114
90
108
102
97
108
98
99
125
107
87
98
128
100
108
103
113
90
109
96
109
100
99
99
76
111
113
94
102
90
93
114
107
99
107
121
99
115
108
100
121
108
107
115
95
108
109
89
111
118
100
85
89
89
102
107
107
92
107
108
100
104
108
112
110
110
96
121
107
95
118
111
97
100
94
103
107
106
111
104
121
123
94
95
88
95
114
115
116
105
93
100
110
112
118
111
119
97
114
116
96
100
103
89
109
101
109
91
97
100
124
121
86
110
103
108
95
116
105
99
120
106
121
91
116
100
103
132
108
127
114
103
117
102
112
98
109
136
114
123
92
97
102
107
133
108
112
97
111
97
122
129
119
108
121
116
109
112
99
102
111
119
115
109
124
110
113
117
101
106
96
114
108
87
119
104
114
111
109
115
119
105
99
87
115
100
104
90
88
97
103
101
117
97
106
130
112
115
90
103
114
107
114
105
123
140
109
120
91
110
108
102
98
116
102
113
100
106
90
108
119
119
99
106
112
103
99
114
102
121
96
107
106
107
86
102
101
101
102
97
103
110
116
103
107
100
111
96
107
112
121
97
115
111
102
108
93
89
100
113
107
111
100
97
111
110
98
98
98
119
95
100
108
103
92
99
93
95
95
119
97
90
117
101
111
104
94
94
115
88
109
104
102
99
107
91
89
97
95
117
113
103
100
91
92
94
111
122
99
128
103
101
102
109
110
94
88
94
106
125
110
122
104
81
115
115
124
111
118
102
100
101
97
109
96
105
82
89
113
106
93
89
97
104
88
97
118
93
116
107
101
95
107
90
122
97
94
113
90
96
103
102
91
113
100
119
90
91
82
110
105
85
83
121
97
93
84
102
99
111
107
88
88
97
99
100
99
111
85
95
100
101
105
101
100
95
89
101
86
112
71
81
103
95
97
100
92
95
92
88
97
106
64
85
86
97
104
93
82
78
102
93
84
112
93
95
115
94
89
100
115
87
95
101
93
83
105
108
112
105
93
101
89
103
95
85
90
104
96
72
82
109
106
91
78
104
77
96
92
87
94
96
93
82
97
106
91
98
89
103
107
92
78
93
82
100
80
95
99
84
91
81
86
85
85
73
98
93
101
98
89
92
102
86
97
99
72
82
95
76
74
79
83
105
101
95
86
95
81
66
94
74
78
83
78
65
98
90
81
92
99
84
72
105
94
65
88
73
75
98
77
71
86
98
90
71
80
81
87
89
92
81
88
89
84
87
84
73
82
89
80
104
82
75
88
67
84
72
98
88
85
96
81
91
77
83
82
91
98
80
99
81
90
78
88
83
98
95
73
85
72
84
90
83
78
73
69
78
84
95
87
68
80
75
75
88
64
82
77
89
86
96
76
59
69
66
84
74
60
76
82
64
81
85
88
73
78
79
82
84
74
72
80
83
86
83
78
74
77
82
76
81
74
75
76
71
92
89
69
73
83
83
79
89
79
92
73
64
70
62
85
72
46
88
80
71
74
76
72
85
70
74
80
74
68
67
77
79
89
66
65
68
68
84
73
81
86
81
75
84
91
62
73
76
72
57
83
84
88
68
83
82
75
78
65
81
62
71
73
68
74
65
78
79
68
64
74
67
69
80
65
66
99
73
69
68
58
68
77
65
81
69
71
73
75
93
86
83
67
70
74
62
60
58
62
74
63
70
71
62
75
73
68
71
70
76
68
71
73
66
79
74
91
66
68
63
67
61
82
66
93
74
84
78
63
64
62
71
66
65
80
81
66
77
80
66
65
69
71
73
68
64
82
69
71
77
57
80
71
74
58
78
80
73
74
68
61
80
75
64
64
77
67
64
65
72
60
67
75
80
74
60
75
55
64
64
60
66
88
62
62
74
68
63
76
82
76
79
58
67
53
83
54
57
62
61
68
68
58
65
74
64
65
60
65
82
67
72
77
76
53
70
79
71
72
65
79
53
56
53
73
73
75
67
76
73
61
70
76
61
75
61
63
79
73
73
59
60
63
77
68
60
64
69
52
78
68
54
58
74
74
58
83
69
67
62
72
53
63
80
63
74
53
62
68
66
60
61
63
69
57
72
81
68
80
65
53
78
74
74
58
66
95
62
61
64
70
55
63
62
63
61
65
66
62
63
62
61
67
61
86
69
66
66
67
62
79
73
73
73
73
62
75
62
74
78
60
56
52
52
77
66
66
60
60
69
69
49
57
59
78
62
63
77
80
70
57
62
79
60
56
56
52
47
81
75
61
77
73
72
73
62
77
47
56
67
84
64
54
74
51
77
71
62
47
54
66
83
64
53
56
72
61
68
82
57
62
73
57
71
50
70
76
62
57
53
70
76
77
67
66
82
67
59
50
84
54
61
68
68
58
48
65
67
63
54
72
63
66
82
70
76
58
54
58
57
64
57
56
75
43
80
64
75
53
73
63
61
68
67
61
74
55
52
61
66
59
67
71
59
71
70
62
68
59
82
91
70
71
68
70
78
58
70
66
67
76
84
64
62
61
65
56
73
79
79
67
63
66
63
60
63
76
70
74
78
55
54
70
66
59
68
95
79
83
68
71
73
66
59
83
63
80
76
81
70
71
73
91
81
82
76
83
86
75
71
89
67
79
79
74
72
78
62
65
82
76
62
89
81
76
60
81
86
78
90
81
76
74
70
91
81
85
82
87
91
67
89
89
71
92
90
86
80
89
99
97
78
101
71
85
87
90
85
88
78
78
77
107
75
88
82
79
83
76
92
86
98
92
92
93
94
98
84
88
109
98
101
89
90
87
89
90
82
91
96
119
84
90
116
86
104
100
94
123
100
104
95
95
105
108
85
107
110
104
115
103
97
93
99
89
90
112
119
108
109
102
83
103
106
108
101
93
120
119
112
97
96
118
97
114
107
94
118
131
116
119
104
113
136
101
131
113
120
119
111
139
123
121
125
120
131
124
115
132
128
130
122
140
127
133
119
116
129
119
145
139
129
141
129
128
138
132
109
114
151
153
143
116
126
147
133
147
119
150
132
137
140
153
149
147
164
154
145
141
150
134
120
140
148
142
175
155
143
135
153
158
140
163
170
166
165
163
199
149
152
150
152
185
164
171
173
164
150
166
173
145
163
158
154
180
165
186
174
179
158
172
183
188
189
156
196
169
174
175
168
206
162
166
185
174
189
191
162
183
186
185
184
204
180
194
197
205
193
204
198
189
212
182
226
206
194
178
200
199
188
186
221
203
187
171
219
223
198
207
186
211
208
195
199
203
215
206
210
212
186
213
220
220
217
200
216
204
234
201
192
200
238
214
213
219
189
207
234
228
223
201
219
233
237
198
230
225
199
245
203
212
212
249
216
233
212
208
211
217
218
212
229
232
261
181
226
218
204
237
212
227
224
229
246
237
226
189
225
246
244
199
198
207
209
236
230
228
240
194
255
195
241
237
218
199
225
236
226
224
212
247
233
219
222
221
235
229
245
208
237
229
225
228
234
229
232
202
198
221
238
241
227
216
222
208
226
215
218
207
214
219
205
223
210
206
219
225
199
222
227
202
185
215
206
201
227
201
219
215
195
199
199
205
212
198
177
203
190
209
176
184
201
183
192
198
179
197
245
191
187
201
186
171
199
187
196
183
174
191
183
198
195
218
170
192
183
173
158
178
171
172
168
186
168
175
198
148
192
187
173
157
173
172
151
154
156
167
196
145
171
161
146
157
155
127
144
154
176
139
124
145
143
154
124
146
143
161
132
153
164
163
132
126
143
139
132
134
118
130
141
137
137
152
117
124
108
126
140
115
126
131
136
133
126
104
129
99
117
129
114
137
129
113
120
116
139
112
108
112
117
113
107
91
126
111
92
101
91
92
116
102
96
94
87
105
110
94
101
98
86
77
86
91
95
87
104
84
98
90
96
95
96
82
101
71
78
75
98
91
76
86
72
73
62
81
78
73
73
70
67
75
81
65
98
67
78
75
61
68
74
80
53
48
75
49
74
77
68
69
58
56
57
76
68
58
64
64
65
63
59
65
50
61
70
59
54
52
63
58
51
58
55
49
60
62
49
49
59
47
56
60
58
49
45
64
46
56
52
51
39
60
58
42
55
37
47
62
45
58
55
51
44
56
55
49
54
47
36
55
59
49
52
45
53
43
57
50
48
41
46
34
47
63
54
49
54
56
60
46
49
52
54
47
43
40
48
52
36
45
47
46
43
52
37
59
42
37
45
46
48
49
43
61
45
43
44
57
50
50
51
46
74
49
51
59
55
61
51
47
60
49
46
58
43
70
51
55
52
51
62
56
59
46
57
55
64
73
49
47
51
67
50
69
54
55
62
55
58
60
65
53
45
60
62
63
55
50
71
59
70
63
55
53
61
57
60
55
66
58
63
80
53
60
62
66
56
60
71
62
64
74
73
83
83
73
56
63
83
82
69
71
85
68
77
76
63
56
94
76
70
63
82
63
82
71
73
103
93
104
78
71
76
75
69
84
90
73
97
79
88
84
87
88
89
99
82
101
102
75
86
100
103
80
91
90
90
89
92
107
99
99
103
111
91
84
101
108
100
99
89
106
99
100
102
103
98
111
101
116
113
106
99
94
103
119
101
101
116
111
120
114
120
124
106
129
116
124
125
106
133
96
124
133
119
120
139
115
115
109
122
110
131
121
119
133
120
128
145
131
123
115
127
135
136
159
134
121
149
128
129
117
135
158
154
141
131
122
128
127
155
128
139
145
155
142
145
144
142
136
138
145
136
150
140
140
126
137
181
159
158
152
162
166
173
139
149
146
144
151
155
148
182
149
149
149
166
165
145
146
167
182
161
180
151
155
173
143
159
166
147
148
158
171
148
169
141
168
168
170
169
167
160
171
167
153
167
187
184
164
188
162
178
168
177
159
182
176
195
149
184
173
188
144
176
174
164
163
186
185
228
176
160
168
197
171
168
176
183
190
185
158
180
177
191
191
182
195
190
179
182
172
166
200
184
153
181
178
159
179
153
191
183
177
185
190
161
161
174
186
181
172
164
176
180
183
162
173
179
194
151
181
160
188
180
183
195
178
191
173
173
175
178
190
179
157
181
160
163
194
166
192
157
206
160
154
170
182
172
168
158
175
170
161
185
180
158
177
186
159
163
169
173
155
163
198
149
174
189
182
155
175
180
169
194
154
169
171
166
143
162
156
156
165
177
124
163
166
156
166
156
158
134
149
153
146
131
156
177
163
157
154
151
153
132
155
161
156
134
147
155
151
140
149
129
158
152
131
130
129
154
118
142
140
115
145
137
133
133
147
129
114
110
147
114
136
119
149
124
113
111
133
119
123
119
118
131
117
108
129
92
133
126
105
117
127
116
126
99
112
103
133
99
105
115
115
121
83
109
119
106
99
92
89
93
95
100
89
101
86
80
75
95
79
97
105
91
89
83
91
86
83
92
74
97
86
82
86
83
96
81
88
75
79
88
88
57
69
78
59
74
74
77
85
92
68
67
74
63
69
76
63
60
61
64
57
64
64
71
51
78
66
57
60
72
64
65
62
55
59
56
60
56
62
49
49
46
64
45
50
58
57
60
56
60
46
45
45
43
41
40
47
46
33
47
43
54
41
32
57
52
35
31
37
34
38
39
35
41
43
41
34
40
33
24
33
39
37
31
33
38
26
43
22
28
35
38
29
32
26
31
27
28
35
35
22
26
31
28
26
20
21
32
28
23
15
30
23
25
23
24
29
22
28
26
28
23
17
12
24
32
19
28
18
20
22
19
15
17
22
22
19
19
21
18
11
16
20
19
21
21
22
8
23
17
18
10
17
26
9
16
13
19
15
19
8
17
10
18
18
18
19
15
16
20
12
12
8
14
12
9
17
15
7
14
11
4
15
18
7
12
6
7
7
12
15
14
11
5
5
16
7
10
10
8
10
10
10
8
12
12
15
11
14
9
15
7
8
11
9
5
7
3
5
13
7
5
8
9
6
7
6
10
8
1
11
7
5
2
2
1
5
3
10
8
9
4
4
4
4
7
7
8
4
10
4
5
6
4
7
3
3
7
2
6
4
6
3
2
6
4
7
1
7
4
6
6
7
5
2
7
6
1
3
8
4
5
3
6
7
4
6
6
4
1
7
8
2
3
6
4
3
5
4
8
4
4
2
6
7
4
4
5
5
7
8
7
4
8
3
4
4
3
5
6
3
1
3
3
4
4
3
2
7
3
5
3
5
6
1
5
5
3
4
2
4
4
2
3
4
4
6
3
2
7
2
2
2
3
2
2
3
4
5
3
2
1
4
4
2
2
2
4
3
4
5
3
5
3
2
4
2
3
3
2
5
8
3
4
2
2
4
6
3
4
1
2
2
0
5
3
3
4
3
1
3
5
1
4
5
0
2
5
6
0
6
5
2
3
2
6
1
0
1
4
5
2
4
2
1
1
1
0
2
3
7
4
8
1
0
3
6
2
3
5
2
0
3
3
2
3
1
4
6
2
2
1
5
3
2
0
1
0
8
2
1
2
4
1
3
8
6
2
1
4
2
3
0
6
1
3
1
3
3
2
1
1
1
1
2
3
1
2
1
2
2
1
0
3
2
6
0
2
2
6
6
1
1
7
1
5
3
4
4
2
2
3
2
2
3
1
3
3
1
3
3
3
1
0
2
6
1
2
1
1
1
1
2
1
1
1
3
2
0
3
0
3
4
3
1
0
3
2
2
1
2
3
1
3
2
4
4
2
1
3
3
4
3
2
1
3
1
1
2
3
4
4
3
0
2
0
2
5
0
2
4
2
1
2
2
0
0
3
1
3
2
4
1
2
2
1
5
2
1
3
2
3
0
2
2
0
4
0
2
1
0
3
2
1
1
1
2
1
2
1
4
2
1
3
2
2
3
2
1
3
3
1
2
3
1
4
0
3
3
5
3
1
0
0
1
1
2
1
0
3
0
1
1
1
2
2
3
2
3
0
2
1
1
1
1
0
2
2
3
2
3
2
1
1
1
0
0
0
0
2
1
2
3
2
1
0
2
4
0
3
1
0
0
1
2
1
2
1
2
2
2
2
1
5
1
2
3
2
1
1
0
1
0
2
0
1
3
1
0
2
2
3
1
3
4
2
2
2
2
2
3
5
1
3
2
1
3
2
1
1
4
2
3
2
2
1
4
1
3
2
0
1
1
0
3
0
2
4
3
2
1
0
4
3
2
5
2
0
2
3
1
1
2
2
1
0
1
1
0
3
1
3
3
4
1
0
0
2
0
1
3
3
2
1
3
1
6
2
1
5
1
2
2
3
1
2
2
4
0
1
3
3
4
4
2
3
2
0
4
1
5
4
2
2
1
1
2
1
3
1
2
2
1
4
1
1
4
0
1
2
0
1
2
3
2
1
3
1
2
3
5
0
3
1
1
4
1
7
2
1
1
1
2
1
3
1
3
0
2
1
1
2
3
1
0
1
1
1
0
1
2
0
1
1
1
3
1
1
0
1
2
1
2
1
1
1
1
1
1
1
2
2
0
4
3
6
2
4
0
1
0
1
1
2
2
2
1
1
1
1
2
1
3
2
1
0
1
1
5
3
2
2
2
0
1
0
1
4
4
3
2
0
2
1
3
2
2
1
1
3
0
3
0
0
2
1
2
4
0
1
1
1
1
2
3
1
2
3
0
2
1
2
1
1
0
1
2
2
4
3
1
2
0
1
1
3
1
1
3
0
5
0
2
2
1
1
1
0
1
2
2
2
1
4
1
0
1
2
4
2
1
2
0
1
1
4
0
1
3
1
0
6
3
1
1
0
1
2
0
1
2
0
2
0
1
2
2
2
0
7
0
0
0
3
2
0
3
0
0
0
1
0
1
1
2
0
0
0
3
0
1
1
1
0
0
1
1
2
0
0
1
0
2
2
0
1
2
1
1
0
0
3
1
1
1
1
2
1
1
4
1
0
2
1
0
2
1
3
1
3
1
3
0
5
1
0
0
1
1
1
1
2
5
2
3
1
0
3
2
0
2
5
3
1
1
1
0
3
1
2
1
0
2
5
1
1
0
0
0
1
0
1
2
1
2
1
0
0
3
1
1
1
0
0
0
4
1
1
1
0
0
0
0
2
2
0
1
1
0
1
0
5
2
1
2
0
4
2
0
2
4
2
0
0
5
0
0
2
2
0
2
2
0
0
4
0
2
1
0
5
1
1
1
2
3
1
2
3
0
2
3
0
0
0
2
1
1
4
1
6
4
1
0
2
1
0
1
3
1
1
1
1
2
1
0
1
1
1
3
1
0
2
0
2
1
1
2
3
3
2
1
2
3
1
2
0
3
2
0
3
2
1
4
1
0
1
0
1
1
0
0
1
5
1
2
1
1
0
2
2
0
3
1
1
0
3
2
1
0
1
0
1
3
0
2
0
1
0
1
2
1
1
1
1
4
0
1
2
1
0
2
0
1
0
2
2
1
0
1
2
2
1
1
2
3
1
3
0
1
1
2
3
1
1
1
1
0
2
1
2
2
1
0
0
0
0
1
2
2
0
2
1
2
0
0
1
0
1
2
2
1
0
1
3
1
1
2
1
3
1
1
0
2
0
0
0
1
0
1
1
1
6
1
0
2
0
3
0
1
0
0
0
0
0
1
0
2
1
0
3
0
2
2
1
4
0
4
0
2
1
3
2
2
1
2
1
2
2
0
2
2
1
1
2
1
1
3
1
2
0
2
0
1
1
2
0
2
1
3
0
2
2
3
2
0
4
2
0
2
1
1
4
1
2
1
0
2
2
2
2
3
0
2
1
2
3
2
2
0
4
0
0
2
1
2
0
0
1
0
0
3
3
1
0
1
0
2
2
1
3
2
2
1
4
2
2
0
1
0
2
2
0
1
1
0
5
1
3
0
2
2
2
1
0
2
2
2
1
2
1
4
2
1
1
2
0
0
0
1
0
1
1
1
2
3
0
0
1
1
0
2
0
4
2
1
0
0
3
1
0
3
3
0
3
1
0
1
0
3
1
2
1
1
0
1
1
1
0
1
0
1
2
1
1
2
3
2
0
1
1
1
1
1
1
0
3
0
0
0
1
3
4
2
1
2
0
1
1
1
1
3
0
2
1
1
1
0
0
1
2
1
1
3
1
2
1
0
2
1
0
0
0
1
2
1
0
0
0
1
1
1
1
1
0
3
0
2
1
1
2
1
1
1
1
1
0
1
1
1
3
3
0
0
3
3
3
1
2
1
2
2
0
0
1
0
2
1
1
3
1
2
1
0
2
0
2
2
1
3
2
0
1
1
0
1
1
0
0
1
0
0
2
2
2
0
0
2
1
0
0
1
0
0
0
2
0
2
1
1
1
0
0
3
1
1
1
0
2
2
3
3
2
0
2
0
2
1
2
3
1
1
1
1
1
0
0
0
1
1
4
1
0
0
1
0
0
0
1
1
1
3
4
0
4
2
2
0
2
2
1
1
2
0
0
0
1
2
2
4
2
1
1
2
1
1
2
1
2
1
0
1
1
1
1
3
3
0
2
0
1
1
0
2
1
1
4
1
3
1
4
0
2
1
3
2
1
0
0
0
1
1
0
1
2
1
4
1
6
2
3
1
3
2
1
2
0
1
2
0
0
0
4
3
2
1
1
1
0
2
1
2
1
1
0
3
3
4
1
2
1
1
3
1
2
0
0
2
1
1
1
0
0
2
1
1
0
2
1
1
1
1
1
0
0
1
0
17
12
19
18
18
18
21
13
11
13
13
20
12
16
21
15
24
11
18
16
11
17
17
10
19
21
20
15
20
15
18
12
13
18
21
28
23
23
11
18
16
11
12
14
20
19
17
19
13
10
13
10
16
13
13
21
16
17
15
17
14
14
17
11
9
8
16
17
19
19
11
15
14
16
19
17
9
19
12
14
16
8
13
10
15
18
11
21
12
13
10
11
16
17
9
20
16
20
20
18
13
18
13
12
13
14
15
22
8
17
19
14
22
9
29
19
12
23
24
22
22
24
20
18
15
22
19
12
