21
27
25
26
18
26
36
34
36
51
36
38
36
37
43
51
54
33
39
42
40
48
42
49
47
61
55
50
46
42
59
57
65
36
51
66
49
42
50
47
53
57
39
50
52
57
57
47
47
59
55
48
52
48
50
39
42
54
56
45
54
43
49
39
50
53
56
50
61
51
47
58
54
60
56
46
53
59
59
53
64
64
47
57
55
65
64
67
61
53
64
71
63
76
74
84
76
65
76
77
74
83
77
81
79
104
82
78
81
82
111
95
94
106
102
108
110
125
126
129
116
123
114
112
122
112
126
131
97
136
130
102
117
117
124
112
112
95
102
102
108
82
97
78
58
81
82
82
74
81
74
75
74
78
78
64
62
70
76
58
64
65
66
56
53
50
57
62
62
57
60
55
53
67
58
59
61
61
63
60
49
70
62
55
67
51
61
56
78
62
53
63
54
47
61
53
61
59
57
45
63
54
60
44
52
62
64
49
49
70
48
54
55
51
64
50
40
57
56
55
35
58
64
63
56
46
49
61
70
55
53
67
59
54
64
55
57
64
54
60
53
61
59
65
56
64
52
70
59
60
82
67
60
53
66
76
51
62
65
60
81
65
66
59
68
54
61
71
57
76
71
66
65
72
76
67
67
67
64
67
65
61
58
68
71
53
72
54
73
67
66
67
69
82
58
63
65
61
73
61
49
54
67
63
68
77
60
68
56
61
69
56
69
60
66
70
71
74
81
68
70
63
70
64
63
76
63
85
70
64
57
84
63
66
59
67
86
85
76
81
76
78
74
82
52
72
60
72
66
78
50
66
69
81
73
73
70
74
74
71
66
76
79
69
65
56
78
67
67
72
88
87
67
70
63
79
62
77
75
78
70
57
75
71
65
69
64
72
63
67
69
64
64
55
65
66
69
75
79
73
57
76
67
62
71
76
84
74
91
66
88
83
77
61
57
65
71
68
72
79
65
73
65
61
80
83
76
69
61
53
75
82
80
72
63
77
81
70
68
76
84
68
76
68
72
63
72
57
68
77
78
81
76
70
81
72
65
62
71
76
67
65
68
68
58
76
76
72
73
61
92
78
90
67
68
70
65
78
69
80
83
73
83
84
62
75
69
84
68
79
63
69
71
78
78
76
69
72
87
65
62
81
58
64
86
77
81
77
69
71
72
57
76
87
81
80
70
73
90
79
91
66
69
66
76
87
87
80
76
69
70
65
83
64
62
74
79
82
79
84
71
80
76
91
59
83
73
86
72
63
74
84
85
79
73
79
81
73
83
85
80
80
64
82
83
77
56
82
76
84
81
68
84
71
75
76
61
64
87
78
88
80
82
87
69
82
68
63
79
66
96
71
67
67
72
60
83
67
82
86
82
79
75
70
72
67
68
67
76
68
74
83
64
84
81
75
84
74
75
62
70
72
79
77
70
56
70
70
64
60
85
60
67
67
77
79
83
79
68
83
83
79
87
64
70
75
75
78
68
65
78
82
65
69
65
81
59
79
94
66
75
67
74
75
74
75
66
60
87
77
74
72
78
76
81
79
77
81
80
71
83
82
83
73
63
84
74
70
81
82
81
79
88
81
70
82
73
74
74
82
72
77
85
66
72
85
63
64
85
77
61
75
89
80
75
91
81
85
65
93
89
83
77
75
72
68
72
85
85
80
103
72
70
60
81
73
81
78
83
79
71
75
85
68
89
79
73
86
69
89
82
72
87
74
87
92
78
81
86
80
85
96
81
65
74
94
90
67
68
81
73
84
66
99
71
82
95
79
82
86
73
92
81
71
90
84
91
93
108
88
98
71
76
76
72
79
100
84
108
100
86
95
95
96
85
102
85
94
82
92
105
86
105
104
98
82
91
96
95
94
90
98
104
103
101
112
105
95
92
89
86
93
107
95
91
92
99
96
103
104
96
95
106
102
88
107
107
106
92
94
94
104
95
103
99
98
107
128
106
116
105
92
109
93
89
103
100
96
85
101
95
111
99
93
102
106
109
99
94
95
89
91
110
90
92
104
94
85
110
121
83
95
99
67
82
108
97
107
102
115
87
88
87
92
101
107
101
115
89
96
104
99
102
107
101
110
84
92
90
87
111
93
95
101
86
89
85
91
93
104
96
95
75
85
95
93
87
106
90
86
84
91
107
106
82
102
98
100
88
79
88
78
93
98
94
68
91
102
88
98
82
81
85
73
95
79
75
92
83
107
90
81
100
68
86
74
89
71
68
73
75
74
86
99
70
78
94
78
66
79
84
78
89
93
71
89
76
73
83
71
67
70
78
85
72
100
69
75
66
81
85
71
72
62
72
81
85
77
80
94
74
61
69
80
62
83
69
76
66
82
66
83
78
79
63
81
63
68
67
78
76
90
96
66
81
81
79
62
75
76
65
66
43
65
73
71
61
60
81
77
62
70
70
90
71
44
69
80
66
65
77
71
53
71
80
74
60
65
72
60
70
71
66
66
65
76
78
71
66
79
58
66
71
67
59
65
71
75
70
62
62
72
62
74
80
81
66
67
70
52
65
69
71
59
71
68
79
65
76
60
64
67
62
57
55
54
60
63
59
65
65
51
68
49
62
66
82
69
53
75
78
74
55
64
52
62
53
78
72
74
78
59
52
57
66
77
64
47
58
61
70
79
56
56
64
58
71
70
62
70
64
66
62
83
54
65
65
70
58
71
69
63
52
57
55
66
47
62
56
73
65
63
66
74
61
54
60
51
48
65
52
58
64
53
70
63
60
73
67
64
57
72
59
68
61
63
55
58
61
65
63
51
58
52
81
65
56
61
60
61
60
63
52
76
57
51
54
49
62
58
54
67
67
64
45
65
59
34
66
46
54
66
46
47
71
52
56
56
56
55
51
59
55
55
66
50
50
59
68
54
49
52
50
65
46
69
55
63
55
55
64
56
57
53
59
67
53
55
55
65
47
55
51
57
44
59
58
58
68
57
66
54
71
60
61
46
57
64
53
52
52
54
54
49
55
63
60
55
59
66
59
48
58
61
55
52
60
59
61
66
54
51
63
55
49
53
68
61
58
34
55
61
52
54
56
59
48
47
51
46
54
56
63
50
50
43
61
61
60
52
58
48
48
48
56
65
56
56
58
58
49
47
56
55
54
54
53
62
47
53
55
56
57
57
47
53
56
64
52
58
67
50
65
53
40
56
63
47
57
53
58
59
52
46
52
50
58
62
70
45
51
54
47
47
55
58
49
69
46
48
48
48
49
61
56
62
50
37
48
61
55
46
52
44
57
40
54
47
53
59
61
57
62
71
52
56
42
57
56
41
49
55
54
49
45
59
54
49
48
58
50
44
62
62
55
56
56
54
51
58
55
58
45
56
51
55
44
55
50
53
55
60
62
60
45
58
51
50
49
57
53
56
58
46
48
51
50
54
60
52
61
54
56
57
47
57
49
43
60
48
53
45
51
56
54
61
57
56
67
54
51
49
49
48
56
66
44
50
58
54
37
54
49
74
58
38
45
64
45
46
45
52
49
54
51
45
58
50
43
51
44
44
54
59
48
36
50
52
45
43
51
57
64
63
60
59
58
53
59
57
57
61
51
37
48
41
52
44
43
51
55
53
54
45
55
69
57
47
48
58
61
54
60
67
68
65
62
54
57
58
54
48
45
37
52
54
52
61
59
63
50
55
44
61
52
54
52
48
46
44
54
50
45
57
65
51
44
64
53
55
52
62
46
61
39
47
51
52
53
48
48
61
53
52
54
50
54
65
69
55
51
52
54
50
63
46
63
45
44
47
47
60
59
50
47
53
51
44
54
55
47
43
42
45
59
52
52
49
35
56
49
49
30
50
38
62
44
52
38
53
56
38
51
50
45
46
56
59
45
55
43
53
51
42
46
57
49
47
45
45
42
44
55
55
44
41
56
58
55
47
41
45
66
55
52
60
44
52
77
34
43
39
47
59
51
55
58
43
47
60
62
38
55
52
49
38
49
48
43
49
50
61
39
58
46
42
58
54
56
51
45
57
51
50
51
60
49
44
45
54
49
35
47
47
46
54
47
48
32
50
52
59
54
47
50
50
45
47
51
57
50
48
53
53
59
42
48
52
49
45
44
61
39
55
49
64
39
47
58
46
35
52
39
58
56
49
62
52
57
45
44
50
46
50
53
43
47
59
48
53
61
52
53
57
58
54
55
58
55
60
50
45
56
35
57
53
39
50
50
46
54
38
44
52
40
60
51
49
46
48
60
58
53
53
41
48
57
66
43
55
45
57
41
52
60
60
55
49
43
56
58
49
51
52
46
57
39
54
56
56
68
53
49
46
55
45
51
48
49
54
43
48
56
61
48
55
44
48
46
63
42
51
54
57
49
47
56
46
55
47
59
44
41
62
52
42
45
46
65
56
49
42
42
48
36
52
38
48
58
52
58
43
53
49
44
53
46
45
50
46
55
53
56
51
49
44
46
45
51
43
53
53
48
55
45
56
39
36
42
52
51
37
48
46
43
53
51
46
47
65
58
48
50
58
44
55
43
45
48
30
50
38
47
55
48
55
52
40
61
40
35
48
48
36
41
35
47
50
43
39
37
39
34
47
36
55
49
44
48
28
48
30
45
42
46
53
49
37
57
45
45
58
59
32
47
41
34
49
47
39
48
47
50
48
43
37
47
45
50
35
41
41
48
44
36
40
44
42
38
37
37
45
32
31
36
42
40
27
40
30
31
38
23
37
37
25
36
29
40
35
39
41
46
43
45
48
40
44
26
35
29
38
31
37
38
43
29
46
29
20
29
28
46
45
30
42
31
45
24
31
29
36
31
41
29
35
28
39
26
23
33
43
27
32
33
24
24
38
27
37
23
26
38
26
30
26
31
33
47
42
39
34
25
34
32
32
28
26
29
38
29
24
28
24
16
24
28
28
31
19
29
29
18
20
32
23
19
25
28
24
28
17
22
27
20
23
27
23
18
17
29
32
21
32
26
19
24
23
20
14
20
25
28
26
27
26
31
22
24
34
27
22
23
23
14
27
28
25
23
22
19
18
11
21
14
29
14
10
34
22
21
20
25
18
16
19
19
23
16
21
22
22
25
21
23
22
21
10
20
18
20
21
22
18
13
24
17
26
22
18
20
19
19
14
16
19
12
9
18
13
20
28
19
11
10
14
20
17
11
22
19
18
13
27
20
18
19
12
17
10
22
26
15
18
26
14
21
20
20
25
19
12
22
21
12
18
9
24
16
22
18
21
15
16
15
27
26
12
17
10
16
10
10
15
15
21
22
15
18
19
24
14
22
13
22
17
10
12
10
12
20
18
16
13
13
16
15
15
20
16
14
14
20
14
17
11
13
12
17
13
18
10
15
18
23
16
8
12
11
17
13
11
17
17
16
11
22
16
15
15
14
15
16
15
13
8
11
7
18
16
17
16
16
11
18
13
13
16
9
20
14
11
11
9
20
9
15
13
17
14
17
16
11
8
14
10
12
12
8
14
11
14
13
17
16
13
11
10
18
9
21
16
13
18
13
14
11
21
11
16
22
18
17
16
11
8
14
9
16
12
13
16
16
15
12
13
14
8
7
9
15
8
13
17
10
13
21
17
12
16
13
10
9
12
14
12
11
14
15
14
27
14
16
14
17
14
12
11
16
15
14
16
7
11
15
21
18
12
9
11
14
16
11
10
14
12
12
15
15
11
18
13
13
11
15
13
15
17
11
8
15
11
7
12
8
11
13
9
13
15
22
15
8
11
10
20
19
14
11
12
15
12
17
14
16
21
16
14
10
9
18
11
17
10
16
21
15
14
9
15
12
13
15
12
16
14
17
21
11
13
21
14
16
19
9
13
13
14
17
13
11
15
16
15
8
20
15
17
13
12
20
15
13
14
14
11
18
14
15
18
12
15
10
16
17
19
20
17
10
6
12
22
14
17
22
16
16
23
16
21
14
19
16
18
16
16
18
20
18
15
14
13
19
18
12
17
15
16
19
15
14
16
17
15
11
21
15
16
11
17
32
16
17
16
14
21
19
20
14
10
18
19
20
19
27
17
21
18
14
20
18
19
25
22
18
23
19
20
23
23
18
17
29
34
24
26
13
20
22
13
22
21
12
16
25
24
18
30
24
26
35
15
34
19
29
30
21
30
34
28
30
25
30
24
15
29
35
22
27
32
31
29
30
32
44
37
33
26
30
27
22
27
23
33
34
34
37
21
33
21
30
35
28
31
34
32
33
41
51
30
35
45
47
51
43
27
41
43
47
34
28
38
37
40
29
42
44
57
36
51
38
54
58
50
44
57
46
56
47
59
56
48
46
48
54
53
52
56
56
55
46
44
57
41
73
60
63
69
68
71
61
65
59
74
75
67
63
76
64
67
82
73
80
68
75
73
66
77
71
86
89
78
67
81
84
89
93
81
83
71
77
103
94
87
85
101
103
102
121
102
100
98
106
82
94
117
96
116
130
105
98
111
107
118
116
116
122
130
111
119
136
122
139
119
130
130
115
145
153
122
127
135
153
116
150
143
147
145
154
150
147
142
164
143
164
155
152
176
180
145
133
161
175
161
174
184
184
182
157
178
185
180
176
185
193
189
175
176
215
194
194
179
206
171
190
167
212
189
210
198
192
226
205
218
213
203
199
194
196
220
238
248
208
206
212
212
204
206
192
217
226
245
207
244
243
225
209
214
219
220
240
221
223
236
256
215
231
235
224
225
239
208
201
230
241
240
258
205
252
232
209
260
236
252
233
236
208
231
228
255
225
204
227
245
225
256
248
240
238
240
225
228
239
243
255
236
241
218
230
220
229
254
236
253
220
238
231
243
227
223
227
257
224
223
217
204
200
224
227
229
224
202
218
210
214
216
202
216
211
192
206
197
212
197
170
177
217
198
171
193
194
181
172
166
192
198
187
208
174
213
186
169
184
199
162
139
177
163
165
172
164
146
180
173
150
135
167
149
152
163
155
156
133
135
157
117
136
137
126
127
125
122
139
107
126
116
111
120
127
123
108
112
113
105
90
129
113
106
112
92
120
98
93
84
110
91
95
86
93
80
97
78
78
83
75
89
78
73
64
70
73
61
61
70
66
71
59
60
51
79
58
49
63
54
62
54
53
53
51
50
54
42
58
43
52
45
44
42
44
42
37
42
43
41
32
38
27
43
40
32
42
36
33
28
38
34
42
26
32
32
31
28
32
28
24
22
22
23
20
23
22
11
26
24
20
24
22
16
21
17
8
19
17
22
16
21
25
15
20
4
14
14
10
11
10
12
18
20
16
10
8
11
14
16
6
4
12
12
11
9
10
14
6
4
5
13
4
4
9
8
5
4
10
2
6
4
7
7
5
7
0
5
3
6
8
3
7
3
5
5
4
0
5
5
3
2
5
2
6
6
4
4
3
2
6
4
2
4
3
2
2
3
7
3
3
3
4
3
2
3
6
0
1
1
5
3
2
2
2
2
1
2
1
2
3
1
3
3
5
0
1
1
2
2
2
2
2
2
0
3
6
0
0
4
2
3
2
1
0
1
3
2
2
0
1
1
1
1
1
3
1
2
0
2
1
0
2
0
0
0
1
1
4
0
2
4
0
2
1
0
0
0
1
0
1
2
0
2
0
2
0
1
1
2
0
1
2
1
2
0
2
0
1
1
2
2
1
3
3
1
1
4
2
1
1
0
0
4
1
1
2
3
0
1
4
3
1
3
1
0
1
1
1
0
1
1
0
1
1
1
3
1
1
3
5
1
3
0
1
1
1
2
1
1
0
2
1
3
1
0
3
2
0
0
1
1
1
1
3
1
2
1
1
2
2
1
1
2
0
3
1
2
0
1
1
0
2
0
1
2
1
1
2
0
0
0
4
0
0
2
3
4
0
0
0
3
1
0
3
1
0
0
1
2
0
1
1
0
2
0
1
1
2
1
1
1
1
2
0
1
1
0
0
0
0
1
1
2
1
0
1
1
2
2
2
0
1
0
2
1
1
5
2
0
1
1
0
3
1
3
1
1
1
1
0
2
4
1
1
1
3
1
2
0
0
2
1
2
3
0
3
0
0
1
0
2
1
1
0
0
1
2
0
0
1
2
2
2
1
3
2
1
3
0
1
2
2
2
1
1
0
0
0
2
1
1
1
1
1
4
1
3
1
0
2
1
4
0
0
0
4
3
0
1
1
1
0
1
3
0
4
2
2
0
0
1
2
2
2
1
1
2
3
1
0
2
0
1
0
1
2
0
0
0
0
0
1
4
1
1
1
2
1
0
0
2
1
1
0
1
0
1
0
0
4
2
1
1
1
1
1
0
1
0
1
0
0
1
0
0
1
0
0
0
1
1
6
1
0
0
0
1
3
1
0
4
2
1
2
0
1
2
2
1
1
1
1
0
0
1
0
1
0
6
3
1
0
1
1
0
0
2
1
0
2
2
0
2
1
0
0
0
2
0
2
2
2
1
0
0
3
6
1
2
0
1
1
0
3
2
1
1
0
4
1
0
0
1
1
1
1
2
1
1
0
1
1
0
0
0
0
0
1
0
1
3
0
2
1
0
1
1
0
2
0
5
1
1
3
0
1
0
0
1
0
2
0
0
1
3
3
1
1
0
0
3
1
1
0
1
0
1
2
1
4
1
0
1
0
2
2
0
2
0
0
0
1
1
3
1
2
0
4
2
2
2
1
2
0
2
1
0
3
1
1
2
1
1
4
1
2
0
0
1
1
1
0
1
0
0
1
2
2
0
2
0
3
0
1
1
4
1
0
1
0
0
0
1
0
2
2
2
0
0
0
2
1
2
1
1
1
0
0
2
3
0
3
1
2
0
1
0
0
1
0
1
0
2
1
1
0
1
1
0
1
2
1
3
0
1
0
1
0
1
1
0
2
3
1
0
2
2
0
1
1
4
0
2
2
3
1
1
1
1
2
1
0
1
0
2
1
0
0
3
2
1
0
0
2
2
5
0
1
1
1
0
0
1
1
0
1
0
0
1
1
0
1
2
0
2
1
1
3
2
0
0
2
0
1
2
0
2
1
0
1
1
1
0
0
0
0
0
0
0
1
0
0
0
2
1
1
0
1
2
2
2
1
1
0
2
2
2
1
1
1
1
5
1
1
1
0
2
1
1
1
1
1
2
1
0
1
1
0
1
0
0
1
3
1
1
1
0
1
0
1
1
0
3
0
1
0
1
0
2
1
1
0
0
1
0
3
2
0
1
0
2
1
2
1
4
1
0
0
1
2
2
1
1
0
1
2
2
1
0
0
2
0
3
0
0
2
0
1
1
1
0
1
0
0
1
1
1
0
2
1
4
0
1
0
1
3
2
2
0
1
0
3
0
0
1
1
1
1
1
1
0
3
2
0
0
3
1
1
3
1
0
3
2
2
0
2
2
1
1
0
0
1
0
0
0
0
0
0
1
1
0
1
0
1
1
1
0
1
1
2
2
0
0
1
1
0
1
1
0
2
2
1
0
0
1
1
1
2
1
2
0
0
2
1
1
0
1
0
1
1
0
2
0
2
0
1
0
1
0
3
2
1
0
3
1
0
2
1
1
2
0
1
1
2
0
3
1
0
2
1
0
1
0
2
0
0
0
0
2
1
0
0
2
0
2
0
1
0
0
0
0
1
3
1
2
0
0
1
2
1
2
1
0
0
2
0
1
1
0
0
3
1
2
2
0
0
0
0
0
1
2
1
0
0
0
2
0
3
0
0
1
3
2
3
0
0
0
0
1
0
1
0
0
1
0
0
0
0
1
0
2
0
0
0
0
0
0
1
0
2
0
0
0
0
2
0
1
2
0
1
0
0
4
1
0
0
1
0
0
0
0
1
1
1
0
1
0
1
1
0
0
1
2
0
3
3
0
0
0
1
1
1
0
0
2
0
0
0
0
2
0
0
1
0
1
0
1
0
2
1
1
0
1
2
1
1
1
2
0
2
0
0
1
0
0
1
2
1
0
2
1
0
0
1
3
1
0
3
0
2
1
0
0
0
2
3
2
0
0
1
1
0
1
0
1
1
2
0
1
1
1
1
1
3
1
1
1
1
1
6
3
0
1
0
0
0
0
1
2
0
2
0
0
1
5
0
0
1
0
0
1
0
0
1
0
2
0
0
0
1
1
2
0
0
0
1
0
2
0
0
1
0
0
2
1
0
0
0
0
0
2
1
0
0
0
1
0
1
1
3
0
1
0
1
0
1
1
2
1
0
0
0
0
0
0
0
0
0
1
0
0
2
0
2
0
0
1
0
0
1
0
1
0
0
0
0
0
0
0
1
0
1
2
2
3
0
0
1
2
0
0
1
0
0
0
0
0
0
1
0
0
0
0
0
0
1
1
0
0
0
1
1
0
0
0
1
0
2
0
1
0
0
0
1
0
1
1
0
1
0
0
1
0
1
2
1
0
0
0
0
1
1
0
0
2
0
1
0
0
0
0
0
0
1
1
1
0
0
0
1
0
1
1
0
1
0
0
0
0
0
0
0
0
1
1
1
2
3
1
2
1
0
0
1
2
0
2
2
0
1
0
1
0
0
0
1
0
0
1
1
0
1
0
0
1
0
1
0
0
1
1
2
1
1
1
1
0
0
0
0
1
0
0
2
0
1
0
2
1
1
1
0
1
0
0
0
1
3
0
0
3
3
0
0
0
2
1
0
0
0
0
1
0
1
0
0
2
2
0
1
1
0
0
0
1
1
1
0
0
0
1
1
0
1
0
1
0
1
1
0
2
0
0
0
0
2
0
0
1
2
0
1
0
0
2
1
0
1
3
0
0
0
0
1
0
2
0
1
0
0
1
0
0
0
0
0
1
0
0
1
0
0
3
1
0
1
1
2
0
2
0
0
0
0
0
1
2
1
0
1
0
1
0
0
1
0
1
0
0
0
1
1
1
0
2
0
1
0
0
0
2
1
1
1
0
2
1
0
0
1
1
1
0
1
1
1
2
1
1
0
1
1
2
0
1
1
0
0
3
0
2
0
0
0
1
0
0
2
0
0
0
0
0
3
1
0
1
0
1
0
0
0
0
1
1
0
1
0
0
0
2
1
0
0
0
0
1
2
0
0
0
1
0
1
1
0
0
0
0
0
0
1
1
1
2
0
0
2
0
2
0
1
0
0
1
0
1
2
1
0
2
1
1
1
0
1
1
0
1
1
0
0
0
0
1
1
0
0
1
2
0
2
2
0
0
0
1
1
1
1
1
1
0
0
1
0
0
0
1
0
0
0
1
1
0
3
0
1
0
0
0
1
0
0
1
0
4
1
1
0
0
0
1
1
0
1
0
1
2
0
1
0
0
2
0
0
1
1
1
0
0
0
0
0
2
0
0
1
0
0
3
2
3
0
0
1
2
0
0
1
0
0
2
0
0
2
3
0
1
0
0
1
0
0
0
0
2
0
1
1
2
2
2
0
0
0
1
1
2
3
2
0
1
3
1
1
0
0
0
0
0
2
2
1
1
1
2
0
0
2
1
1
0
0
0
1
2
0
1
1
1
0
0
0
0
0
0
0
1
1
1
0
0
1
1
0
0
0
0
1
2
1
1
0
0
2
2
1
0
2
0
0
2
0
1
0
0
1
1
2
0
0
1
0
0
0
1
0
1
0
2
0
1
2
0
0
0
0
0
1
1
0
1
1
0
2
0
2
1
2
0
1
0
1
0
0
1
1
2
2
0
2
2
0
2
1
1
1
1
1
1
2
0
0
2
0
0
2
1
1
1
2
1
0
1
0
0
2
2
0
1
0
1
0
1
1
0
1
0
2
1
2
5
0
2
4
0
1
0
3
1
2
1
2
0
3
1
0
0
0
0
4
1
3
0
0
0
1
0
1
3
1
0
2
0
0
0
1
1
0
0
0
1
1
0
0
1
0
1
1
1
0
0
1
0
1
2
0
2
0
1
0
2
2
1
0
0
1
1
0
1
0
1
1
0
1
0
2
2
0
1
0
2
2
1
2
1
1
0
1
1
0
1
1
1
1
0
0
0
0
1
0
0
1
1
1
1
0
1
0
0
0
0
0
0
0
3
1
0
0
1
2
1
0
1
0
1
0
0
1
0
0
1
0
0
1
0
1
1
0
1
1
1
0
0
0
0
1
1
0
0
0
0
1
0
1
1
0
0
0
0
0
0
0
0
1
0
0
2
0
0
0
0
0
0
0
1
0
0
0
0
0
0
2
0
0
0
0
0
0
1
1
0
0
0
1
0
0
1
0
1
0
0
2
0
0
0
1
1
1
1
0
0
1
1
0
0
0
0
0
0
0
1
0
0
0
0
2
0
1
2
0
2
0
0
1
0
0
0
2
0
0
0
0
1
1
1
0
0
1
0
0
0
0
0
1
0
0
0
1
0
0
0
0
0
0
1
0
0
0
0
0
1
0
0
0
0
2
1
0
1
1
0
1
1
1
0
0
0
0
0
1
0
2
2
0
0
0
0
1
0
0
0
0
0
1
0
0
0
0
0
0
1
0
1
0
1
0
0
0
0
1
2
0
0
0
0
0
0
1
0
0
0
0
1
0
0
0
0
0
0
0
1
0
1
1
1
0
0
0
1
0
0
1
0
0
1
0
0
2
0
0
0
0
0
1
2
0
2
1
2
1
1
0
1
0
1
0
1
1
0
1
1
1
2
0
1
0
0
1
1
1
1
1
1
0
0
0
0
0
1
0
0
0
0
0
0
0
0
0
0
0
0
0
0
1
1
0
2
0
0
0
1
1
0
1
0
1
0
0
0
0
0
0
1
0
1
0
0
0
0
2
0
0
0
2
1
0
0
0
1
0
0
0
0
0
0
0
0
2
2
0
0
0
0
0
1
0
0
0
1
0
1
0
0
0
0
0
0
1
0
0
2
1
0
0
1
0
1
1
0
0
0
1
1
1
1
0
0
3
1
1
0
0
1
0
1
2
0
0
0
1
0
0
0
0
1
1
0
0
0
2
1
1
2
0
0
2
0
1
0
0
0
1
0
0
1
0
0
0
1
1
0
1
1
0
1
0
0
2
1
0
0
0
2
0
0
0
2
0
0
1
1
0
2
0
0
0
0
0
1
0
2
1
0
0
1
1
0
0
0
1
1
0
0
0
0
0
2
0
0
1
0
1
1
0
2
1
0
0
1
1
1
2
1
1
0
0
0
0
0
0
2
0
0
0
0
1
1
1
0
0
1
0
0
1
0
0
1
1
1
1
0
0
0
1
0
0
0
1
0
0
0
0
1
2
0
0
0
0
0
0
0
0
1
0
1
0
0
0
2
1
0
0
0
0
0
0
2
1
2
1
0
1
0
0
0
1
1
1
0
1
0
0
1
0
0
0
0
0
1
1
0
0
0
1
0
0
0
1
0
1
0
2
0
0
0
0
0
0
1
0
1
0
1
1
1
0
1
0
1
1
0
1
0
0
0
1
1
1
1
1
2
0
0
0
0
0
0
0
0
0
1
1
0
0
0
0
0
0
1
0
1
0
0
0
0
0
0
0
2
1
0
0
1
0
0
0
0
1
0
0
1
1
0
0
0
0
0
0
0
1
1
0
0
1
0
1
0
0
1
1
0
1
0
1
0
0
1
0
0
0
0
0
0
0
0
0
1
0
0
0
0
0
1
0
0
1
0
1
0
2
0
0
0
0
0
0
0
1
0
0
0
0
1
1
1
0
0
1
0
0
1
0
0
0
2
1
0
0
1
0
0
0
0
0
0
0
0
0
0
0
0
0
0
1
0
0
0
0
2
0
0
0
0
0
1
1
0
1
0
0
0
0
1
0
0
1
2
1
0
0
0
0
0
0
0
0
0
0
0
0
0
0
0
0
0
0
0
0
0
1
1
0
0
0
0
0
0
0
0
1
0
1
0
1
0
0
0
0
0
0
0
0
0
1
0
0
0
0
0
1
0
1
0
0
0
0
0
0
0
0
0
0
0
0
0
0
1
1
0
0
1
0
0
0
0
0
1
0
0
0
0
0
0
0
1
0
0
0
0
0
0
1
0
1
0
0
0
0
2
0
1
0
0
0
0
0
0
0
1
1
1
1
1
0
0
0
0
0
1
0
1
0
0
0
1
0
0
0
1
0
0
0
1
0
0
1
0
1
1
0
0
2
1
0
0
2
0
2
0
0
0
0
0
2
0
0
0
0
0
0
2
0
0
0
0
1
0
0
0
0
1
0
1
1
0
0
1
0
0
0
0
2
1
1
0
0
0
0
0
0
1
0
0
0
0
0
0
0
0
0
1
2
0
1
1
1
0
1
0
0
1
0
0
1
0
0
1
1
0
0
0
0
0
0
1
1
1
0
1
0
0
0
2
0
0
0
0
0
1
0
1
0
0
0
0
0
1
1
1
0
0
0
0
0
2
0
0
1
0
1
0
0
0
0
0
0
0
1
0
0
2
1
0
0
0
0
0
0
2
1
1
1
0
1
1
0
2
0
1
1
0
1
0
0
0
0
1
1
1
1
1
3
0
0
0
2
0
2
0
0
1
1
1
0
0
1
1
1
0
1
0
0
1
0
1
1
1
1
1
0
0
0
0
1
0
1
0
0
1
0
0
1
1
0
1
1
0
0
0
1
0
0
0
0
0
0
0
0
0
0
0
0
1
0
0
0
0
0
1
1
0
0
1
1
1
0
2
1
1
1
0
0
1
0
0
0
2
1
0
0
0
0
0
0
0
0
0
0
1
0
2
0
0
0
0
0
0
0
1
0
1
0
2
0
1
0
0
0
2
1
1
0
1
0
0
0
1
2
0
0
0
0
1
0
0
0
2
1
1
3
0
0
1
1
0
0
0
0
1
0
0
1
0
0
2
0
0
0
0
0
0
0
0
1
0
0
0
0
0
2
0
0
0
0
0
1
0
0
1
0
0
2
1
2
0
0
0
0
1
0
0
0
0
0
2
0
1
0
1
0
1
0
0
0
1
1
0
0
0
2
0
0
0
0
1
1
0
0
0
0
0
0
1
1
1
0
0
0
0
0
1
0
0
1
0
0
1
0
0
0
0
0
0
0
0
1
0
1
0
0
0
0
0
0
0
1
0
0
0
1
0
0
0
0
0
0
0
1
0
0
0
0
0
0
0
1
0
0
0
1
0
0
0
0
0
0
0
0
0
0
0
0
0
1
0
0
0
0
0
0
0
0
0
0
0
2
0
0
0
0
0
0
0
0
1
0
0
0
0
0
0
1
0
0
0
0
0
0
0
0
0
0
0
0
0
0
0
0
0
2
0
0
0
2
0
0
0
0
0
0
0
0
0
0
1
0
1
0
1
1
0
0
1
0
0
0
0
0
0
0
0
0
0
0
0
0
0
0
0
1
0
0
0
0
0
0
1
0
0
0
1
0
0
0
0
0
1
0
0
0
0
0
0
0
0
0
0
0
0
1
0
0
0
0
0
0
0
0
0
0
0
0
0
0
0
0
0
0
0
0
0
0
0
0
0
0
1
0
0
1
0
0
0
0
0
0
0
0
0
1
0
1
0
0
0
0
0
0
0
0
0
0
0
0
0
0
0
0
0
0
2
0
0
0
0
0
0
1
0
0
0
0
0
1
0
0
0
0
0
1
0
0
1
0
0
0
0
0
0
0
0
0
0
0
0
1
0
0
0
0
0
0
0
0
0
0
0
0
0
0
0
0
0
0
0
0
0
0
0
0
0
0
0
0
0
0
0
0
0
0
0
1
0
0
0
2
0
0
0
0
0
0
0
1
0
0
0
0
0
0
1
0
0
0
0
0
0
0
0
0
0
0
0
0
0
0
0
0
1
0
0
1
0
0
0
0
1
0
0
0
0
0
1
0
0
0
1
0
0
0
0
0
0
1
0
0
0
0
0
0
0
1
0
0
0
0
0
0
0
0
0
0
0
0
0
1
0
0
0
0
0
0
0
0
0
0
0
0
0
0
0
0
0
0
0
0
0
0
0
0
0
0
0
1
0
0
0
0
0
0
0
0
0
0
1
0
0
0
0
1
0
0
0
0
0
0
0
0
0
0
0
0
1
0
0
0
0
0
0
0
0
0
0
0
0
0
0
0
1
0
0
0
0
0
0
1
0
0
0
0
0
0
1
0
0
0
0
0
0
0
0
0
0
0
0
0
0
0
0
0
0
0
0
0
0
0
0
0
0
0
0
0
0
0
0
0
0
0
0
0
1
0
0
0
0
0
0
1
0
0
0
0
0
0
0
0
0
0
0
0
0
0
0
0
0
0
0
0
0
0
0
0
0
0
0
0
0
0
0
0
0
0
0
0
0
0
0
0
1
0
0
0
1
0
0
0
0
0
0
0
0
0
0
0
0
0
0
1
0
0
0
0
0
0
0
0
1
0
0
0
0
0
0
0
0
0
0
0
0
0
1
0
0
0
1
0
0
0
0
0
0
0
0
0
0
0
0
0
0
0
0
0
0
0
1
0
0
0
0
0
0
0
0
0
0
0
0
0
0
0
0
0
0
0
0
0
0
0
0
0
0
0
0
0
0
0
0
0
0
0
1
0
0
0
0
0
0
0
1
0
0
0
0
1
0
0
0
0
0
0
0
0
0
0
0
0
0
0
0
0
0
0
0
0
0
0
0
0
0
0
0
0
0
0
0
0
0
0
0
0
0
0
0
0
0
0
0
0
0
0
0
0
0
0
1
1
0
0
0
0
0
0
0
0
0
0
0
0
0
0
0
0
1
0
0
1
1
0
0
0
0
0
0
0
0
0
1
0
0
0
0
0
0
0
0
1
0
0
0
0
0
0
0
0
0
1
0
0
0
0
0
0
0
0
0
0
0
0
0
0
0
0
0
0
0
0
0
0
0
0
0
0
0
0
0
0
0
0
0
0
0
1
0
1
0
0
0
0
0
0
0
0
0
0
0
0
0
0
0
0
0
0
0
1
0
0
0
0
0
0
0
0
0
0
1
0
0
0
0
0
0
0
0
0
0
0
0
0
0
1
0
0
0
0
0
0
0
0
0
0
1
0
1
0
0
0
0
1
0
1
0
0
0
0
0
0
0
1
0
1
0
0
1
0
0
0
0
0
0
0
0
0
1
1
0
1
0
1
0
0
0
0
0
0
0
0
0
0
0
0
0
0
0
0
0
0
0
0
0
0
0
0
0
0
0
2
0
0
0
0
1
0
0
0
0
0
0
0
0
0
0
0
0
0
0
0
0
0
1
0
0
0
0
0
0
0
0
0
0
0
0
0
0
0
0
0
0
0
0
0
1
0
0
0
0
0
0
0
0
0
0
0
0
0
0
1
0
0
0
0
0
0
0
0
0
0
0
0
0
0
0
0
1
0
0
0
0
0
0
0
0
0
1
0
0
0
0
0
0
0
0
1
1
1
0
1
0
0
0
0
0
0
0
0
0
0
0
0
0
0
1
0
0
0
0
0
0
0
0
0
0
0
0
0
0
0
0
0
0
0
0
0
0
0
0
0
0
0
0
0
0
0
0
0
0
0
0
0
0
0
0
0
0
0
0
0
0
0
0
0
1
1
0
0
0
0
0
0
0
0
0
0
0
0
1
0
0
0
0
0
0
0
0
0
0
0
0
0
0
0
0
0
0
0
0
0
0
0
0
0
0
0
0
0
0
1
0
0
0
0
0
0
0
0
0
0
0
0
0
0
0
0
0
0
0
0
1
0
0
0
0
0
0
0
0
0
0
0
0
0
0
0
0
0
0
0
0
0
0
0
0
0
1
0
0
0
1
0
0
0
0
0
0
0
0
0
0
0
0
0
0
0
0
0
0
0
0
0
0
0
0
0
0
0
0
0
0
0
0
0
0
0
0
0
0
0
0
0
0
0
0
0
0
1
0
0
1
0
0
0
0
0
0
0
0
0
0
0
0
0
0
0
0
0
0
0
0
0
0
0
0
0
0
0
1
0
0
0
0
0
0
0
0
0
0
0
0
0
0
0
0
0
0
0
0
0
0
0
0
0
0
0
0
0
0
1
1
0
0
0
0
0
0
0
0
0
0
0
0
0
0
0
0
0
0
0
0
0
0
0
0
0
0
0
0
0
0
0
0
0
1
0
0
0
0
1
0
0
0
0
0
1
0
0
0
0
0
0
0
0
0
0
0
0
0
1
0
0
0
0
0
1
0
0
0
0
0
0
0
0
0
0
0
0
0
0
0
0
0
0
0
0
0
0
0
0
0
0
0
0
0
0
0
0
0
0
0
0
0
0
0
0
0
0
0
0
0
0
0
0
0
0
0
0
0
0
0
0
0
0
0
0
0
0
1
0
0
0
0
0
0
0
0
0
0
0
0
1
2
3
1
1
3
1
1
3
2
3
2
1
3
0
2
0
5
1
1
4
1
4
4
2
4
3
0
4
0
4
3
1
1
1
2
3
3
1
0
2
2
0
2
3
1
2
2
3
0
1
1
2
2
3
1
1
5
2
2
3
2
3
1
3
2
3
2
2
1
5
1
2
4
4
1
2
2
0
4
3
0
3
1
3
2
1
0
4
2
0
1
2
3
2
2
1
1
1
0
1
2
0
1
0
2
2
1
0
4
2
1
1
6
0
3
2
4
3
1
2
2
0
6
6
15
12
8
