24
29
32
33
32
29
25
32
33
29
36
35
35
29
33
46
35
38
34
35
55
46
49
50
40
51
39
34
45
39
52
50
45
38
41
43
51
41
44
42
57
42
46
40
39
37
28
39
37
29
38
49
39
38
38
42
44
51
39
49
45
56
50
37
40
45
46
42
40
63
57
55
47
33
42
63
50
48
52
58
50
40
51
45
48
64
61
54
60
86
65
68
75
63
77
76
71
75
79
72
57
94
98
75
74
80
74
65
66
73
65
70
76
79
52
60
59
68
54
47
69
59
53
62
52
53
47
53
47
52
39
49
38
60
60
49
43
58
46
48
46
48
42
58
58
60
45
47
34
38
50
46
32
48
48
36
47
50
45
44
54
49
41
47
40
46
43
47
51
45
36
41
46
36
48
43
44
34
42
36
41
44
37
48
40
47
42
37
45
56
52
47
51
55
32
45
60
54
44
47
34
45
34
55
53
45
51
37
46
47
36
42
52
58
50
51
48
51
49
38
37
44
54
46
57
49
45
55
52
49
52
29
55
49
52
55
50
45
56
51
58
56
37
49
45
50
39
44
48
42
54
51
53
47
50
55
38
45
50
57
58
48
46
40
52
40
50
44
60
52
57
53
41
44
56
42
46
43
44
64
52
59
60
52
63
61
50
53
59
59
45
50
46
51
43
51
66
40
43
50
41
52
57
53
60
58
59
59
51
53
52
74
53
60
49
64
59
50
38
51
43
61
53
56
55
55
59
63
67
49
56
51
40
46
46
76
62
51
44
68
52
42
54
51
52
53
61
57
59
54
63
52
59
61
60
50
52
57
41
60
50
46
53
50
48
60
47
59
55
37
63
50
51
63
55
71
42
33
46
44
50
62
52
45
37
79
48
64
69
49
43
49
41
41
52
46
46
53
54
49
58
43
42
47
48
52
57
66
47
60
59
63
58
67
63
46
48
63
53
52
62
51
55
53
51
59
58
54
41
58
49
60
56
57
67
56
48
59
49
52
61
42
44
49
49
48
49
52
53
40
52
58
54
54
47
50
58
50
64
51
61
60
61
57
73
59
53
50
51
60
67
61
70
64
52
63
52
64
59
65
52
71
56
45
60
57
61
54
54
60
61
50
57
44
59
61
60
48
56
59
53
67
71
55
72
53
45
67
58
57
51
63
66
65
55
69
53
57
50
55
53
64
68
49
48
49
73
53
56
58
60
63
48
69
58
67
59
58
58
50
53
57
59
65
61
59
48
46
65
50
52
62
64
52
53
64
48
53
59
52
38
54
71
62
53
66
58
70
55
60
54
55
58
62
58
58
61
53
61
55
67
56
61
48
54
51
55
52
72
68
57
60
49
44
71
54
63
48
47
55
63
49
65
64
53
56
49
51
56
43
53
56
55
56
58
47
61
71
54
66
59
54
42
63
63
60
64
58
48
43
62
54
62
57
70
38
60
66
69
42
62
54
68
62
63
59
69
57
61
66
64
73
60
69
66
72
66
74
67
68
52
68
63
59
57
69
65
47
77
62
59
70
57
71
55
70
78
69
57
61
64
62
76
69
57
64
73
71
83
58
57
49
66
54
53
68
61
62
59
57
64
77
54
78
67
63
72
74
70
51
69
63
76
68
80
67
68
63
64
77
80
77
64
89
75
71
69
75
69
76
69
68
75
76
80
75
89
71
81
81
60
79
71
69
74
75
75
81
91
71
58
68
82
74
83
68
78
78
71
80
83
67
78
89
107
88
80
83
76
81
82
62
72
79
78
76
78
89
79
86
93
78
89
86
72
74
82
78
93
75
63
89
76
88
74
79
79
88
82
81
65
76
72
73
83
76
75
83
66
92
77
73
77
74
89
70
85
80
74
73
89
90
65
80
72
90
86
66
79
71
64
66
77
69
70
83
83
82
75
77
71
76
78
80
50
85
70
82
68
76
66
56
66
76
66
65
69
63
72
74
82
64
62
57
66
89
74
70
60
74
59
68
69
69
58
53
69
69
66
54
57
61
72
61
70
48
71
78
59
66
66
72
63
74
63
53
63
61
61
59
56
68
50
67
62
60
69
72
63
56
67
64
65
70
74
39
54
66
62
54
74
72
67
65
54
49
59
58
55
68
63
40
60
57
60
52
65
61
68
65
54
60
52
62
51
47
68
65
71
49
60
63
55
71
68
49
61
61
64
69
70
60
66
57
55
58
56
73
62
57
69
59
58
66
65
41
55
46
63
47
45
60
54
53
48
57
67
44
47
57
64
45
56
42
56
52
50
41
46
50
72
62
60
66
50
48
47
52
52
60
50
48
51
51
61
57
37
56
52
54
59
48
51
53
53
39
47
52
53
62
59
52
45
46
48
58
49
44
57
38
53
60
52
34
54
41
58
57
56
51
53
60
46
51
50
47
45
44
50
59
56
47
52
55
38
52
40
40
43
46
44
51
42
69
57
59
42
58
56
51
56
39
44
47
50
63
53
45
41
61
46
45
51
37
52
55
44
54
46
52
44
47
51
50
52
48
38
35
33
48
43
45
50
44
54
47
38
42
51
36
39
58
51
45
38
57
40
51
46
53
56
51
58
50
46
42
53
55
40
51
51
57
42
46
41
41
45
43
46
38
31
59
47
36
47
47
46
52
49
50
43
49
50
42
37
36
37
55
49
59
42
41
38
33
35
42
45
53
49
53
50
46
42
42
48
58
56
46
45
37
41
36
59
44
42
38
53
50
44
30
47
52
48
56
45
44
62
51
44
44
41
32
46
42
36
50
42
57
56
37
34
51
41
53
48
41
45
51
39
43
46
45
45
52
41
43
43
45
51
40
41
42
48
48
43
59
44
37
45
50
40
40
44
49
40
60
51
65
44
39
53
41
40
31
49
51
42
42
51
54
47
52
45
38
36
35
36
57
45
52
44
50
43
41
42
40
38
50
55
51
38
45
38
30
38
46
45
31
31
35
52
43
45
42
41
58
36
33
38
40
45
46
45
41
48
54
59
39
36
45
38
38
39
47
40
35
37
38
44
45
39
31
46
42
48
41
50
41
42
45
43
34
38
47
51
47
43
48
39
30
54
40
40
40
55
40
31
47
51
46
42
40
47
42
39
32
46
49
29
47
45
46
55
38
41
40
47
47
39
33
46
48
43
50
48
46
29
54
47
44
48
28
39
47
48
47
44
42
42
43
52
29
38
54
38
52
47
37
49
40
43
48
36
42
39
48
29
32
49
38
48
38
41
47
42
47
53
33
40
39
43
34
46
40
44
42
40
46
57
42
51
44
39
45
40
39
47
33
33
39
48
48
39
50
35
48
34
47
48
53
53
37
40
49
36
57
43
35
34
43
40
52
43
53
42
41
31
35
39
39
44
44
40
42
45
39
33
42
42
28
46
32
45
34
41
37
38
44
37
41
39
35
39
34
38
27
39
44
35
37
36
38
44
33
40
35
35
40
52
35
34
33
37
42
46
45
36
36
36
33
45
43
49
38
40
48
35
33
34
41
48
41
38
37
35
29
35
31
43
42
43
38
35
39
42
42
39
44
49
32
45
47
28
43
46
40
47
35
40
39
44
38
38
37
52
41
37
32
38
36
45
37
30
34
35
39
35
45
38
49
52
44
40
43
41
39
30
38
40
33
39
41
33
37
36
40
27
36
42
33
44
41
43
31
47
42
36
39
36
58
54
42
42
40
46
39
45
31
34
36
39
34
44
31
44
46
42
45
39
38
34
53
36
45
40
37
43
36
51
41
46
37
37
27
36
33
43
43
42
44
37
36
54
44
34
42
49
38
35
44
40
35
35
47
38
38
39
47
30
28
36
37
40
40
34
36
40
33
37
36
47
26
44
37
47
26
38
40
37
28
42
25
45
35
39
40
33
42
38
41
44
45
35
44
32
24
36
40
38
47
44
36
23
33
45
46
45
31
44
38
50
50
43
46
38
51
37
39
27
36
41
27
37
33
34
46
35
41
31
49
37
27
48
38
38
45
27
39
37
33
36
42
38
40
35
33
44
53
43
35
30
37
40
36
46
38
36
39
38
36
50
44
45
46
44
39
29
26
35
43
38
37
49
39
28
39
30
28
33
27
37
38
54
34
45
42
36
34
37
37
47
31
29
44
33
31
45
35
46
33
44
28
38
32
30
32
39
46
27
30
42
34
34
36
35
33
34
26
43
39
29
32
40
39
33
29
42
20
30
28
31
36
41
40
39
33
37
32
26
37
24
43
35
35
30
34
30
33
25
31
27
27
29
46
30
28
28
30
30
39
25
33
34
28
18
27
36
38
27
30
20
37
24
27
23
28
34
22
34
20
35
31
23
19
23
25
27
30
32
29
28
30
23
20
24
27
32
32
35
31
20
28
17
33
35
23
18
28
24
20
34
21
16
20
25
23
20
20
25
33
16
28
18
29
23
21
23
24
28
25
21
16
21
16
22
25
21
22
15
15
24
14
18
21
23
24
20
24
22
17
12
26
13
20
14
17
18
23
23
22
24
20
17
24
22
21
22
18
19
13
15
20
16
14
12
21
29
22
11
17
21
11
15
16
14
25
19
13
12
19
18
13
18
21
14
11
13
11
16
20
17
15
22
17
14
20
19
12
15
22
17
13
15
16
16
13
14
19
15
14
13
18
13
10
9
17
20
15
12
18
5
11
16
22
14
13
18
16
12
13
17
13
12
24
23
11
14
13
14
20
9
20
16
12
14
22
16
17
17
18
19
11
12
12
11
14
12
10
18
13
14
11
15
7
9
13
14
13
12
13
14
13
8
19
15
12
14
14
14
14
8
22
15
14
12
9
12
19
15
10
16
11
11
8
7
13
9
13
12
12
12
14
7
13
14
11
12
11
9
11
8
9
14
11
11
10
12
13
16
16
9
18
15
13
13
7
12
10
15
11
14
10
15
11
10
13
12
12
8
13
14
11
12
14
20
13
17
10
11
7
11
11
10
9
19
7
10
10
10
9
6
9
9
10
12
12
13
15
10
9
7
14
10
12
19
5
11
15
12
12
15
10
13
7
15
18
8
13
20
14
8
6
12
10
13
12
12
9
10
9
15
15
7
12
11
14
9
14
11
14
11
12
6
9
11
11
7
10
15
11
9
12
16
16
7
13
11
5
7
7
7
11
5
13
7
12
10
9
11
15
14
8
8
15
6
13
10
13
12
17
10
8
9
15
16
9
7
15
8
11
8
9
13
20
9
14
15
14
15
13
11
9
7
13
6
11
12
12
19
11
14
13
13
12
7
12
12
11
15
9
7
8
14
12
7
14
10
8
10
9
5
10
14
10
14
16
9
16
12
14
11
9
11
8
8
13
9
14
13
14
10
14
8
10
12
11
15
18
10
15
10
9
16
15
11
17
13
14
9
11
13
5
13
17
10
8
21
16
21
5
9
9
14
11
14
21
11
15
8
11
7
21
19
13
17
19
17
11
9
17
21
10
16
16
18
18
18
18
23
13
12
19
18
18
18
15
19
16
20
17
12
22
19
22
17
14
23
20
14
20
15
27
18
20
13
16
18
14
20
24
18
16
17
19
20
16
23
15
11
22
18
25
33
15
18
20
18
13
25
30
26
36
25
17
10
24
20
24
11
24
29
26
23
23
17
25
25
21
21
27
17
29
20
29
31
20
30
23
31
24
27
27
36
38
23
29
33
25
34
24
30
33
17
36
43
39
31
33
42
43
30
22
42
35
47
55
36
37
43
40
38
43
45
52
44
43
33
46
33
41
38
46
43
43
59
61
56
45
50
52
63
55
44
81
60
57
55
50
54
63
56
59
54
64
74
61
70
65
59
71
76
74
70
69
76
80
71
66
79
90
75
72
68
68
71
65
79
74
76
84
87
79
81
81
95
100
98
96
85
81
85
94
100
99
98
98
95
103
97
110
122
116
97
107
103
120
110
116
90
96
125
105
132
102
137
114
139
126
122
115
111
126
150
142
134
139
136
153
134
150
133
145
163
141
136
145
142
147
141
156
140
174
149
158
147
144
133
140
167
146
135
164
169
175
164
172
164
161
159
183
162
167
173
179
162
184
183
181
153
179
178
154
147
188
153
175
188
188
195
214
212
168
176
203
228
191
198
199
189
188
177
171
198
181
208
197
186
183
198
225
176
184
186
191
185
168
189
214
187
181
185
179
192
188
187
167
198
166
199
199
188
192
182
178
178
186
189
179
185
174
201
181
152
142
144
161
172
176
194
194
180
173
183
187
144
157
171
177
185
154
159
187
161
160
164
154
168
156
157
158
161
161
159
132
155
143
132
158
138
143
137
166
144
149
152
137
134
119
134
113
132
132
120
149
134
148
115
100
98
133
125
102
104
115
117
112
121
95
107
108
102
100
110
93
89
104
83
100
74
79
78
80
71
88
90
92
83
83
71
80
69
85
66
77
66
64
77
81
55
58
67
66
70
67
61
52
51
62
55
61
39
47
57
48
52
40
48
39
48
45
49
40
36
44
43
44
35
35
30
44
42
33
26
34
51
34
40
41
21
32
27
31
25
23
23
28
22
29
26
24
15
24
20
26
21
20
19
24
18
15
22
8
15
21
18
16
17
16
11
18
12
15
8
15
13
7
10
12
12
10
4
9
18
15
8
2
3
11
13
7
9
9
6
5
8
9
12
2
1
5
9
6
4
5
3
3
9
2
6
2
8
3
2
3
5
3
4
5
1
1
2
5
3
7
4
3
5
2
6
2
1
3
5
2
2
3
1
5
2
5
5
2
2
1
2
2
2
2
1
0
2
1
1
7
1
3
1
0
1
5
2
4
1
1
3
2
0
2
2
3
1
1
0
2
1
1
2
2
0
2
2
2
0
3
2
2
1
1
1
1
2
0
1
2
1
0
1
1
2
1
1
0
0
1
0
0
1
1
1
1
2
2
1
0
0
0
1
0
0
0
0
0
1
1
1
0
2
1
0
0
0
3
2
1
0
1
1
1
0
0
1
0
2
1
0
1
1
2
0
0
0
1
2
1
1
2
0
0
1
0
2
1
1
1
1
0
0
1
1
3
0
1
1
1
1
0
2
1
1
0
0
0
0
0
1
1
0
0
0
1
1
2
1
2
1
0
1
0
1
1
0
0
1
1
3
2
0
0
0
1
0
0
0
3
0
0
2
2
0
2
1
1
1
1
0
0
0
0
0
4
2
0
2
3
0
1
0
0
2
0
1
0
2
1
1
0
2
1
0
2
0
1
1
1
0
1
1
0
2
0
1
1
0
1
0
0
1
0
2
0
1
1
1
1
0
2
1
0
2
0
0
0
0
0
0
0
0
1
1
0
0
0
0
0
1
3
0
2
0
1
1
1
0
3
0
0
0
0
1
0
1
1
0
1
1
1
0
2
2
0
0
1
0
1
2
0
3
1
0
1
2
1
1
0
1
0
0
0
0
0
1
0
1
1
0
0
0
1
0
0
1
3
1
1
0
1
2
1
1
0
0
0
0
1
1
0
1
0
2
1
0
1
0
1
1
0
1
0
0
1
1
1
0
1
4
2
0
1
0
1
1
2
2
0
1
0
2
0
1
1
0
0
1
1
0
0
1
0
0
1
1
1
1
0
3
1
0
3
0
1
1
0
1
1
1
2
1
1
0
1
1
2
0
1
1
0
1
0
0
1
0
2
0
0
0
2
1
1
2
1
0
0
0
2
0
1
0
0
1
2
0
0
0
0
1
0
1
2
0
0
2
0
1
0
0
1
1
1
1
1
1
1
1
1
0
1
0
1
0
1
2
0
1
0
2
0
0
1
0
0
0
0
0
0
1
1
0
0
0
0
0
0
0
2
1
1
1
0
1
1
2
1
1
1
0
2
1
1
0
0
1
0
1
0
0
0
0
0
1
1
0
0
1
3
0
3
0
0
1
1
2
0
0
1
1
0
0
1
1
0
1
0
1
0
2
0
0
3
0
0
0
0
1
0
1
1
1
1
1
2
1
1
0
0
0
2
0
1
1
0
1
0
0
0
0
1
1
1
1
0
2
1
0
1
1
1
0
2
1
1
0
1
1
1
3
1
2
2
0
0
0
1
0
1
1
0
1
0
1
0
1
0
1
0
0
1
1
0
1
0
0
0
1
0
1
0
1
0
1
0
1
0
0
0
0
1
1
0
0
0
1
1
0
0
1
0
0
2
0
0
1
0
0
0
0
0
0
0
0
1
2
1
0
0
1
0
0
0
0
1
0
1
0
2
1
0
0
1
0
0
1
1
1
0
0
1
1
0
1
0
2
0
0
0
1
0
2
1
2
1
0
0
0
0
0
1
0
1
0
0
1
1
2
0
0
0
2
1
0
0
1
0
1
0
1
1
2
1
1
0
1
0
1
2
0
0
0
2
1
0
0
2
0
0
0
2
0
0
1
0
0
0
0
1
2
1
0
0
0
0
0
0
2
0
0
0
0
1
0
0
1
1
1
0
1
0
0
1
1
1
0
0
1
1
2
0
0
0
2
2
0
0
1
1
0
0
0
0
1
0
0
0
0
1
1
0
1
0
0
0
0
0
0
1
0
1
2
0
0
0
2
0
2
0
1
1
1
0
1
0
0
0
1
1
0
1
0
2
1
1
1
0
2
0
0
3
1
2
0
1
1
1
0
0
1
0
2
0
1
0
2
0
0
0
0
0
0
0
1
0
0
1
1
2
0
1
0
0
0
2
0
1
0
0
0
0
1
0
1
1
0
1
0
2
0
0
0
2
0
1
1
0
1
0
0
0
0
2
1
0
1
0
0
0
1
0
0
0
1
0
0
1
0
0
1
1
0
0
1
0
1
0
0
0
1
0
0
0
1
0
0
0
0
0
1
1
0
1
0
0
0
1
0
0
0
1
0
1
2
1
0
0
1
1
1
1
1
0
0
0
0
1
1
1
0
1
0
2
2
2
0
0
1
0
0
0
0
0
0
0
0
1
0
0
2
1
1
0
0
0
2
0
0
1
0
1
0
1
0
1
0
0
1
2
2
0
2
0
0
0
1
0
0
0
0
0
1
0
1
1
1
1
0
0
2
0
1
0
0
0
1
0
0
2
0
0
0
0
1
0
2
0
1
0
1
0
0
0
0
1
0
0
0
0
0
1
1
0
0
1
0
1
0
2
1
0
0
0
0
0
0
0
0
0
1
0
0
1
0
1
0
0
0
0
0
0
0
0
0
0
0
0
0
0
1
1
0
0
0
0
0
0
2
0
1
0
0
0
1
1
0
1
0
0
0
0
2
1
0
0
1
0
0
0
0
1
0
1
0
1
0
0
1
0
0
0
1
0
0
0
0
1
0
3
0
1
0
0
2
0
1
1
0
0
0
0
0
1
0
1
0
0
0
2
0
1
2
0
0
0
0
0
0
0
0
0
0
0
0
0
0
1
0
0
0
0
0
2
0
0
0
0
0
0
0
0
0
0
1
1
0
0
1
0
2
0
0
0
0
0
0
1
0
1
0
0
0
1
1
1
1
1
1
0
1
0
1
0
0
1
1
0
0
1
1
1
1
1
0
0
1
0
0
1
0
1
1
0
0
1
0
0
0
0
0
2
0
0
0
1
0
0
0
0
0
2
0
0
0
0
0
0
0
0
1
0
1
0
1
0
0
1
0
0
0
0
1
0
2
0
1
0
0
0
1
0
0
1
0
1
1
0
0
0
0
1
1
1
0
1
0
1
0
0
2
0
0
0
1
2
1
0
0
0
0
1
1
1
0
3
0
0
1
1
0
1
0
0
0
0
0
1
0
3
1
0
1
0
0
0
0
0
0
0
0
0
0
2
0
1
0
0
0
0
1
1
0
0
0
0
1
0
0
0
1
0
1
1
1
2
1
0
0
0
0
0
2
0
1
0
0
0
0
0
0
0
0
0
0
0
0
0
0
0
0
3
0
0
0
1
0
0
1
0
1
0
0
1
0
0
0
0
0
0
0
0
0
0
0
0
1
1
0
2
0
0
1
0
0
0
0
1
1
1
1
2
0
0
1
0
1
1
1
1
0
0
0
1
0
1
1
1
2
0
0
0
1
0
0
0
1
0
0
0
1
1
0
0
0
2
0
0
0
0
0
2
0
1
0
0
0
0
1
0
0
0
0
0
0
0
0
0
0
1
0
1
0
1
3
1
0
0
0
0
0
1
0
0
0
0
0
0
0
0
0
2
1
0
0
0
0
0
0
0
0
0
1
0
1
0
0
0
0
0
0
0
0
0
0
0
0
0
1
0
0
1
0
0
0
0
1
0
0
0
0
0
2
0
0
0
0
2
0
2
1
0
0
1
0
0
0
0
1
1
0
0
1
0
1
0
0
0
0
0
0
0
0
0
1
0
0
0
0
0
0
0
3
0
0
1
1
0
0
1
0
1
0
0
0
0
0
1
1
0
0
1
1
0
1
1
0
1
0
0
0
1
1
0
0
0
1
1
1
1
0
2
0
0
0
0
0
0
0
0
0
0
1
0
0
0
0
0
0
0
1
0
1
0
2
0
0
0
0
0
0
0
0
0
1
0
0
1
0
0
1
1
1
0
0
0
0
0
0
1
0
0
0
0
0
1
1
0
1
0
2
1
1
0
0
0
0
0
0
0
1
0
0
0
1
0
0
1
0
1
0
0
0
1
1
1
0
0
2
0
0
0
0
0
0
1
0
0
1
0
0
1
0
1
0
1
0
0
0
0
0
0
0
1
1
0
1
0
0
0
0
0
1
0
0
1
0
1
0
1
1
1
0
2
2
1
0
1
1
1
0
0
0
1
0
0
0
0
0
0
0
0
0
0
1
0
0
1
0
0
0
1
2
0
1
0
0
0
1
2
0
0
0
0
0
0
0
0
1
0
1
0
1
0
0
0
1
0
0
0
0
0
0
0
0
0
0
1
1
1
1
2
0
0
0
0
0
0
0
0
0
0
0
0
1
0
0
1
0
0
0
0
1
0
0
0
0
1
1
0
0
0
1
0
0
1
0
0
1
0
1
0
0
0
0
0
2
0
1
0
1
0
0
1
0
0
0
0
3
0
0
1
0
0
0
0
0
0
0
0
0
0
0
0
0
0
2
0
0
1
0
0
0
0
0
1
0
0
1
1
0
0
0
0
0
0
1
0
0
0
0
0
0
0
0
0
0
0
0
0
0
0
0
0
0
0
1
0
0
1
0
0
0
0
0
1
0
0
0
0
0
0
0
0
0
1
0
0
0
0
0
0
0
0
1
0
0
0
0
0
1
0
0
0
0
0
0
0
0
2
0
0
0
1
0
0
0
0
0
1
0
0
0
1
0
0
0
0
1
0
1
0
0
0
1
0
0
0
1
0
0
0
1
0
0
0
1
0
0
0
0
1
0
0
0
0
0
0
0
0
0
0
0
0
0
0
0
0
1
1
0
0
0
1
0
0
0
0
1
1
0
0
0
0
0
1
0
0
1
0
0
0
1
1
0
0
0
0
0
0
0
0
0
0
0
0
0
0
2
0
0
1
0
1
0
0
0
0
0
1
0
0
0
0
0
1
0
0
0
0
0
0
0
0
0
0
1
0
1
0
1
1
0
0
0
0
0
0
0
0
0
0
0
1
1
0
1
0
1
0
0
0
0
0
0
1
0
1
0
0
1
1
0
0
0
2
1
0
0
0
0
0
0
0
0
0
0
0
4
0
0
0
0
0
0
0
0
0
0
1
0
1
0
0
0
0
1
0
0
0
0
1
0
0
0
0
1
0
0
0
0
0
0
0
0
0
0
0
0
0
1
1
1
1
0
1
0
0
0
0
0
0
0
0
0
0
0
0
0
0
0
0
0
0
0
0
0
0
0
0
0
0
0
0
0
0
0
0
0
3
0
1
0
0
0
0
0
0
0
0
0
0
0
0
0
0
0
1
0
0
0
0
2
0
0
0
0
0
0
0
1
1
0
1
0
0
0
0
0
0
0
0
0
1
0
0
1
1
0
0
0
0
0
0
2
0
0
0
0
0
1
0
0
0
1
1
0
0
0
0
0
0
0
0
0
0
0
0
0
0
0
0
0
1
0
0
0
0
0
0
1
1
0
0
0
0
0
1
0
1
0
1
1
0
1
0
1
0
0
0
0
0
0
0
3
0
0
0
0
0
0
0
0
0
0
0
0
0
0
0
0
0
0
0
0
1
1
0
0
0
1
0
0
1
0
0
1
0
1
0
0
1
1
0
0
0
0
0
0
1
1
0
0
0
0
0
0
0
0
2
0
0
1
0
0
1
0
0
0
1
0
0
0
1
1
0
0
1
0
0
0
0
0
2
0
0
0
0
0
2
1
0
0
0
0
1
1
0
0
0
0
1
0
0
0
0
0
0
0
0
0
0
0
0
0
0
0
0
0
0
0
0
1
0
0
0
0
1
0
0
0
0
0
1
0
0
0
0
0
1
0
2
0
0
0
1
0
0
0
0
1
0
1
0
0
0
0
0
0
0
0
1
0
0
0
0
0
0
0
0
1
0
0
0
0
1
0
0
0
0
0
0
0
0
0
1
0
0
0
0
0
0
0
0
0
0
0
0
0
0
0
0
0
0
1
0
0
0
0
0
0
0
0
0
0
0
0
0
0
0
0
0
0
0
1
0
0
0
0
0
0
1
0
0
1
0
1
0
0
0
0
1
0
0
0
0
0
0
0
0
1
0
1
0
0
0
0
0
0
0
0
1
0
0
0
0
0
0
0
0
0
0
0
0
0
0
0
0
0
0
0
0
0
1
0
0
0
0
0
0
0
0
0
1
1
0
0
0
0
0
0
0
1
1
0
0
0
0
0
0
1
0
0
0
0
0
0
0
0
0
0
0
0
0
0
0
0
1
0
0
0
0
0
0
0
0
0
0
0
0
0
0
0
0
0
1
0
0
0
0
1
1
0
0
0
0
0
0
0
0
0
0
0
0
0
0
0
0
0
0
0
0
0
1
0
0
0
1
1
0
0
0
1
0
0
0
1
0
1
0
0
1
0
0
0
0
0
0
0
0
1
0
0
0
0
0
0
2
1
0
0
0
3
0
0
0
1
0
0
0
2
0
0
0
1
0
0
0
0
0
1
0
0
0
0
0
0
0
0
0
1
0
0
0
0
0
0
0
0
0
0
0
0
0
0
0
0
0
1
0
0
0
0
0
0
1
0
0
1
0
0
2
0
0
0
0
0
1
1
0
0
0
0
0
0
0
0
1
1
0
0
0
0
0
0
0
0
0
1
0
0
1
0
0
1
0
0
0
0
1
2
0
0
0
1
0
0
0
3
0
0
0
1
1
0
2
0
0
0
0
0
0
0
0
0
0
0
1
0
0
0
0
0
0
1
0
1
0
0
0
0
0
0
0
0
0
0
1
0
1
0
0
0
0
0
0
1
0
0
0
0
1
0
0
0
0
0
0
0
1
0
0
0
0
1
0
0
0
0
0
0
0
0
0
0
0
0
0
0
0
0
0
0
0
0
0
0
0
0
0
0
0
1
0
1
0
0
1
0
1
0
0
0
0
0
0
0
0
0
0
0
0
0
0
0
0
0
0
0
0
1
0
0
0
0
0
0
0
0
0
1
0
0
0
0
0
1
0
0
0
0
0
2
0
0
0
0
0
0
0
0
0
0
1
0
0
0
1
0
0
0
0
0
0
0
1
0
0
0
0
0
0
0
0
0
0
0
0
0
0
0
0
0
0
0
0
0
0
0
0
0
1
0
1
0
0
0
0
0
0
0
0
0
0
0
0
0
0
0
0
0
0
0
0
0
1
0
0
0
0
0
0
0
0
0
0
0
0
0
0
0
0
0
0
0
0
0
0
0
0
0
0
0
0
0
1
0
0
0
0
0
1
0
0
1
0
0
0
0
0
0
0
0
0
0
0
0
0
0
0
0
0
0
1
0
0
0
1
0
0
0
0
0
0
0
0
0
0
0
0
0
0
0
0
0
0
0
0
0
0
0
0
0
0
0
0
0
0
0
0
0
0
0
0
0
0
0
0
0
0
0
0
0
0
1
0
0
0
0
0
0
0
0
0
0
0
0
0
0
0
0
0
0
0
0
0
0
0
0
0
1
0
0
0
0
0
0
0
0
0
0
1
0
0
0
0
0
0
1
0
0
0
0
0
0
0
0
0
0
0
0
0
0
0
0
0
0
0
0
0
0
0
1
0
0
0
0
0
0
0
0
0
0
0
0
0
0
0
0
0
0
0
0
0
0
0
0
0
0
0
0
0
0
0
0
0
0
0
0
0
0
0
0
0
0
0
0
0
0
0
1
0
0
0
0
0
0
0
0
0
0
0
0
0
0
0
0
0
0
0
0
1
0
0
0
0
0
0
0
0
0
0
0
0
0
0
0
0
0
0
0
1
0
0
0
0
0
0
0
0
0
0
0
0
0
0
0
0
0
0
0
0
0
0
0
0
0
0
0
0
0
0
0
0
0
0
0
0
0
0
0
0
0
0
0
0
0
1
0
0
0
0
0
0
0
0
0
0
0
0
0
0
0
0
0
0
0
0
0
0
0
0
0
1
0
0
0
0
0
0
0
0
1
0
0
0
0
0
1
0
0
0
0
0
0
0
0
0
0
0
0
0
0
0
0
1
0
0
0
0
0
0
0
0
0
0
0
0
0
0
0
0
0
0
0
0
0
0
0
0
0
0
0
0
0
0
1
0
0
0
0
0
0
0
0
0
0
0
0
0
0
0
0
0
0
0
0
0
0
0
0
0
0
0
0
0
0
0
0
0
0
0
0
0
0
0
0
0
0
0
0
0
0
0
1
0
0
0
0
0
0
0
0
0
0
0
0
0
0
0
0
0
0
0
0
0
0
0
0
0
0
0
0
0
1
0
0
0
0
0
0
0
0
0
0
0
0
1
0
0
0
0
0
0
0
0
0
0
0
0
1
0
0
0
0
0
0
0
0
0
0
0
0
0
0
0
0
0
0
0
0
0
0
0
0
0
0
0
0
0
0
1
0
0
0
0
0
0
1
0
0
0
0
0
0
0
0
0
0
0
0
0
0
0
0
1
0
0
0
1
0
0
0
0
0
0
0
0
0
0
0
0
0
0
0
0
0
0
0
1
0
0
0
0
0
0
0
0
0
0
0
0
0
0
0
0
0
0
0
0
0
0
0
0
0
0
0
0
0
0
0
0
0
0
0
0
0
0
0
0
0
0
0
0
0
0
0
0
0
0
0
0
0
0
0
0
0
0
0
0
0
0
0
0
1
0
0
0
0
0
1
1
0
1
2
2
0
2
0
1
2
2
1
0
3
1
2
1
3
3
2
0
2
3
2
3
3
3
3
4
5
7
4
6
1
4
1
2
3
0
1
2
1
1
1
0
2
2
0
0
1
1
0
1
7
7
4
11
6
9
2
1
0
0
0
0
0
0
0
0
0
0
0
0
0
0
0
0
0
0
0
0
0
0
0
0
0
0
0
0
0
0
0
0
0
0
0
0
0
0
0
0
0
0
0
0
0
0
0
0
0
0
0
0
0
0
0
0
0
0
0
0
0
0
0
0
0
0
0
0
0
0
0
0
0
0
0
0
0
0
0
0
0
0
0
0
0
0
0
0
0
0
0
0
0
0
0
0
0
0
0
0
0
0
0
0
0
0
0
0
0
0
0
0
0
0
0
0
0
0
0
0
0
0
0
0
0
0
0
0
0
0
0
0
0
0
0
0
0
0
0
0
0
0
0
0
0
0
0
0
0
0
0
0
0
0
0
0
0
0
0
0
0
0
0
0
0
0
0
0
0
0
0
0
0
0
0
0
0
0
0
0
0
0
0
0
0
0
0
0
0
0
0
0
0
0
0
0
0
0
0
0
0
0
0
0
0
0
0
0
0
0
0
0
0
0
0
0
0
0
0
0
0
0
0
0
0
0
0
0
0
0
0
0
0
0
0
0
0
0
0
0
0
0
0
0
0
0
0
0
0
0
0
0
0
0
0
0
0
0
0
0
0
0
0
0
0
0
0
0
0
0
0
0
0
0
0
0
0
0
0
0
0
0
0
0
0
0
0
0
0
0
0
0
0
0
0
0
0
0
0
0
0
0
0
0
0
0
0
0
0
0
0
0
0
0
0
0
0
0
0
0
0
0
0
0
0
0
0
0
0
0
0
0
0
0
0
0
0
0
0
0
0
0
0
0
0
0
0
0
0
0
0
0
0
0
0
0
0
0
0
0
0
0
0
0
0
0
0
0
0
0
0
0
0
0
0
0
0
0
0
0
0
0
0
0
0
0
0
0
0
0
0
0
0
0
0
0
0
0
0
0
0
0
0
0
0
0
0
0
0
0
0
0
0
0
0
0
0
0
0
0
0
0
0
0
0
0
0
0
0
0
0
0
0
0
0
0
0
0
0
0
0
0
0
0
0
0
0
0
0
0
0
0
0
0
0
0
0
0
0
0
0
0
0
0
0
0
0
0
0
0
0
0
0
0
0
0
0
0
0
0
0
0
0
0
0
0
0
0
0
0
0
0
0
0
0
0
0
0
0
0
0
0
0
0
0
0
0
0
0
0
0
0
0
0
0
0
0
0
0
0
0
0
0
0
0
0
0
0
0
0
0
0
0
0
0
0
0
0
0
0
0
0
0
0
0
0
0
0
0
0
0
0
0
0
0
0
0
0
0
0
0
0
0
0
0
0
0
0
0
0
0
0
0
0
0
0
0
0
0
0
0
0
0
0
0
0
0
0
0
0
0
0
0
0
0
0
0
0
0
0
0
0
0
0
0
0
0
0
0
0
0
0
0
0
0
0
0
0
0
0
0
0
0
0
0
0
0
0
0
0
0
0
0
0
0
0
0
0
0
0
0
0
0
0
0
0
0
0
0
0
0
0
0
0
0
0
0
0
0
0
0
0
0
0
0
0
0
0
0
0
0
0
0
0
0
0
0
0
0
0
0
0
0
0
0
0
0
0
0
0
0
0
0
0
0
0
0
0
0
0
0
0
0
0
0
0
0
0
0
0
0
0
0
0
0
0
0
0
0
0
0
0
0
0
0
0
0
0
0
0
0
0
0
0
0
0
0
0
0
0
0
0
0
0
0
0
0
0
0
0
0
0
0
0
0
0
0
0
0
0
0
0
0
0
0
0
0
0
0
0
0
0
0
0
0
0
0
0
0
0
0
0
0
0
0
0
0
0
0
0
0
0
0
0
0
0
0
0
0
0
0
0
0
0
0
0
0
0
0
0
0
0
0
0
0
0
0
0
0
0
0
0
0
0
0
0
0
0
0
0
0
0
0
0
0
0
0
0
0
0
0
0
0
0
0
0
0
0
0
0
0
0
0
0
0
0
0
0
0
0
0
0
0
0
0
0
0
0
0
0
0
0
0
0
0
0
0
0
0
0
0
0
0
0
0
0
0
0
0
0
0
0
0
0
0
0
0
0
0
0
0
0
0
0
0
0
0
0
0
0
0
0
0
0
0
0
0
0
0
0
0
0
0
0
0
0
0
0
0
0
0
0
0
0
0
0
0
0
0
0
0
0
0
0
0
0
0
0
0
0
0
0
0
0
0
0
0
0
0
0
0
0
0
0
0
0
0
0
0
0
0
0
0
0
0
0
0
0
0
0
0
0
0
0
0
0
0
0
0
0
0
0
0
0
0
0
0
0
0
0
0
0
0
0
0
0
0
0
0
0
0
0
0
0
0
0
0
0
0
0
0
0
0
0
0
0
0
0
0
0
0
0
0
0
0
0
0
0
0
0
0
0
0
0
0
0
0
0
0
0
0
0
0
0
0
0
0
0
0
0
0
0
0
0
0
0
0
0
0
0
0
0
0
0
0
0
0
0
0
0
0
0
0
0
0
0
0
0
0
0
0
0
0
0
0
0
0
0
0
0
0
0
0
0
0
0
0
0
0
0
0
0
0
0
0
0
0
0
0
0
0
0
0
0
0
0
0
0
0
0
0
0
0
0
0
0
0
0
0
0
0
0
0
0
0
0
0
0
0
0
0
0
0
0
0
0
0
0
0
0
0
0
0
0
0
0
0
0
0
0
0
0
0
0
0
0
0
0
0
0
0
0
0
0
0
0
0
0
0
0
0
0
0
0
0
0
0
0
0
0
0
0
0
0
0
0
0
0
0
0
0
0
0
0
0
0
0
0
0
0
0
0
0
0
0
0
0
0
0
0
0
0
0
0
0
0
0
0
0
0
0
0
0
0
0
0
0
0
0
0
0
0
0
0
0
0
0
0
0
0
0
0
0
0
0
0
0
0
0
0
0
0
0
0
0
0
0
0
0
0
1
0
0
0
0
0
0
0
0
0
0
0
0
0
0
1
0
0
0
0
0
0
0
0
0
0
0
0
0
0
0
1
0
0
0
0
0
0
0
0
0
0
0
0
0
0
0
0
0
0
0
0
0
1
1
0
0
0
0
0
0
0
0
0
0
0
0
0
0
0
1
0
0
0
1
1
1
0
0
0
0
0
0
0
0
0
0
1
0
0
0
0
1
0
0
1
0
0
0
0
0
0
0
0
0
0
0
1
0
0
1
1
0
0
3
2
0
4
3
6
10
13
14
17
18
22
