25
24
28
34
62
73
113
133
157
144
153
204
201
195
182
202
214
208
195
182
222
187
195
204
203
183
200
215
187
208
179
204
195
189
178
207
221
187
188
200
184
187
187
194
198
197
180
187
172
199
193
178
194
187
199
210
171
233
220
186
214
179
221
193
193
219
200
218
186
207
199
194
187
233
193
204
192
208
181
168
192
193
189
214
211
199
219
191
202
184
187
182
189
199
201
178
201
201
196
232
211
165
206
201
191
213
201
190
197
168
203
183
220
188
202
177
206
198
184
194
211
212
223
239
209
202
218
225
205
200
204
197
214
217
212
228
200
199
206
204
202
223
232
212
195
215
191
224
201
218
220
210
176
203
207
203
191
194
197
223
218
192
219
217
227
232
207
212
220
198
213
187
237
224
202
244
206
201
201
218
245
192
200
232
215
250
245
212
234
207
213
219
192
228
202
233
220
202
194
220
229
224
233
213
243
232
197
215
223
217
220
226
226
216
232
233
201
235
202
206
228
215
232
206
227
213
230
226
222
214
219
228
210
199
243
221
224
224
221
206
231
241
213
249
224
238
222
215
257
231
228
231
223
218
238
240
239
235
216
228
235
230
223
203
233
250
215
224
241
262
202
226
208
228
242
250
229
243
241
216
225
246
230
251
234
251
224
257
207
219
212
231
249
239
257
246
252
230
217
223
244
235
234
240
259
232
236
249
214
247
244
233
229
234
259
243
246
258
239
217
202
212
234
254
227
250
227
253
265
241
258
255
230
228
202
226
204
242
235
210
274
244
224
240
228
222
206
224
201
254
241
233
235
211
232
240
221
242
234
230
211
232
220
235
227
241
223
207
226
231
221
207
234
211
222
215
242
220
236
215
219
222
233
205
247
218
225
225
237
235
208
230
236
221
238
218
225
235
220
229
216
222
212
245
222
254
263
195
217
249
240
219
218
215
220
217
231
217
225
241
245
226
215
208
214
196
210
245
249
219
210
208
224
223
224
225
202
241
224
241
216
253
255
230
225
224
229
209
215
229
211
217
211
233
245
242
214
253
203
213
245
235
215
223
237
205
218
221
217
194
226
250
236
272
239
227
220
239
235
254
209
218
222
230
244
230
213
231
189
240
273
239
241
227
241
242
233
220
224
235
231
249
228
246
253
239
220
204
226
204
245
223
217
251
241
232
223
222
231
212
228
237
213
250
247
234
221
239
209
261
244
228
244
249
209
251
246
217
233
240
253
242
229
259
242
236
234
229
234
228
237
246
230
234
250
241
230
252
226
219
236
205
277
250
223
216
242
248
226
261
229
234
268
272
237
238
227
215
220
217
234
249
237
219
218
225
229
230
259
224
231
243
250
252
243
235
223
264
220
233
241
243
228
259
197
254
246
226
239
236
242
274
227
209
241
249
229
240
242
235
226
244
263
260
267
249
242
268
231
253
255
258
239
219
232
252
239
242
248
213
261
247
257
283
252
224
271
220
216
249
250
261
242
225
248
252
242
222
243
275
234
215
236
244
236
235
238
233
253
268
269
234
253
232
258
244
270
218
252
250
253
270
257
236
248
269
218
245
226
234
286
220
231
243
248
277
253
240
264
264
253
225
246
262
261
253
237
244
281
242
265
243
259
225
255
234
277
248
257
272
249
232
287
247
266
248
253
276
226
263
242
253
255
248
257
243
276
247
272
265
269
272
253
266
265
252
244
260
266
275
268
260
251
242
271
291
267
261
242
249
253
239
271
289
241
247
278
285
250
239
287
308
255
286
271
284
287
272
255
274
252
281
259
262
295
273
283
298
309
271
268
282
256
272
250
266
267
264
278
259
252
266
283
289
271
262
270
271
256
304
299
270
304
286
261
298
298
320
290
287
289
278
284
266
276
296
303
305
283
276
285
256
292
299
269
261
272
316
300
282
322
310
297
305
255
313
300
298
265
286
288
272
290
290
316
299
311
294
276
289
300
293
290
297
316
300
305
293
308
290
297
281
314
269
315
309
290
324
307
330
271
292
317
266
284
298
305
294
283
318
267
300
290
315
289
291
295
283
298
320
287
290
307
301
352
315
298
308
323
310
318
291
321
299
308
297
302
310
299
308
278
305
276
287
296
301
320
276
275
304
321
272
313
318
281
284
333
281
293
325
284
296
291
296
293
262
286
294
321
321
294
278
327
264
300
296
288
260
279
290
238
323
275
304
287
273
274
282
278
293
289
300
302
282
275
309
269
279
285
269
267
269
308
303
299
288
270
304
289
265
306
277
272
282
295
280
272
301
309
274
298
274
263
278
268
295
265
282
285
299
249
258
278
265
280
277
273
251
267
296
238
282
256
296
239
301
259
253
275
264
295
279
291
278
284
264
271
288
253
262
261
277
282
284
251
310
254
291
264
265
258
256
289
264
252
293
274
271
268
291
267
261
300
262
288
276
278
278
269
267
272
244
284
305
242
272
266
271
305
243
266
258
253
246
246
265
251
255
236
288
265
263
255
249
292
268
266
245
268
251
239
259
270
277
250
256
274
258
256
265
257
260
248
252
256
274
276
264
234
287
276
245
263
285
270
277
259
254
255
247
255
277
245
271
236
253
281
241
274
259
281
251
253
241
229
244
261
242
300
266
257
260
269
271
277
285
240
231
258
269
246
237
283
257
249
256
250
249
258
245
257
248
261
229
237
249
252
272
237
252
248
249
254
234
261
249
260
258
269
247
241
259
257
259
228
276
230
241
240
258
277
257
272
248
281
281
257
239
225
236
269
258
279
270
247
278
285
264
228
270
285
249
273
269
220
243
242
257
239
240
221
236
237
260
230
243
246
255
231
246
265
256
266
261
232
258
241
253
225
273
249
251
249
239
246
247
253
225
246
232
235
265
243
204
249
230
240
251
250
239
237
235
245
247
258
258
243
234
230
247
260
239
240
259
227
234
224
242
249
232
239
261
268
254
237
284
234
238
263
227
242
249
252
233
242
230
224
210
252
241
231
237
236
239
241
235
209
239
217
234
253
232
238
238
240
232
246
244
233
229
228
234
234
258
256
260
234
251
228
212
234
213
242
200
220
225
240
225
214
212
217
232
227
231
224
229
257
230
278
238
232
228
236
257
238
239
232
224
258
230
239
245
258
248
240
229
251
246
219
212
216
233
216
252
220
219
236
245
261
261
222
211
234
234
210
214
241
230
226
219
218
212
272
238
234
242
219
205
260
233
246
240
218
214
224
250
238
212
241
229
257
255
218
225
227
237
263
252
224
252
242
240
216
231
249
210
248
215
257
235
272
233
224
227
206
237
227
198
224
237
255
238
237
248
240
227
196
243
234
238
231
234
234
246
217
235
238
228
231
240
224
252
235
214
217
224
238
208
265
228
229
232
246
237
227
221
243
222
224
218
210
234
249
207
234
224
230
230
222
228
213
227
207
220
231
248
228
230
221
240
244
249
232
217
216
221
204
227
229
213
218
191
204
240
235
204
220
225
230
249
213
241
234
205
228
223
224
250
219
238
224
256
204
250
277
231
243
222
211
246
246
228
220
222
214
190
240
238
224
214
234
243
222
233
237
223
233
226
225
243
241
239
196
245
200
212
231
226
241
239
229
232
273
222
231
249
226
242
206
238
218
220
224
211
230
246
229
220
225
250
226
219
218
208
203
197
217
235
250
205
251
213
213
215
226
201
227
207
227
213
206
250
229
219
204
222
221
222
215
213
235
224
210
230
223
248
225
228
228
229
231
218
222
229
202
231
205
223
238
209
252
227
214
225
229
263
235
228
234
231
211
218
248
207
243
225
237
210
249
218
227
219
227
225
219
222
207
225
249
190
225
208
209
237
259
205
200
246
255
193
215
202
221
211
214
185
260
213
225
201
210
234
231
246
213
210
199
191
205
256
206
214
229
233
214
219
245
247
211
234
249
218
210
220
233
205
223
224
234
202
216
213
241
216
204
228
216
239
226
238
223
205
195
244
215
229
234
247
231
237
228
229
243
245
233
215
200
228
209
209
247
240
219
266
243
212
214
207
226
217
238
240
244
208
226
222
198
207
234
232
245
215
235
213
209
227
218
214
212
237
231
220
236
226
238
234
233
237
225
208
225
232
217
204
215
212
219
227
213
222
244
199
232
212
234
206
227
228
242
225
216
230
207
208
206
228
216
235
233
228
232
229
223
227
207
263
202
223
239
208
227
214
225
228
230
207
226
228
243
208
199
217
224
223
243
215
222
222
228
213
229
235
195
200
239
223
206
226
238
200
226
206
188
256
202
212
248
218
254
234
193
237
214
221
197
230
220
215
244
204
202
213
213
218
227
229
201
197
214
192
207
214
224
253
245
216
232
234
221
219
224
217
215
197
244
220
215
242
230
218
230
228
200
217
217
218
211
208
195
197
210
225
201
221
230
221
204
210
222
229
216
235
210
235
200
215
219
238
229
237
212
204
229
219
230
218
216
221
230
221
214
218
216
235
230
226
213
234
197
223
243
229
231
211
236
226
194
223
236
219
210
203
225
251
219
206
213
225
206
219
232
229
215
216
218
236
211
206
246
209
225
224
203
212
260
227
235
209
241
227
216
216
231
234
242
213
230
216
227
200
218
226
203
236
254
195
241
222
216
247
209
217
219
198
212
242
212
239
217
217
204
206
218
216
209
218
209
217
207
227
234
215
212
230
197
206
198
230
213
211
212
210
254
210
214
216
213
230
204
214
222
209
208
230
243
235
228
219
224
217
207
227
224
191
231
212
198
205
198
197
218
215
237
239
239
207
232
225
202
211
223
212
206
229
224
258
223
238
222
233
244
205
189
222
223
218
223
230
228
224
239
201
229
233
217
240
220
207
205
241
243
201
232
231
227
229
234
207
248
222
213
225
213
231
203
204
247
210
217
209
232
198
203
230
197
240
249
194
220
221
199
237
231
230
188
217
229
231
223
215
204
216
235
238
214
227
231
210
224
239
218
181
219
237
231
218
236
203
208
221
205
224
233
235
212
212
231
209
241
202
225
210
221
194
228
227
232
194
218
213
222
220
224
208
231
214
248
235
229
230
238
215
210
218
237
200
247
221
200
212
251
237
239
204
232
224
248
237
203
234
200
227
229
241
217
221
218
235
216
188
220
218
224
221
199
227
198
238
229
240
228
223
235
224
210
228
224
205
250
229
223
227
207
222
225
220
202
224
239
210
237
216
220
226
216
244
208
218
238
195
234
240
225
205
205
263
215
238
232
233
218
227
246
242
219
252
241
223
234
248
241
226
216
227
200
245
227
212
214
220
236
234
216
247
215
236
240
219
214
251
239
218
214
211
209
222
245
194
212
243
206
221
198
229
224
240
231
231
239
220
215
253
212
229
245
221
216
231
205
207
190
219
225
211
219
212
229
240
229
224
222
204
222
238
248
213
218
227
245
206
220
207
239
251
223
232
233
215
262
224
229
245
218
224
223
224
231
249
202
233
233
229
212
252
240
225
212
225
210
231
227
216
224
236
257
227
215
242
199
240
230
215
247
205
200
241
219
237
228
221
217
236
215
229
223
207
246
244
222
199
217
206
251
240
212
209
213
248
250
232
225
233
268
245
218
223
216
229
188
231
232
248
220
231
234
221
225
196
239
212
224
246
203
226
256
217
225
211
229
210
236
240
212
213
218
233
225
231
216
255
233
237
214
221
243
263
235
238
216
209
231
228
209
238
244
219
229
230
215
231
218
243
249
239
216
255
219
225
216
273
219
256
263
209
251
252
240
217
241
224
221
208
217
247
249
249
273
245
241
249
247
218
238
247
217
235
231
270
240
245
236
200
232
223
255
246
252
242
247
244
245
233
257
222
260
239
214
238
237
250
243
220
216
242
248
241
223
250
234
228
223
240
226
249
224
226
237
233
234
251
231
243
197
224
231
249
243
251
256
219
236
223
225
245
243
271
231
250
255
255
235
228
206
226
232
234
218
256
229
244
220
248
276
233
281
225
237
228
247
254
234
227
235
233
217
226
223
228
243
273
226
228
252
231
226
255
217
256
247
252
218
229
215
246
249
219
246
228
234
252
240
233
253
224
260
250
251
230
236
236
220
223
220
243
236
215
210
241
233
221
254
241
243
241
243
245
229
231
196
251
245
235
252
224
223
243
239
238
234
267
247
244
223
240
256
264
236
226
258
237
235
222
233
249
239
254
239
232
253
254
228
244
232
229
261
263
235
213
250
218
268
250
245
226
231
238
246
259
227
235
221
233
230
232
230
239
241
207
263
275
238
234
220
236
228
239
235
245
229
225
233
245
254
257
265
244
218
242
251
234
252
216
242
237
239
231
243
208
233
241
266
244
232
249
250
213
230
225
233
243
242
238
248
226
242
249
236
234
213
229
231
243
249
236
235
239
250
228
243
256
202
245
222
232
255
230
229
250
245
244
214
234
256
244
247
225
253
249
252
249
215
244
256
242
248
228
246
265
234
228
236
230
246
204
213
202
261
239
222
246
226
241
228
233
236
213
254
219
261
266
230
246
223
238
260
240
258
249
254
252
217
218
246
241
256
249
212
240
248
249
259
244
233
249
217
239
219
251
252
208
237
241
235
228
246
261
246
236
247
226
231
236
274
247
254
237
239
262
263
217
212
227
230
247
268
224
233
246
271
287
243
231
242
241
248
252
235
246
258
210
263
236
259
223
245
259
252
267
234
240
220
226
269
249
250
258
236
228
231
235
256
246
237
271
254
247
230
240
252
245
241
276
224
249
227
267
243
274
258
246
231
233
240
256
266
269
270
257
238
256
223
262
250
306
271
228
265
255
243
228
244
248
211
235
225
238
222
248
220
271
248
235
267
272
244
243
251
266
240
241
238
254
257
248
251
241
232
235
246
243
252
251
236
257
234
262
256
238
257
237
261
242
249
243
239
220
282
251
250
248
260
251
240
245
254
273
266
243
249
280
246
259
250
240
268
238
266
280
279
267
252
232
238
262
253
224
251
264
243
247
252
253
238
233
292
229
257
237
249
237
264
218
274
270
256
267
230
233
261
243
240
237
261
263
230
256
241
267
251
283
239
277
240
248
254
234
254
245
243
229
292
249
262
268
267
264
281
241
265
237
242
244
246
263
253
265
288
263
277
250
286
244
273
241
238
230
260
292
267
253
228
273
277
259
240
244
260
260
265
261
236
228
238
275
280
277
295
256
263
249
225
229
258
270
272
272
256
270
241
261
231
265
282
269
263
254
258
267
253
273
259
266
252
259
258
270
268
276
283
263
233
273
295
237
263
273
305
264
259
262
279
261
273
266
234
253
257
276
260
267
257
258
281
273
260
259
268
250
235
270
297
260
254
272
272
268
273
250
276
257
244
280
274
275
276
284
260
293
260
255
283
249
271
245
266
268
273
249
272
248
256
287
240
262
296
261
290
280
282
267
261
278
250
292
276
283
271
277
238
233
269
232
260
262
283
269
291
277
249
256
282
274
253
287
264
282
279
259
269
262
264
263
257
273
266
239
254
287
253
272
274
275
279
277
274
269
257
271
286
286
287
254
261
262
274
302
293
282
265
252
287
280
273
260
271
274
300
269
250
255
248
259
280
283
256
284
271
273
275
278
311
263
276
268
263
271
294
282
247
258
263
283
287
254
264
270
277
256
261
273
212
280
299
276
280
257
276
274
291
253
271
263
279
244
286
287
276
256
288
270
302
295
281
276
256
276
254
266
272
254
295
269
284
285
275
255
275
282
265
274
266
253
228
264
283
308
282
275
267
267
271
248
267
274
275
269
255
274
273
248
281
282
294
265
284
271
273
271
268
274
267
248
272
294
260
277
245
266
292
261
253
281
255
247
277
260
271
294
292
293
274
297
254
246
274
290
274
262
278
302
259
259
271
262
264
270
256
278
291
275
245
252
282
268
275
293
298
273
246
296
294
238
271
238
283
274
264
272
281
240
269
289
285
291
266
251
263
309
276
230
238
303
254
273
252
308
269
236
259
262
249
278
298
255
277
271
270
248
273
250
268
267
304
310
270
259
256
298
299
277
270
264
258
282
282
283
269
268
260
254
253
257
264
258
271
294
277
266
281
274
242
266
252
268
293
269
269
260
254
264
269
270
263
242
288
270
236
256
287
267
275
292
276
286
270
287
280
264
276
289
250
251
281
265
270
259
268
245
251
260
252
252
276
255
273
262
255
269
281
251
251
279
272
255
290
259
261
248
257
240
231
282
231
258
260
260
255
255
276
257
259
246
263
266
247
265
246
229
247
255
263
265
278
254
265
241
261
237
231
237
248
258
264
270
233
265
248
277
264
267
247
247
254
250
226
256
252
256
235
247
274
235
275
244
235
252
237
253
221
247
259
267
216
240
261
277
224
253
234
243
271
218
239
241
243
237
231
279
212
252
201
217
212
227
232
237
234
218
220
230
237
231
243
241
227
247
222
252
252
250
239
248
240
235
283
225
208
229
234
233
215
222
239
269
218
235
229
250
203
227
211
221
217
245
221
225
193
199
225
228
226
235
218
220
202
228
238
211
213
225
244
214
234
221
237
187
235
211
235
201
227
210
207
230
233
244
226
237
253
261
233
211
218
211
218
227
195
242
182
211
207
194
214
224
223
209
231
216
221
196
224
199
209
213
224
205
205
184
187
207
175
216
215
186
196
192
191
205
210
178
222
214
197
186
181
229
226
197
187
209
191
206
222
200
196
202
200
209
222
229
216
213
186
177
193
200
223
205
213
192
202
174
192
207
185
194
187
197
177
204
206
213
191
208
179
177
204
191
202
214
202
184
184
176
183
200
214
182
193
197
193
209
205
179
183
177
200
188
205
189
200
169
186
167
210
182
210
196
199
209
199
176
189
190
202
173
186
182
186
193
186
199
185
185
188
180
195
207
179
175
183
188
186
201
186
165
187
209
183
162
179
194
146
184
194
191
178
176
193
184
180
186
175
194
186
188
180
187
178
189
192
180
164
178
179
184
172
200
182
198
179
182
165
195
173
184
198
168
198
158
167
172
168
210
205
177
174
166
199
186
186
167
159
191
189
161
194
174
206
177
158
193
194
169
210
178
177
175
189
190
174
192
181
176
168
179
182
186
201
184
162
178
182
191
152
192
199
181
177
167
174
157
176
177
180
167
180
179
175
187
180
171
170
152
165
155
184
178
170
164
181
161
152
176
196
166
187
173
197
164
180
161
191
173
199
189
164
170
166
196
181
198
181
164
180
180
180
153
185
191
199
201
176
183
197
168
193
190
193
192
168
177
185
174
183
186
171
201
158
169
195
146
194
202
194
182
176
184
162
161
182
172
173
206
191
179
166
188
165
160
173
171
181
202
207
177
194
157
174
188
177
187
189
160
168
179
153
192
170
186
178
173
149
173
217
180
170
174
172
187
192
166
177
177
188
196
195
212
196
170
198
179
199
198
181
184
202
190
179
179
196
204
164
172
168
184
201
188
192
160
180
208
176
197
188
179
168
216
171
187
176
168
187
179
182
184
181
164
207
183
180
176
219
167
170
190
193
198
186
169
167
208
194
183
189
172
192
196
178
186
183
177
175
184
206
191
167
191
211
189
183
206
199
181
194
178
171
176
164
194
163
209
224
194
214
187
208
188
181
188
229
190
210
192
188
227
198
176
190
225
189
197
217
216
195
214
196
203
183
189
191
218
210
218
211
214
195
216
205
200
208
222
200
183
215
225
214
194
230
219
223
189
225
235
217
206
214
214
218
222
218
225
208
208
217
211
232
229
238
235
226
213
203
226
208
236
239
226
248
251
218
215
231
217
227
238
226
262
259
243
242
231
242
233
248
244
224
286
228
254
233
239
247
230
243
258
225
224
262
217
248
266
264
247
265
281
272
264
250
300
252
268
281
273
274
276
286
283
302
255
284
277
269
299
281
296
268
291
303
298
289
265
299
294
286
311
279
300
310
334
308
301
314
322
326
294
305
314
321
300
323
313
347
352
333
305
333
318
346
309
321
335
325
325
303
350
335
313
362
344
317
344
341
342
349
346
332
359
337
315
357
368
382
398
331
376
388
372
374
400
349
369
382
357
387
401
385
380
411
384
388
383
382
400
393
404
441
380
444
450
434
422
443
420
447
401
471
412
450
419
433
413
469
492
438
451
452
441
465
464
497
448
479
458
523
530
486
502
454
487
497
503
510
479
499
454
497
503
523
489
520
521
470
503
507
512
545
505
513
501
531
500
537
538
523
502
528
526
574
503
526
544
563
561
547
553
539
547
501
553
547
540
559
529
580
562
581
572
543
604
569
611
562
597
577
568
593
611
547
564
609
608
606
609
616
583
607
605
640
587
609
598
625
602
646
658
646
638
585
634
607
578
583
569
621
567
621
594
626
604
639
619
605
686
654
600
643
617
623
639
630
595
669
653
648
654
666
651
604
607
561
653
634
636
641
619
625
642
652
664
628
645
705
609
617
663
630
647
672
597
596
658
626
624
626
575
587
665
635
586
604
639
631
607
625
648
631
635
623
636
643
586
592
585
610
586
595
652
583
585
582
580
573
578
570
568
599
563
628
538
598
602
577
612
606
564
521
586
550
559
469
539
527
574
551
505
622
479
515
573
539
553
542
524
518
528
553
514
548
497
539
512
521
508
490
515
488
489
535
507
479
481
491
469
491
484
431
473
463
448
414
459
446
450
434
446
400
400
424
410
435
440
396
417
427
386
427
392
402
398
426
351
398
375
364
391
405
352
371
372
370
399
372
356
335
328
348
319
321
332
339
327
362
325
324
294
353
322
331
318
329
318
320
308
304
317
290
316
311
261
279
293
285
303
295
275
257
296
265
240
287
261
245
245
215
264
266
265
230
256
249
245
245
277
236
223
205
207
231
219
231
226
195
194
203
214
213
194
194
209
186
198
209
206
214
176
183
182
185
182
184
203
181
203
193
188
174
166
182
165
164
185
147
141
172
176
185
167
163
174
159
155
145
154
153
166
137
153
166
155
149
168
126
145
135
150
181
157
129
167
133
150
120
141
119
147
141
153
136
157
138
142
140
141
127
130
130
131
138
172
138
136
139
141
134
153
153
152
152
130
126
125
138
136
134
134
117
134
140
152
142
144
135
156
125
138
148
129
136
137
136
131
113
138
127
155
161
122
145
133
123
144
136
161
142
173
129
145
146
137
142
126
142
156
153
159
145
143
159
176
158
160
164
170
162
161
148
142
169
166
150
160
169
162
185
182
150
150
163
167
186
180
156
176
186
185
170
160
157
178
190
186
195
164
208
178
199
180
190
201
171
192
221
188
181
205
213
187
202
213
206
226
210
218
208
209
176
219
202
234
216
236
224
259
189
244
217
241
237
247
225
268
239
239
246
251
272
246
274
247
265
270
270
246
264
267
254
267
261
258
282
273
294
283
285
253
293
296
305
274
272
307
283
311
284
330
306
282
277
281
282
341
313
286
280
337
325
346
327
359
334
317
331
338
308
315
342
308
304
342
321
349
313
349
361
334
358
370
372
330
341
342
359
358
355
369
374
347
391
395
382
367
344
371
361
389
388
406
409
389
381
427
409
399
376
393
396
400
417
382
407
456
424
403
417
397
453
393
407
426
394
415
437
416
455
400
446
436
404
427
429
458
447
422
479
413
449
451
465
450
443
471
482
443
427
466
443
464
469
511
487
468
492
478
507
489
474
481
428
472
464
463
484
479
515
485
486
464
500
483
511
516
479
483
521
523
493
497
510
505
496
512
496
514
508
510
579
529
508
524
526
536
511
516
518
479
496
501
543
508
509
546
528
543
481
520
514
499
533
527
498
492
524
561
548
504
528
477
505
533
521
560
526
473
505
510
500
512
487
500
484
509
541
506
499
539
517
527
486
486
498
513
527
512
493
485
514
504
493
482
509
498
524
502
484
518
459
513
494
495
450
465
478
471
484
506
459
483
473
518
502
445
427
461
410
462
461
448
455
475
459
454
447
460
433
461
452
451
466
442
411
406
428
432
467
432
445
401
450
433
411
395
384
417
450
413
438
407
410
427
405
389
380
384
388
355
359
364
371
362
415
367
390
398
359
370
345
359
361
327
365
340
331
338
351
350
324
344
298
351
325
307
316
313
339
308
302
304
298
329
281
313
287
307
307
264
296
302
287
302
259
252
288
257
291
265
266
259
242
236
239
246
255
253
273
231
202
205
265
251
250
254
252
208
214
221
210
225
199
196
192
211
193
222
206
189
191
156
182
185
171
178
172
197
183
177
168
187
159
174
163
182
150
148
162
150
149
163
150
167
135
131
146
147
135
127
132
141
133
136
117
128
101
105
133
106
123
112
106
114
114
115
112
107
103
96
101
95
94
86
115
89
112
89
96
96
94
90
79
82
88
85
95
83
85
92
66
68
75
83
62
80
63
71
58
59
80
57
68
71
64
62
68
57
77
48
56
55
51
54
67
62
51
53
64
46
48
46
38
44
59
43
47
38
42
43
47
43
48
41
46
47
24
26
29
44
43
44
45
33
35
37
31
38
37
32
31
34
35
34
30
33
19
25
34
26
29
27
22
19
24
28
30
23
24
26
19
20
28
28
29
24
31
32
27
20
23
26
28
17
11
18
14
27
16
28
21
17
15
18
22
13
16
18
15
20
18
19
12
7
25
11
24
16
19
17
14
14
15
25
7
14
9
19
19
19
17
11
10
12
11
18
17
10
9
6
10
6
14
14
12
13
7
7
13
14
13
22
9
14
12
7
12
9
11
12
13
12
14
6
17
10
7
7
10
9
5
9
11
12
13
10
10
8
9
14
11
14
13
11
13
6
17
8
10
14
13
4
5
11
12
7
7
12
12
8
14
10
4
8
9
8
13
11
10
13
11
12
11
8
12
12
11
11
10
10
13
7
5
10
8
6
7
16
12
7
10
12
6
10
14
7
10
12
9
11
10
6
7
12
14
7
5
9
8
4
9
8
15
12
5
8
6
15
11
5
8
5
10
4
8
8
10
10
9
8
13
5
5
8
13
9
8
7
6
8
2
8
10
9
4
7
7
8
6
6
8
9
4
7
12
9
11
12
8
4
8
10
9
5
9
6
5
5
7
8
5
6
9
14
11
10
7
8
10
6
9
9
5
12
6
9
7
8
9
7
12
5
2
3
5
2
10
7
8
10
6
4
10
6
7
5
5
7
8
9
8
6
8
6
10
7
7
11
8
6
7
10
11
7
5
6
3
7
2
6
9
9
5
5
8
5
6
7
5
5
7
13
9
11
10
6
6
9
3
11
5
6
8
10
7
6
7
7
6
9
7
6
5
6
8
11
2
3
12
8
7
4
6
5
8
5
10
1
11
4
7
9
9
7
3
7
8
5
8
6
10
1
8
8
9
8
6
3
7
6
9
5
8
8
7
11
8
10
11
9
9
6
9
4
4
2
2
8
2
6
12
9
6
7
6
9
6
10
5
8
5
8
2
3
10
12
4
9
3
4
4
7
3
6
6
4
4
3
4
6
4
7
5
7
5
7
6
6
1
9
5
7
5
6
6
10
3
4
9
10
3
5
6
7
7
4
4
13
5
9
9
9
5
5
10
8
5
3
8
3
6
4
4
6
6
8
6
11
4
11
6
9
8
6
7
7
7
4
3
3
3
5
7
7
4
4
6
9
14
4
7
6
5
7
4
4
12
3
6
6
6
6
9
3
9
4
5
5
7
4
4
8
7
6
4
5
3
3
5
9
5
1
6
7
1
7
5
9
2
4
9
3
5
4
6
5
6
6
15
7
7
11
3
5
4
6
5
7
8
6
7
5
6
3
8
2
4
8
7
10
4
9
2
12
1
7
7
10
4
2
10
3
12
6
9
7
0
6
6
4
1
8
5
7
6
4
6
4
3
12
8
4
9
2
4
9
2
5
7
9
4
5
9
8
8
4
6
5
4
8
7
4
4
8
5
9
4
4
7
5
3
5
4
8
6
3
6
5
4
5
7
2
5
5
5
11
2
3
6
9
7
9
4
6
5
5
7
5
2
3
5
8
7
1
5
2
5
2
3
6
7
0
8
7
5
5
8
1
2
5
5
8
3
4
0
5
3
4
5
12
12
5
15
11
5
5
3
4
6
4
3
3
6
3
6
5
7
6
7
9
6
5
5
3
7
5
7
9
8
10
9
6
7
5
9
4
2
3
7
9
1
5
3
9
7
3
3
4
8
3
6
6
5
9
7
4
6
9
6
7
5
7
2
5
5
4
4
2
3
8
5
7
7
7
6
4
5
3
5
5
9
3
5
2
5
5
2
6
9
6
3
12
7
5
5
4
4
7
4
5
9
8
2
4
5
8
5
8
6
3
4
4
4
3
0
6
3
7
7
5
4
9
1
7
5
4
7
3
7
7
8
3
5
7
1
7
3
4
1
6
8
9
3
3
2
6
5
9
6
9
4
4
5
2
3
2
2
7
6
6
7
2
8
1
6
9
8
3
2
3
3
6
6
5
9
3
6
4
3
5
1
4
6
10
2
4
6
5
5
4
2
5
5
6
6
3
4
5
7
5
5
8
8
7
5
8
2
5
5
7
9
3
4
6
4
6
3
3
5
3
3
1
9
6
5
5
9
5
5
5
5
6
4
6
3
6
6
3
2
4
4
3
5
2
4
8
4
8
6
3
6
5
7
4
7
5
6
8
2
6
3
5
4
10
6
4
1
5
7
4
10
4
3
6
3
2
8
2
5
4
3
6
4
5
7
6
3
4
4
8
7
3
7
3
4
5
9
6
3
5
4
2
3
6
4
3
3
4
5
3
6
4
7
6
8
1
5
3
5
3
6
4
5
6
5
4
1
4
4
3
6
4
7
4
2
4
7
5
5
2
7
6
3
7
9
3
3
4
4
5
0
5
5
5
3
6
3
6
1
7
3
5
5
5
5
4
8
4
8
6
4
2
1
2
4
6
10
7
6
2
2
4
4
6
5
6
6
2
4
6
6
5
3
3
2
6
3
3
6
5
1
4
7
5
5
7
3
0
5
4
4
7
3
4
5
3
4
5
1
6
1
3
2
3
2
3
3
4
5
3
5
4
3
3
6
5
5
5
1
3
3
4
6
2
9
4
2
1
5
7
5
5
4
5
3
6
4
0
6
7
3
4
9
6
7
5
2
3
6
5
4
1
8
4
6
4
3
5
2
6
4
5
4
6
2
2
1
1
8
3
2
2
10
4
5
4
1
4
4
5
2
3
5
3
4
2
2
1
7
4
4
5
7
6
6
4
2
2
1
5
6
3
4
4
3
5
1
3
3
6
6
8
5
5
8
6
2
6
3
4
3
8
5
5
4
6
5
3
3
10
4
8
5
4
3
2
6
4
1
3
2
3
7
4
2
3
6
6
6
5
6
4
4
9
2
4
6
4
6
4
4
0
5
3
5
8
1
4
3
8
5
3
6
3
7
7
4
8
5
3
2
3
2
5
3
6
4
9
7
6
4
5
8
5
1
4
2
6
4
4
5
6
5
6
4
4
4
5
2
4
6
4
9
5
4
9
2
8
6
7
6
9
8
6
14
7
13
9
10
9
11
16
21
12
12
25
35
22
29
32
33
41
49
33
44
56
66
78
54
66
77
78
96
113
114
119
124
122
121
129
130
148
144
135
162
160
166
172
187
159
159
182
187
185
198
191
219
174
212
214
210
211
200
166
147
93
79
44
37
16
20
16
8
11
5
9
4
5
7
2
5
4
8
10
8
11
12
13
4
3
2
0
1
0
0
0
0
0
0
0
0
0
0
0
0
0
1
0
0
0
0
0
0
0
0
0
0
0
1
0
0
0
0
0
0
0
0
0
0
0
0
0
0
0
0
0
0
0
0
0
0
0
0
0
0
0
0
0
0
0
0
0
0
0
0
0
0
0
0
0
0
0
0
0
0
0
0
0
0
0
0
0
0
0
0
0
0
0
0
0
0
0
0
0
0
0
0
0
0
0
0
0
0
0
0
0
0
0
0
0
0
0
0
0
0
0
0
0
0
0
0
0
0
0
0
0
0
0
0
0
0
1
0
0
0
0
0
0
0
0
0
0
0
0
0
0
0
0
0
0
0
0
0
0
0
0
0
0
0
0
0
0
0
1
0
0
0
0
0
0
0
0
0
0
0
1
0
0
0
0
0
0
0
0
0
0
0
0
0
0
0
0
0
0
0
0
0
0
0
0
1
0
0
0
0
0
0
0
0
0
0
0
0
0
0
0
0
0
0
0
0
0
0
0
0
0
0
0
0
0
0
0
0
0
0
0
0
0
0
0
0
0
0
0
0
0
0
0
0
0
0
0
0
0
0
0
0
0
0
0
0
0
0
0
0
0
0
0
0
0
0
0
0
0
0
0
0
0
0
0
0
0
0
0
0
0
0
0
0
0
0
0
0
0
0
0
0
0
0
0
0
0
0
0
0
0
0
0
0
0
0
0
0
0
0
0
0
0
0
0
0
0
0
0
0
0
0
0
0
0
0
0
0
0
0
0
0
0
0
0
0
0
0
0
0
0
0
0
0
0
0
0
0
0
0
0
0
0
0
0
0
0
0
0
0
0
0
0
0
0
0
0
0
0
0
0
0
0
0
0
0
0
0
0
0
0
0
0
0
0
0
0
0
0
0
0
0
0
0
0
0
0
0
0
0
0
0
0
0
0
0
0
0
0
0
0
0
0
0
0
0
0
0
0
0
0
0
0
0
0
0
0
0
0
0
0
0
0
0
0
0
0
0
0
0
0
0
0
0
0
0
0
0
0
0
0
0
0
0
0
0
0
0
0
0
0
0
0
0
0
0
0
0
0
0
0
0
0
0
0
0
0
0
0
0
0
0
0
0
0
0
0
0
0
0
0
0
0
0
0
0
0
0
0
0
0
0
0
0
0
0
0
0
0
0
0
0
0
0
0
0
0
0
0
0
0
0
0
0
0
0
0
0
0
0
0
0
0
0
0
0
0
0
0
0
0
0
0
0
0
0
0
0
0
0
0
0
0
0
0
0
0
0
0
0
0
0
0
0
0
0
0
0
0
0
0
0
0
0
0
0
0
0
0
0
0
0
0
0
0
0
0
0
0
0
0
0
0
0
0
0
0
0
0
0
0
0
0
0
0
0
0
0
0
0
0
0
0
0
0
0
0
0
0
0
0
0
0
0
0
0
0
0
0
0
0
0
0
0
0
0
0
0
0
0
0
0
0
0
0
0
0
0
0
0
0
0
0
0
0
0
0
0
0
0
0
0
0
0
0
0
0
0
0
0
0
0
0
0
0
0
0
0
0
0
0
0
0
0
0
0
0
0
0
0
0
0
0
0
0
0
0
0
0
0
0
0
0
0
0
0
0
0
0
0
0
0
0
0
0
0
0
0
0
0
0
0
0
0
0
0
0
0
0
0
0
0
0
0
0
0
0
0
0
0
0
0
0
0
0
0
0
0
0
0
0
0
0
0
0
0
0
0
0
0
0
0
0
0
0
0
0
0
0
0
0
0
0
0
0
0
0
0
0
0
0
0
0
0
0
0
0
0
0
0
0
0
0
0
0
0
0
0
0
0
0
0
0
0
0
0
0
0
0
0
0
0
0
0
0
0
0
0
0
0
0
0
0
0
0
0
0
0
0
0
0
0
0
0
0
0
0
0
0
0
0
0
0
0
0
0
0
0
0
0
0
0
0
0
0
0
0
0
0
0
0
0
0
0
0
0
0
0
0
0
0
0
0
0
0
0
0
0
0
0
0
0
0
0
0
0
0
0
0
0
0
0
0
0
0
0
0
0
0
0
0
0
0
0
0
0
0
0
0
0
0
0
0
0
0
0
0
0
0
0
0
0
0
0
0
0
0
0
0
0
0
0
0
0
0
0
0
0
0
0
0
0
0
0
0
0
0
0
0
0
0
0
0
0
0
0
0
0
0
0
0
0
0
0
0
0
0
0
0
0
0
0
0
0
0
0
0
0
0
0
0
0
0
0
0
0
0
0
0
0
0
0
0
0
0
0
0
0
0
0
0
0
0
0
0
0
0
0
0
0
0
0
0
0
0
0
0
0
0
0
0
0
0
0
0
0
0
0
0
0
0
0
0
0
0
0
0
0
0
0
0
0
0
0
0
0
0
0
0
0
0
0
0
0
0
0
0
0
0
0
0
0
0
0
0
0
0
0
0
0
0
0
0
0
0
0
0
0
0
0
0
0
0
0
0
0
0
0
0
0
0
0
0
0
0
0
0
0
0
0
0
0
0
0
0
0
0
0
0
0
0
0
0
0
0
0
0
0
0
0
0
0
0
0
0
0
0
0
0
0
0
0
0
0
3
0
1
0
0
1
0
1
1
0
0
0
0
2
0
1
1
0
0
1
0
0
0
1
0
1
0
0
0
0
0
0
0
0
1
1
0
0
0
0
1
0
1
0
1
0
1
0
1
0
0
0
0
1
2
0
1
0
0
1
0
1
1
1
1
1
2
0
1
0
1
1
0
0
1
0
1
1
0
1
2
2
3
0
1
0
1
2
5
1
2
3
1
4
1
1
0
3
3
3
5
8
7
4
8
4
11
2
10
7
9
10
8
8
14
8
15
15
7
12
12
18
21
19
17
24
29
