28
37
42
65
74
108
164
227
259
295
314
307
337
311
305
331
321
319
301
299
313
321
307
352
328
304
316
302
316
327
329
317
313
337
321
304
329
320
332
337
320
311
318
308
308
323
331
331
283
292
312
311
291
350
311
296
321
325
303
318
292
311
322
315
289
314
369
314
303
357
343
318
354
332
323
355
325
305
311
320
295
317
346
376
311
329
328
339
331
304
354
305
306
329
320
328
324
368
335
334
331
346
358
316
333
354
318
297
344
322
323
355
353
344
351
324
314
323
351
348
366
344
344
332
333
367
320
326
360
328
336
348
346
329
363
342
333
340
332
354
340
357
356
321
351
343
347
350
325
366
351
340
327
358
357
346
364
355
352
363
373
346
348
349
342
375
372
376
325
374
323
348
358
316
357
356
337
369
338
338
384
340
346
348
365
387
357
394
341
367
363
392
381
321
370
371
355
346
359
380
365
361
348
366
368
374
362
343
371
356
350
384
374
368
368
362
372
372
380
374
373
376
327
365
377
392
359
333
361
391
389
396
363
367
416
387
355
355
380
376
366
344
389
386
364
432
388
377
411
362
443
427
407
346
422
379
403
382
368
398
376
415
389
374
425
394
401
346
379
338
385
389
420
393
403
384
386
373
410
416
402
362
414
395
402
395
398
374
371
439
399
400
355
395
362
378
392
388
388
406
389
389
395
403
382
399
410
408
386
352
388
394
372
375
408
366
386
396
373
391
371
359
378
397
411
371
352
401
368
367
359
371
334
380
376
416
412
367
371
413
396
367
359
372
392
365
394
402
374
390
380
351
373
391
382
355
376
375
380
354
375
393
380
380
376
381
370
365
406
409
363
376
404
359
402
380
347
389
392
330
393
373
352
378
383
382
379
369
355
360
369
392
422
396
389
387
372
360
378
394
426
363
355
365
397
395
364
368
360
391
373
379
363
377
362
371
383
374
382
383
385
379
416
369
347
391
380
367
357
382
372
390
376
394
359
375
352
357
404
384
406
438
379
359
390
418
383
384
418
386
376
387
378
386
411
374
384
414
399
393
371
374
380
399
368
394
382
368
393
411
369
368
391
372
390
390
400
378
382
399
382
353
399
372
401
395
386
422
382
356
394
365
376
419
394
407
386
359
396
404
389
376
422
398
388
383
387
399
369
372
370
383
406
373
408
393
393
339
415
410
403
396
378
391
404
393
393
435
411
392
388
393
387
411
394
398
364
355
399
384
376
409
398
419
408
382
394
398
433
390
416
381
417
395
377
382
406
410
373
391
422
383
426
430
397
394
367
407
374
359
391
399
424
405
385
423
405
395
408
419
361
378
392
364
380
368
393
383
398
429
369
422
443
390
397
422
418
364
372
394
369
382
373
369
433
401
388
388
407
430
397
426
389
410
372
382
447
422
344
385
423
416
370
404
415
417
408
415
402
377
388
376
381
415
400
400
386
396
397
407
386
392
414
393
422
407
389
402
380
412
406
459
420
402
445
417
405
416
401
444
394
396
387
409
446
414
394
382
387
433
400
434
375
393
438
449
406
406
432
391
396
428
441
449
399
419
427
409
466
428
404
412
390
413
440
441
397
416
405
419
431
417
420
434
440
427
419
418
418
457
435
432
442
450
398
432
413
441
428
400
423
466
436
439
415
431
439
451
414
423
423
419
443
418
462
434
423
429
401
477
434
482
454
420
413
425
431
479
427
444
476
447
449
458
452
466
474
406
471
420
450
424
442
441
455
413
448
446
422
450
458
478
445
457
450
485
463
446
464
433
469
460
417
475
475
422
451
450
487
469
456
466
437
433
450
452
506
479
476
450
472
456
500
458
469
457
498
490
449
511
460
484
477
487
461
469
451
440
496
497
479
509
457
454
459
513
449
491
468
525
480
501
444
480
515
495
481
487
496
462
472
442
476
498
495
508
471
510
504
504
528
520
470
499
536
504
479
520
469
473
546
461
472
492
501
476
504
505
507
507
471
481
498
549
511
529
503
487
513
498
516
484
487
470
461
529
535
541
489
518
505
500
490
511
488
494
490
457
533
510
511
488
502
551
511
482
501
509
506
507
494
470
472
510
476
474
505
515
533
490
510
505
523
480
492
491
476
470
501
461
496
532
482
525
516
438
486
490
498
535
466
530
487
497
434
454
470
497
477
506
492
484
527
468
469
463
477
511
491
476
496
489
472
422
465
474
475
459
504
475
470
467
496
437
484
453
446
496
473
489
485
513
453
478
449
488
451
478
472
466
463
467
419
463
438
495
441
490
501
467
429
475
473
480
480
448
492
478
477
460
457
454
473
455
466
486
505
440
454
448
448
475
456
453
440
426
451
461
467
451
427
463
444
472
464
423
456
446
447
477
418
460
454
419
463
456
446
414
420
439
475
457
467
426
404
484
440
415
443
449
421
428
476
431
416
443
490
456
410
459
440
453
447
462
406
436
420
468
467
445
442
452
463
447
425
442
420
461
461
447
420
436
422
465
449
450
448
440
413
434
431
438
464
429
444
474
446
430
428
440
466
416
452
484
425
420
373
414
421
424
418
439
417
456
437
420
422
455
454
425
451
431
419
394
413
447
437
434
428
434
459
433
450
445
427
423
408
438
458
435
437
448
421
422
450
401
404
425
446
431
425
420
438
423
443
445
437
455
408
439
415
437
453
402
421
468
418
411
426
439
389
433
441
462
463
423
403
413
408
429
416
409
424
455
428
438
434
423
381
415
415
426
442
394
451
403
388
403
460
426
423
424
420
419
421
384
455
441
425
392
403
422
436
373
431
401
434
397
413
416
441
411
398
419
397
411
417
435
416
404
411
391
416
414
418
409
438
407
420
388
416
391
385
462
460
394
391
413
394
439
412
422
408
458
394
407
397
478
402
392
405
403
422
420
419
413
396
414
390
445
425
403
400
420
407
384
403
433
378
391
422
406
393
390
412
427
394
410
405
393
427
388
405
365
411
375
415
412
366
416
393
420
386
379
412
413
414
375
381
406
403
392
385
423
430
418
441
420
432
443
443
403
400
418
377
394
425
386
383
385
390
358
432
427
412
383
382
399
424
389
442
404
414
384
391
399
375
364
424
420
385
345
399
356
407
372
376
377
371
399
383
422
394
432
372
401
399
370
399
359
375
402
419
394
391
373
388
390
404
380
378
419
398
399
410
395
392
422
415
385
405
362
399
391
347
368
394
372
364
367
394
362
363
379
378
363
392
436
412
379
380
375
395
398
352
416
371
350
396
370
391
397
364
352
373
377
359
376
392
363
356
376
391
378
372
347
429
395
389
389
402
391
378
373
376
402
422
378
425
383
382
372
377
347
383
386
368
358
362
378
397
362
403
395
408
380
405
386
400
344
385
371
399
365
383
374
379
407
394
370
439
375
358
381
365
370
379
360
414
383
345
367
363
387
373
371
355
361
389
382
367
384
404
370
388
419
368
343
395
390
378
388
406
399
360
347
361
403
358
387
406
379
384
373
399
387
366
355
379
383
371
343
345
413
367
350
389
382
360
383
368
389
359
381
405
358
372
382
384
405
351
349
345
351
343
325
382
409
370
385
375
399
392
385
367
401
371
389
373
380
347
362
372
376
354
384
378
349
408
380
406
376
374
408
373
340
408
364
357
369
368
406
325
390
396
347
344
363
356
385
366
368
378
407
388
367
359
391
381
359
348
398
383
353
375
341
365
358
400
338
377
369
392
382
352
359
392
348
385
354
357
359
387
354
384
367
360
359
375
390
360
363
383
326
323
372
373
348
355
359
378
386
373
319
334
342
355
387
349
374
357
363
354
371
331
348
366
358
373
354
345
376
366
368
363
366
334
345
353
374
348
355
384
366
367
370
397
370
332
368
375
351
347
345
362
344
350
369
367
339
386
365
370
344
357
344
332
358
352
407
371
342
356
376
347
375
364
366
381
346
374
356
391
372
384
344
335
394
353
328
364
366
379
342
371
332
350
356
360
382
387
360
394
347
378
371
356
399
367
372
366
364
343
378
387
375
357
368
406
368
359
375
337
377
377
371
362
370
386
392
393
373
337
402
354
377
376
334
411
395
354
393
318
351
385
374
366
380
375
352
378
349
382
368
365
397
357
367
378
377
363
339
343
406
355
379
416
374
388
377
402
367
345
354
356
362
416
375
360
339
366
374
361
351
372
401
357
354
336
370
394
345
339
350
355
393
373
370
342
386
343
362
358
364
368
371
349
365
331
350
354
338
361
350
368
360
403
334
339
377
383
385
352
354
354
405
355
360
344
368
389
391
391
357
362
365
395
356
355
347
377
368
337
365
370
354
361
378
375
348
398
376
354
347
362
359
380
369
395
325
371
358
373
393
372
382
362
336
356
381
347
349
378
375
377
381
356
359
356
375
391
396
351
405
346
357
348
379
387
363
365
356
341
347
330
383
400
381
376
335
394
377
344
340
342
365
350
383
353
354
355
372
351
343
349
358
366
365
388
359
340
412
350
362
332
382
365
361
405
360
361
354
344
345
340
350
382
355
375
365
380
355
349
373
339
379
364
377
362
400
313
366
372
410
343
379
348
368
328
346
344
360
330
362
384
353
360
365
372
400
364
351
386
359
430
351
354
364
352
346
350
376
352
363
362
367
378
390
357
283
357
379
386
371
358
386
316
365
376
342
381
354
388
408
392
356
387
357
346
358
366
365
366
364
383
361
376
361
395
348
348
357
367
349
339
357
317
361
357
373
358
323
363
385
349
379
379
349
411
373
391
369
347
348
379
374
341
369
374
393
367
355
349
327
380
379
377
350
376
375
391
380
362
359
330
379
367
341
350
392
352
373
361
379
348
360
370
359
371
347
376
370
376
372
367
360
360
384
370
391
390
350
348
338
350
369
365
368
353
365
368
351
391
377
381
349
424
366
383
364
376
370
361
373
359
334
379
363
384
350
369
384
340
367
352
338
357
366
385
411
365
373
359
370
342
386
331
354
377
371
368
368
371
354
365
381
344
388
369
366
337
372
328
369
362
363
369
350
375
360
356
373
360
377
370
389
361
376
371
394
357
345
385
360
382
362
364
348
366
376
347
396
391
393
357
400
379
372
348
378
364
376
351
359
379
362
387
373
368
379
336
382
378
388
360
352
357
399
356
385
364
352
365
337
356
368
343
370
358
349
372
365
369
372
374
399
393
352
365
374
341
394
353
386
359
371
375
357
382
349
383
386
325
381
373
335
370
364
362
388
378
365
368
340
349
367
355
392
349
376
394
377
319
385
368
351
347
332
357
340
397
376
360
348
381
323
370
375
352
371
356
377
389
373
380
366
395
405
350
360
370
366
410
367
335
369
381
366
394
403
366
358
372
375
362
344
374
377
420
384
362
339
386
373
371
367
346
364
373
404
366
341
362
401
338
367
357
373
375
405
355
331
375
366
358
373
340
366
390
380
369
365
372
375
390
381
399
362
365
376
345
396
337
378
356
369
387
360
416
394
374
358
392
357
352
398
409
342
359
403
393
338
358
357
348
404
363
381
410
367
359
377
364
364
374
409
389
399
375
359
403
410
368
383
363
355
363
367
378
385
372
386
363
348
402
376
388
387
373
333
363
392
378
358
366
365
339
386
413
355
365
367
381
399
393
374
400
361
384
384
349
398
340
377
331
375
353
369
371
385
362
359
387
392
387
396
387
395
372
337
354
356
374
397
342
377
369
386
345
390
347
421
366
408
410
423
377
384
368
373
395
378
380
367
386
368
368
368
378
417
385
405
332
359
383
379
367
399
366
397
351
368
393
389
378
402
381
389
371
387
382
341
351
394
391
378
425
369
385
380
350
331
394
386
365
372
369
406
412
353
384
422
386
391
402
374
376
387
363
385
384
354
398
394
391
413
363
390
354
394
368
387
397
365
376
372
372
380
393
334
426
371
410
432
393
394
349
388
384
363
389
401
399
387
374
425
418
380
364
381
389
381
393
416
378
402
386
396
369
385
403
403
364
390
377
370
370
385
408
390
383
359
372
373
404
359
404
364
383
378
417
362
396
396
416
367
390
396
388
384
420
422
345
376
387
355
377
400
366
403
376
413
385
338
381
368
385
391
403
391
393
371
401
367
367
391
380
391
369
387
387
400
323
348
423
417
401
417
413
405
385
389
401
418
373
429
379
394
394
385
415
388
355
402
376
420
387
384
393
345
393
366
374
382
420
353
345
372
398
377
399
425
370
391
366
362
388
356
372
427
391
406
355
388
362
411
383
424
335
409
411
390
400
407
389
373
379
387
400
399
367
361
418
399
352
397
397
391
397
382
404
369
369
384
397
404
366
406
406
382
379
401
386
391
413
360
379
391
388
397
403
441
404
402
421
375
411
408
374
394
384
371
399
364
389
380
394
405
406
407
387
392
382
401
417
393
369
395
390
379
405
375
400
408
400
382
393
407
341
374
388
398
414
415
397
388
376
401
407
390
391
407
397
408
396
388
433
391
430
394
359
396
364
402
386
377
444
383
416
410
407
397
392
399
381
360
453
381
419
402
374
424
389
388
390
380
412
400
412
400
376
390
384
363
381
394
400
422
416
418
399
371
410
395
405
420
368
364
402
386
397
397
394
423
391
433
409
375
432
391
411
398
388
388
397
398
400
440
374
417
381
404
400
397
406
412
391
404
388
379
405
398
402
392
402
435
445
393
426
410
383
416
418
399
410
430
400
411
423
427
411
375
406
433
388
429
408
409
406
403
392
435
403
424
412
423
389
420
409
394
409
417
415
407
430
408
362
418
422
427
424
444
409
400
449
445
410
394
410
351
410
418
417
424
423
401
381
431
395
426
417
408
422
404
397
397
451
425
432
378
390
391
429
392
409
412
386
409
372
461
418
404
412
407
420
420
405
415
422
409
437
415
417
395
407
416
434
426
405
400
407
395
388
386
402
415
398
433
423
432
397
426
425
410
425
406
443
426
410
401
403
436
420
425
403
442
430
429
429
429
413
395
420
428
441
443
443
436
454
449
446
406
426
389
429
399
406
432
458
407
428
445
426
406
390
422
376
440
448
442
444
436
432
399
413
431
440
424
398
404
415
457
423
432
404
438
444
453
402
435
441
437
422
423
416
431
411
409
402
410
413
443
441
442
438
408
405
403
435
457
402
445
441
360
458
453
422
462
421
427
394
425
406
420
443
427
425
433
429
430
400
389
411
423
422
461
399
421
452
435
414
435
414
431
454
392
441
445
441
453
397
421
415
414
423
467
439
430
449
461
426
423
455
439
409
432
439
417
417
463
458
402
439
439
401
446
457
438
460
428
433
491
452
431
404
428
454
457
429
433
453
442
454
450
404
448
435
404
477
423
467
450
433
483
437
421
450
438
470
463
418
430
453
457
406
451
425
450
431
431
434
421
416
447
460
431
441
459
448
475
410
470
433
430
432
443
429
439
427
439
424
421
465
451
439
456
448
444
453
472
459
439
467
428
410
487
424
426
433
459
419
460
441
433
437
452
522
411
400
430
456
502
471
448
468
441
457
447
449
498
400
453
472
447
416
439
495
446
479
471
441
423
478
416
460
428
449
425
433
435
474
424
487
464
419
446
486
458
421
438
442
473
484
452
421
481
410
449
460
467
458
468
472
461
477
426
423
457
448
447
453
439
438
496
469
466
450
422
461
466
445
454
437
440
422
423
438
429
440
461
441
442
452
437
449
431
414
474
440
484
440
497
457
445
431
439
429
443
458
467
436
428
480
470
468
429
446
466
443
433
448
440
457
435
481
455
419
429
459
442
451
485
422
438
432
390
399
470
473
446
432
444
458
437
426
434
408
470
453
446
434
460
453
482
543
470
438
473
448
453
428
470
454
450
447
437
406
481
442
441
455
471
483
469
448
456
451
456
444
449
447
466
454
449
445
474
450
461
441
442
467
456
446
445
462
420
489
411
442
454
438
422
438
436
419
442
443
432
437
466
467
455
462
432
443
431
436
443
472
456
436
451
443
439
433
459
456
407
478
428
434
442
459
464
434
477
442
444
439
428
456
446
473
466
454
385
434
433
435
448
449
445
407
438
423
451
435
455
410
468
455
455
463
418
445
407
472
398
435
435
404
473
403
425
422
443
453
472
446
418
413
420
440
435
408
455
408
424
411
411
421
399
470
429
423
398
406
423
470
473
458
407
463
467
427
457
434
448
451
393
401
422
387
424
445
439
416
421
411
472
439
415
431
430
453
438
448
414
436
402
423
419
398
443
439
366
410
384
422
439
412
456
463
435
414
436
404
444
426
393
377
399
386
428
379
418
402
406
383
391
404
413
476
398
404
431
384
398
402
430
410
398
375
396
403
331
416
412
429
378
385
399
404
373
378
395
384
434
361
417
413
397
396
359
393
369
353
372
361
383
371
383
394
385
395
354
374
385
396
404
416
390
360
336
356
427
365
377
380
381
400
398
381
415
385
398
363
389
352
362
398
393
376
344
334
399
356
336
379
329
388
368
402
379
363
364
405
357
383
378
364
359
365
395
387
352
344
339
383
414
382
397
361
371
386
367
371
367
359
369
312
326
332
392
346
335
343
374
366
355
363
374
369
310
349
382
317
351
352
387
349
391
352
330
358
364
330
373
353
355
355
327
303
371
359
369
358
332
315
304
363
332
321
336
334
340
362
308
367
348
347
338
355
327
341
306
326
324
336
342
363
346
357
299
341
316
329
306
318
338
317
316
344
309
346
327
323
326
289
301
318
310
293
287
339
335
315
326
309
319
262
330
308
303
299
317
302
376
291
319
331
297
312
340
287
310
303
292
294
332
302
308
335
312
302
330
300
327
317
276
318
291
291
309
323
286
337
298
322
311
299
280
296
300
305
314
293
291
319
320
278
299
294
287
320
325
317
300
318
316
318
302
324
289
288
271
310
308
289
306
311
294
316
299
314
325
313
283
293
300
308
305
304
296
278
299
287
286
288
310
300
319
278
306
282
289
295
311
296
271
281
309
314
286
293
305
295
296
293
290
320
337
278
304
298
257
278
290
284
318
270
289
306
286
278
296
339
297
267
298
290
302
315
279
301
308
279
290
291
301
284
321
329
295
292
293
306
283
321
292
274
275
294
292
275
302
297
313
301
301
262
270
300
301
282
311
267
312
299
271
322
288
296
326
317
317
328
322
308
291
277
260
282
292
290
310
285
267
307
287
280
270
271
282
287
266
296
271
294
300
277
303
272
276
312
313
291
276
291
297
259
289
288
268
290
289
248
288
298
277
294
286
284
287
298
295
280
286
298
309
329
269
301
322
284
289
315
276
292
288
281
271
290
270
321
275
268
270
304
268
285
294
281
297
281
312
268
269
295
330
287
280
280
299
327
309
286
294
264
294
284
288
305
275
282
297
287
297
278
325
271
315
308
275
285
311
298
288
321
295
300
308
312
292
308
299
285
329
300
291
305
318
298
278
298
320
320
302
304
294
305
314
312
309
297
303
299
312
288
321
292
294
294
310
266
307
289
280
297
311
309
301
306
299
295
322
310
303
287
304
310
277
352
300
295
306
322
309
303
259
321
292
310
336
318
308
328
305
297
312
300
319
299
323
291
324
317
315
357
343
317
323
310
331
303
304
350
316
313
350
307
313
347
336
323
316
326
350
356
328
357
385
348
343
355
318
326
338
350
339
315
332
346
347
320
338
304
310
329
331
333
356
365
326
363
376
361
325
353
366
375
355
378
372
334
383
329
341
372
321
341
354
372
355
359
380
363
373
353
356
377
348
383
362
395
336
364
395
419
398
373
385
429
404
405
403
398
434
403
403
365
373
394
412
399
443
422
401
416
398
398
413
456
432
404
417
414
401
426
450
424
428
381
439
447
406
430
430
456
439
435
472
470
461
465
472
436
468
497
484
470
435
490
477
461
474
493
472
499
482
481
465
522
525
484
482
434
517
542
506
532
517
532
512
545
525
515
547
537
557
550
560
591
547
568
577
565
547
525
514
588
583
609
615
566
593
596
566
595
589
558
568
564
598
624
590
594
614
606
605
607
665
629
614
633
660
652
628
615
629
636
677
672
634
680
682
660
661
653
681
694
719
739
716
651
698
743
735
673
741
743
753
744
742
756
753
756
742
756
756
786
742
768
789
800
756
781
836
829
859
822
830
786
863
794
776
832
796
801
842
819
852
830
915
849
832
861
839
853
870
866
928
856
927
897
890
900
856
886
915
857
872
917
857
971
951
894
958
893
948
992
948
918
941
953
952
893
897
953
984
983
928
930
917
940
948
1020
1036
988
973
993
988
1000
998
923
1021
1061
969
996
988
979
1021
1000
1028
1010
984
1066
1080
1081
1062
999
1013
1085
1015
992
1020
1030
1045
979
1046
1020
1091
1054
1020
1027
1019
1039
1063
1031
1055
1024
1086
1089
1040
1018
1066
1019
979
1109
1073
1017
1009
1071
1036
1048
1082
1066
1081
1051
1018
1059
1009
1005
1041
1004
1031
1042
1018
1097
1056
1083
1018
1020
1036
1050
941
1001
1002
1006
1030
1029
1041
1027
1007
1061
1014
1033
1088
948
1062
1058
980
1022
960
993
1032
1026
953
971
987
1014
1000
922
1001
936
946
996
952
945
994
994
905
984
903
959
946
926
952
949
877
927
909
888
914
895
958
874
871
892
875
910
839
871
835
847
903
869
854
801
855
805
871
833
805
813
862
805
763
803
763
815
768
754
764
761
747
775
735
721
716
716
737
785
758
717
712
715
728
686
716
735
704
696
702
687
665
645
702
614
655
669
612
625
586
624
599
601
568
611
587
570
576
601
553
615
563
583
535
558
624
515
594
524
514
542
526
515
481
499
464
520
493
510
483
515
489
493
460
442
476
501
467
491
415
450
428
455
448
436
444
407
481
377
392
413
406
396
397
410
417
387
385
365
372
371
404
376
363
359
351
366
351
321
313
337
313
312
316
313
334
315
312
335
321
320
286
335
313
300
268
280
295
276
317
282
250
281
273
293
276
271
306
284
263
279
263
276
266
257
304
253
271
254
233
245
229
234
258
252
234
242
278
239
262
223
238
254
219
255
254
236
237
220
229
204
225
224
219
236
247
211
203
225
231
230
199
217
232
198
241
218
232
204
225
217
217
246
235
219
219
224
216
207
227
231
220
244
226
218
219
207
232
242
221
229
200
203
238
234
202
200
214
229
248
228
240
240
221
235
205
263
252
239
269
238
236
275
254
231
249
235
259
246
236
214
230
274
262
235
230
264
263
252
248
261
270
240
271
281
265
273
257
278
269
268
276
274
293
287
280
287
256
273
302
285
285
314
276
311
297
299
318
313
297
357
272
293
306
315
320
326
305
333
343
323
325
336
327
316
352
347
335
374
326
360
349
356
370
340
357
371
371
380
368
379
393
415
364
381
366
416
402
392
420
390
381
402
421
430
411
403
412
406
430
461
426
482
453
456
469
437
423
473
487
434
453
465
471
463
517
461
475
499
509
501
472
514
472
498
525
475
474
510
573
509
554
505
526
541
520
538
588
560
496
559
540
571
532
572
535
589
564
611
548
596
593
593
596
603
611
577
622
582
628
607
549
615
677
593
645
641
631
646
579
664
633
645
615
644
672
627
651
673
662
721
643
685
689
680
642
645
686
705
673
732
689
687
708
706
736
743
703
693
724
688
713
741
737
761
766
741
753
749
725
741
757
740
772
767
734
720
763
789
825
818
743
783
801
816
802
824
818
814
770
778
774
754
785
806
799
773
823
810
838
798
845
873
851
786
842
807
784
811
800
838
810
828
870
848
792
830
864
776
856
819
813
847
854
840
858
880
819
860
831
826
878
839
878
875
853
852
825
797
833
850
855
822
860
894
884
801
842
884
847
895
854
925
852
796
841
855
836
810
851
839
879
871
867
871
794
858
875
827
814
872
880
871
846
879
773
819
837
847
861
859
823
813
788
886
816
828
816
818
757
802
826
806
814
723
831
774
805
797
773
807
752
768
807
784
767
731
744
735
777
795
754
788
768
741
757
698
762
750
737
683
728
762
758
712
702
754
689
684
692
694
695
691
695
717
659
687
649
651
679
687
684
621
681
645
636
611
604
624
627
634
581
633
631
614
552
614
572
602
590
587
572
580
592
592
574
525
591
556
532
538
560
568
539
556
521
493
537
514
521
515
496
501
492
515
479
476
495
456
476
457
462
481
461
421
500
437
409
409
432
426
426
414
403
422
402
446
413
387
374
388
396
385
392
343
382
384
356
353
342
370
309
350
326
347
351
312
314
296
308
283
319
336
339
318
286
286
276
303
285
259
288
287
288
285
277
244
264
236
264
273
249
243
249
220
218
237
230
224
218
221
229
213
201
209
228
219
208
171
173
208
164
194
186
192
177
158
177
181
175
173
158
157
166
152
176
140
156
162
138
153
151
125
136
147
124
131
142
137
132
132
129
123
129
118
122
116
111
112
109
100
112
114
124
98
110
94
90
86
109
119
114
103
97
83
76
68
83
105
75
80
72
72
71
75
99
83
62
77
80
64
86
70
74
76
64
70
61
70
69
62
76
62
56
44
60
65
55
47
61
50
42
53
58
59
41
59
51
56
51
57
46
45
43
49
43
46
52
36
46
50
44
49
31
33
42
40
44
24
42
45
34
42
40
36
46
33
42
33
29
33
34
23
40
30
29
22
38
36
31
30
24
21
32
19
27
29
25
17
28
26
28
30
28
23
33
26
30
19
27
19
18
26
27
23
17
23
23
18
20
21
25
22
20
23
20
22
19
25
27
23
20
13
19
21
21
17
21
15
22
14
18
19
22
11
19
15
20
19
16
26
19
12
25
15
17
12
15
21
20
20
14
23
16
18
18
16
20
19
17
12
17
20
19
24
11
11
22
13
12
19
10
18
13
13
13
19
16
14
15
21
8
16
13
13
16
21
13
19
14
11
13
12
21
20
22
16
14
13
11
13
18
21
15
11
8
13
9
19
20
13
7
19
10
22
12
16
14
11
16
10
14
15
10
17
11
9
15
12
12
17
11
9
10
14
12
18
13
14
22
16
12
14
22
16
12
24
14
14
13
20
11
13
14
16
22
13
9
7
10
13
9
13
17
14
16
14
10
18
8
7
11
9
15
13
13
11
18
12
9
15
14
14
7
15
15
9
11
14
13
10
9
15
16
14
11
11
12
5
8
15
13
11
9
14
9
19
10
8
15
14
10
9
11
11
9
11
10
9
18
17
19
12
8
11
13
13
8
12
8
11
10
13
5
12
12
9
11
10
7
16
13
11
13
10
12
8
11
8
15
7
11
15
11
10
9
10
8
5
12
10
8
7
14
13
10
14
12
16
8
11
13
12
15
8
4
5
10
10
11
11
8
5
14
8
11
5
11
14
9
12
10
12
6
9
7
8
8
9
5
7
11
8
11
10
9
8
9
8
6
11
11
10
9
8
10
11
5
14
9
12
7
10
8
5
10
10
16
8
11
12
15
12
13
8
14
10
11
10
7
11
12
12
17
10
9
11
13
5
11
15
9
11
11
10
10
6
6
14
11
13
12
11
12
12
11
9
5
9
8
11
11
11
14
10
11
5
11
11
11
14
17
15
12
16
9
12
11
13
7
12
10
10
5
8
11
10
9
7
9
14
7
6
9
7
12
17
10
9
5
9
11
13
17
10
13
14
10
10
10
7
12
8
9
9
15
10
7
8
9
8
10
14
4
6
13
5
7
7
14
9
9
11
13
7
11
13
4
11
5
12
9
17
9
7
9
9
6
6
12
9
14
5
9
7
6
13
12
11
5
14
17
6
13
10
9
6
7
9
8
6
6
8
3
8
10
11
14
6
13
14
8
8
12
6
8
12
13
9
9
7
6
13
4
8
3
14
7
10
7
15
7
5
20
9
8
15
14
16
9
13
15
9
6
9
15
5
15
11
8
17
8
4
9
9
5
10
8
8
10
16
5
12
11
9
10
8
4
7
9
11
7
12
14
10
11
11
10
6
7
13
5
9
11
9
10
7
8
11
13
8
8
8
13
7
11
10
10
5
4
9
10
10
9
12
11
10
8
10
10
12
7
9
4
11
10
5
8
13
7
6
10
18
10
8
14
13
14
11
6
10
4
10
14
9
10
8
10
7
6
9
12
11
6
7
14
12
5
8
7
6
7
11
6
5
17
9
6
6
6
8
12
10
6
13
8
6
12
7
7
8
3
7
8
4
9
10
11
4
9
10
6
10
8
11
7
11
5
8
6
12
6
10
10
7
12
13
5
6
6
11
5
11
11
9
10
8
8
4
11
9
9
11
11
13
8
1
5
12
16
10
10
9
10
11
6
8
7
11
6
9
5
10
4
7
11
7
9
11
3
18
5
10
7
6
15
7
7
10
12
11
10
8
8
13
12
9
14
9
7
7
7
5
6
7
7
4
9
2
12
5
12
7
10
13
9
6
13
5
10
7
8
11
7
2
8
9
10
6
5
4
10
9
6
12
4
8
3
8
7
15
14
6
8
5
9
9
6
5
3
3
9
10
7
11
13
6
3
3
10
8
7
12
6
9
8
8
8
5
9
3
7
5
7
7
9
6
12
8
11
9
5
8
11
5
5
8
4
9
8
14
5
8
6
3
12
8
12
10
6
13
3
8
8
4
10
14
8
7
5
15
3
6
15
8
10
8
8
8
9
7
8
9
7
6
11
8
8
6
7
6
5
10
6
6
10
5
12
10
7
9
9
6
6
4
10
8
7
6
9
8
9
4
9
6
9
14
5
9
5
8
5
5
8
4
7
11
8
5
11
7
12
8
8
3
10
7
11
5
5
8
4
11
5
8
7
6
8
10
8
5
3
6
7
8
12
7
6
7
10
8
9
7
10
9
11
9
1
8
8
6
10
7
5
6
8
7
8
9
10
6
5
7
10
6
4
7
7
9
15
10
11
8
9
10
7
12
12
9
8
8
2
9
8
7
8
8
7
9
6
6
8
11
9
5
4
9
3
7
9
9
6
6
8
6
7
6
4
6
9
3
7
8
5
6
10
7
3
9
3
7
11
3
6
9
2
7
7
7
4
8
12
5
7
10
6
10
8
7
8
8
6
10
5
7
9
2
7
11
5
8
7
11
8
4
4
10
7
7
8
3
5
10
7
3
11
3
9
9
8
4
8
7
10
10
6
10
9
5
2
11
3
5
4
10
5
10
9
7
6
5
13
8
1
11
10
8
5
9
6
11
7
6
5
10
9
6
6
5
7
5
5
9
4
7
7
11
8
15
3
5
10
9
3
10
13
11
5
7
7
6
2
6
4
4
7
10
8
7
9
5
4
8
2
8
1
12
6
10
9
8
8
7
6
7
9
7
6
6
11
8
5
4
9
6
8
2
9
7
7
5
5
13
5
5
8
6
9
8
7
8
10
5
10
5
7
5
5
4
6
3
11
9
6
5
7
8
10
7
4
6
4
4
6
6
8
3
6
7
8
9
3
4
4
4
8
8
8
4
5
4
4
14
5
5
7
5
10
6
3
7
3
7
7
6
6
6
3
7
7
5
6
4
3
7
12
9
5
5
11
6
8
5
7
9
11
7
8
13
8
8
9
7
15
9
6
12
8
10
5
9
10
11
5
10
12
7
8
15
12
13
18
16
20
10
15
20
37
25
27
20
32
40
50
46
47
55
60
53
80
73
101
92
112
119
114
131
153
144
161
183
206
227
204
229
220
216
216
248
236
230
197
234
281
234
283
269
256
316
300
323
302
288
339
360
331
290
290
253
199
161
100
60
43
32
19
11
16
18
9
10
11
8
7
8
7
5
10
21
11
22
16
19
13
6
1
2
0
0
0
1
0
0
0
0
0
0
0
0
0
0
0
0
0
0
0
0
0
0
0
0
0
0
0
0
0
0
0
0
0
0
0
0
0
0
0
0
0
0
0
0
0
0
0
0
0
0
0
0
0
0
0
0
0
0
0
0
0
0
0
0
0
0
0
1
0
0
0
0
0
0
0
0
0
0
0
0
0
1
0
0
0
0
0
0
0
0
0
0
0
0
0
0
0
0
0
0
0
0
0
0
0
0
0
0
0
0
0
0
0
0
1
0
0
0
0
0
1
0
0
0
0
0
0
0
0
0
0
0
0
0
0
0
0
0
0
0
0
0
0
0
0
0
0
0
0
0
0
2
1
0
0
0
0
0
0
0
1
0
0
0
0
1
0
0
0
0
0
0
0
0
0
0
0
0
0
0
0
0
0
0
2
0
0
0
0
0
0
0
1
0
0
3
0
0
0
0
0
0
0
0
0
0
1
0
0
0
0
0
0
0
0
0
0
0
0
0
0
0
0
0
0
0
0
0
0
0
0
0
0
0
0
0
0
0
0
0
0
0
0
0
0
0
0
0
0
0
0
0
0
0
0
0
0
0
0
0
0
0
0
0
0
0
0
0
0
0
0
0
0
0
0
0
0
0
0
0
0
0
0
0
0
0
0
0
0
0
0
0
0
0
0
0
0
0
0
0
0
0
0
0
0
0
0
0
0
0
0
0
0
0
0
0
0
0
0
0
0
0
0
0
0
0
0
0
0
0
0
0
0
0
0
0
0
0
0
0
0
0
0
0
0
0
0
0
0
0
0
0
0
0
0
0
0
0
0
0
0
0
0
0
0
0
0
0
0
0
0
0
0
0
0
0
0
0
0
0
0
0
0
0
0
0
0
0
0
0
0
0
0
0
0
0
0
0
0
0
0
0
0
0
0
0
0
0
0
0
0
0
0
0
0
0
0
0
0
0
0
0
0
0
0
0
0
0
0
0
0
0
0
0
0
0
0
0
0
0
0
0
0
0
0
0
0
0
0
0
0
0
0
0
0
0
0
0
0
0
0
0
0
0
0
0
0
0
0
0
0
0
0
0
0
0
0
0
0
0
0
0
0
0
0
0
0
0
0
0
0
0
0
0
0
0
0
0
0
0
0
0
0
0
0
0
0
0
0
0
0
0
0
0
0
0
0
0
0
0
0
0
0
0
0
0
0
0
0
0
0
0
0
0
0
0
0
0
0
0
0
0
0
0
0
0
0
0
0
0
0
0
0
0
0
0
0
0
0
0
0
0
0
0
0
0
0
0
0
0
0
0
0
0
0
0
0
0
0
0
0
0
0
0
0
0
0
0
0
0
0
0
0
0
0
0
0
0
0
0
0
0
0
0
0
0
0
0
0
0
0
0
0
0
0
0
0
0
0
0
0
0
0
0
0
0
0
0
0
0
0
0
0
0
0
0
0
0
0
0
0
0
0
0
0
0
0
0
0
0
0
0
0
0
0
0
0
0
0
0
0
0
0
0
0
0
0
0
0
0
0
0
0
0
0
0
0
0
0
0
0
0
0
0
0
0
0
0
0
0
0
0
0
0
0
0
0
0
0
0
0
0
0
0
0
0
0
0
0
0
0
0
0
0
0
0
0
0
0
0
0
0
0
0
0
0
0
0
0
0
0
0
0
0
0
0
0
0
0
0
0
0
0
0
0
0
0
0
0
0
0
0
0
0
0
0
0
0
0
0
0
0
0
0
0
0
0
0
0
0
0
0
0
0
0
0
0
0
0
0
0
0
0
0
0
0
0
0
0
0
0
0
0
0
0
0
0
0
0
0
0
0
0
0
0
0
0
0
0
0
0
0
0
0
0
0
0
0
0
0
0
0
0
0
0
0
0
0
0
0
0
0
0
0
0
0
0
0
0
0
0
0
0
0
0
0
0
0
0
0
0
0
0
0
0
0
0
0
0
0
0
0
0
0
0
0
0
0
0
0
0
0
0
0
0
0
0
0
0
0
0
0
0
0
0
0
0
0
0
0
0
0
0
0
0
0
0
0
0
0
0
0
0
0
0
0
0
0
0
0
0
0
0
0
0
0
0
0
0
0
0
0
0
0
0
0
0
0
0
0
0
0
0
0
0
0
0
0
0
0
0
0
0
0
0
0
0
0
0
0
0
0
0
0
0
0
0
0
0
0
0
0
0
0
0
0
0
0
0
0
0
0
0
0
0
0
0
0
0
0
0
0
0
0
0
0
0
0
0
0
0
0
0
0
0
0
0
0
0
0
0
0
0
0
0
0
0
0
0
0
0
0
0
0
0
0
0
0
0
0
0
0
0
0
0
0
0
0
0
0
0
0
0
0
0
0
0
0
0
0
0
0
0
0
0
0
0
0
0
0
0
0
0
0
0
0
0
0
0
0
0
0
0
0
0
0
0
0
0
0
0
0
0
0
0
0
0
0
0
0
0
0
0
0
0
0
0
0
0
0
0
0
0
0
0
0
0
0
0
0
0
0
0
0
0
0
0
0
0
0
0
0
0
0
0
0
0
0
0
0
0
0
0
0
0
0
0
0
0
0
0
0
0
1
0
1
0
1
0
0
2
0
0
2
0
1
0
1
0
2
0
0
0
1
0
0
0
0
2
0
1
0
0
3
0
1
1
0
1
0
1
0
1
2
2
0
2
1
1
0
1
1
1
5
1
1
2
0
2
0
0
4
3
2
0
1
1
1
2
1
2
2
1
0
0
1
1
0
3
2
1
0
6
4
1
5
1
2
0
3
2
1
1
3
3
4
2
2
8
5
3
7
3
3
10
6
7
3
6
12
11
7
5
13
11
18
18
12
18
12
19
16
17
12
10
16
29
22
33
37
36
