13
18
15
28
17
11
18
25
19
23
28
35
31
26
27
30
24
28
31
27
32
35
35
42
38
43
36
37
32
32
40
43
42
43
40
43
46
40
55
43
43
49
39
47
42
34
48
36
37
38
38
33
44
41
20
38
49
33
37
52
41
42
40
31
54
51
50
44
49
44
35
33
52
38
50
48
57
55
55
43
51
51
49
50
49
59
46
44
54
57
41
56
52
43
66
72
63
73
72
69
73
64
90
72
76
85
83
86
72
90
98
92
104
97
76
99
101
78
75
76
99
80
66
78
91
69
75
85
68
81
88
75
61
67
63
59
59
55
69
54
58
48
58
37
53
48
59
54
57
37
55
58
46
39
62
41
32
44
32
48
60
48
40
54
53
50
43
33
33
47
35
40
52
40
32
34
42
43
43
38
42
44
40
41
45
56
47
28
46
43
44
38
36
42
39
28
45
52
40
46
33
33
48
46
45
34
56
42
51
46
46
43
43
46
51
46
38
49
48
51
56
53
37
47
42
48
40
57
51
49
40
50
47
54
37
50
59
43
60
45
56
55
52
43
39
46
42
42
48
47
52
45
40
51
54
61
59
37
30
49
53
56
55
57
53
57
54
61
44
50
50
38
47
57
52
45
54
49
39
51
42
59
49
51
48
54
55
50
56
49
47
62
49
37
62
69
55
59
58
62
45
58
51
50
53
50
57
56
52
52
56
69
61
69
59
68
59
70
57
65
56
44
59
52
66
44
69
57
49
51
51
57
51
56
48
59
66
48
54
52
67
51
51
54
51
52
58
51
65
55
57
59
57
53
49
58
59
57
57
67
53
58
58
52
58
40
52
55
48
52
59
50
68
54
54
57
54
58
55
57
60
59
47
60
50
55
61
60
60
56
53
66
53
65
66
55
60
59
51
56
47
54
46
55
64
55
57
63
56
57
49
63
59
52
48
61
60
58
72
53
67
47
51
48
65
52
43
82
65
66
60
52
57
52
58
52
58
44
66
62
59
50
70
51
59
46
43
55
60
53
50
66
64
50
51
53
60
70
58
66
62
57
58
54
70
60
68
70
65
66
55
59
62
56
72
59
57
65
60
63
67
57
58
52
61
50
61
65
58
76
58
50
57
57
66
50
53
57
57
69
66
60
63
51
57
50
50
60
59
46
50
69
53
58
55
57
54
61
67
59
58
64
53
57
71
60
59
82
55
74
49
74
56
70
57
60
56
47
56
59
60
58
69
57
69
60
54
60
71
59
63
65
78
60
57
54
71
60
61
51
60
50
58
54
55
54
58
57
63
57
69
63
59
61
41
52
58
67
64
53
56
68
50
63
57
72
61
57
65
70
51
42
67
54
65
59
64
51
62
74
48
66
69
55
58
55
65
57
56
64
57
57
62
58
63
51
50
60
69
59
63
53
47
61
50
58
55
53
66
64
44
59
67
48
46
73
48
54
59
58
49
71
60
56
66
69
63
60
74
63
65
58
61
51
51
42
58
58
63
58
56
58
69
58
61
57
56
46
53
57
69
61
61
51
49
70
44
56
52
51
49
58
70
72
58
57
66
57
68
63
71
60
65
70
52
64
55
55
65
56
65
58
78
51
61
63
58
50
64
62
68
66
59
62
56
66
55
53
81
70
58
52
65
58
75
65
68
56
74
57
58
59
57
64
56
59
64
77
63
67
79
74
74
46
64
71
62
73
71
71
71
56
66
61
62
65
64
62
66
58
59
64
68
74
77
67
68
58
73
75
53
56
77
84
71
80
61
73
76
78
68
81
87
65
79
64
88
63
59
82
78
89
62
77
75
66
72
86
79
84
87
81
70
66
68
81
79
80
100
67
73
78
98
72
89
84
72
69
74
87
76
90
80
76
83
74
70
87
86
82
85
64
83
64
65
80
77
84
67
78
97
91
84
78
70
81
100
81
82
73
66
85
68
94
86
93
83
94
70
71
71
88
67
76
77
63
93
83
74
79
74
65
74
65
80
67
79
85
69
84
71
76
60
88
66
63
78
77
72
53
71
79
63
70
60
76
61
72
74
59
71
68
71
76
70
79
73
74
48
80
70
77
69
73
62
56
68
59
63
72
73
62
78
64
81
74
48
75
59
69
81
53
58
59
71
59
72
63
62
74
61
70
67
54
76
71
68
54
61
60
61
42
47
60
69
64
63
58
59
68
75
58
77
48
57
65
63
66
70
58
71
71
58
51
71
50
54
68
72
53
64
64
58
73
59
55
56
66
64
53
68
48
48
65
58
62
52
55
56
52
49
55
70
58
58
58
55
68
57
60
55
60
65
55
56
53
45
52
58
57
56
49
42
49
53
53
46
50
58
70
49
45
50
60
60
53
50
55
55
71
53
54
62
49
56
50
55
46
46
60
54
58
54
55
54
58
51
40
59
46
63
54
47
52
67
50
49
51
56
48
48
50
54
65
54
49
52
43
46
37
41
53
53
45
54
45
49
47
52
54
57
36
59
62
72
53
64
48
55
38
47
39
41
47
65
42
49
46
47
47
53
40
56
46
64
58
43
50
35
55
50
49
48
40
55
44
49
47
63
44
51
52
47
40
44
66
48
53
51
54
52
50
40
42
38
43
54
56
38
44
36
46
46
44
55
49
47
56
48
56
39
54
33
38
55
41
48
38
44
42
42
34
51
53
54
35
50
41
34
44
42
53
43
53
45
41
47
42
44
44
49
38
44
33
53
47
47
40
40
45
55
48
45
50
48
58
30
49
65
58
44
47
51
46
44
43
44
48
48
44
37
44
45
52
42
46
52
45
40
43
39
39
40
37
34
39
41
51
24
51
43
30
39
43
27
42
40
36
46
53
43
45
43
52
48
45
44
37
44
37
52
41
42
53
64
44
51
47
39
44
46
32
36
47
42
45
48
43
44
44
29
43
39
48
42
42
46
43
41
42
47
54
45
35
49
40
48
42
35
43
44
47
46
45
41
42
51
47
46
39
41
42
41
41
39
39
51
32
44
39
49
28
43
35
45
40
42
46
26
52
42
35
36
38
41
41
37
45
44
37
42
58
40
41
26
36
41
45
39
39
42
44
36
40
40
40
38
48
33
32
40
36
45
49
45
53
40
38
36
49
42
54
53
46
39
44
48
41
40
36
40
35
42
54
40
33
34
55
30
34
46
31
37
34
43
48
38
38
36
50
28
53
36
26
31
43
41
32
37
31
48
51
57
48
56
45
45
44
49
42
43
43
44
46
35
39
50
42
39
44
34
44
38
38
49
42
35
36
43
54
42
29
36
42
40
33
40
30
44
46
41
36
39
50
45
50
39
47
40
44
37
43
39
56
36
37
40
52
29
35
36
35
34
34
30
54
41
44
48
35
53
32
41
38
40
45
44
50
48
40
46
38
46
37
34
35
39
30
47
36
44
43
38
37
38
30
45
35
42
40
35
38
52
33
45
55
38
37
40
33
46
33
37
38
43
40
42
56
41
41
35
41
38
41
48
43
41
55
40
43
31
45
39
34
47
31
30
46
36
34
45
43
49
54
53
47
48
56
26
44
28
41
28
37
44
24
38
32
41
43
39
38
26
41
43
47
38
30
29
27
31
40
32
41
46
47
37
40
38
38
36
44
41
50
41
40
42
32
31
32
37
46
44
39
30
33
37
36
49
33
54
34
27
40
32
43
43
38
34
42
28
30
37
43
24
43
36
40
34
42
41
31
41
48
32
42
45
30
48
31
39
30
33
41
42
37
34
28
42
42
53
39
41
38
40
43
44
36
48
46
36
41
23
25
35
32
40
35
37
30
39
43
36
29
40
42
36
44
42
38
48
35
35
51
48
31
32
32
41
35
33
39
39
40
29
49
39
52
40
40
32
48
37
39
39
41
52
45
34
41
42
45
54
46
33
34
39
41
46
36
26
33
34
31
40
43
40
28
51
39
61
34
41
45
43
34
37
34
39
39
39
38
41
52
32
48
36
45
39
49
44
38
24
47
40
32
32
35
34
37
27
33
31
31
28
34
36
37
41
35
42
45
42
50
35
42
47
47
38
49
45
31
37
32
45
56
36
39
35
28
53
48
43
54
31
39
32
31
39
51
49
38
38
28
29
41
50
36
37
41
34
37
30
35
42
43
27
54
43
48
46
35
27
31
38
27
48
44
45
37
43
32
34
34
40
37
50
29
27
50
40
36
46
29
36
40
54
35
43
40
37
38
39
28
34
33
32
31
47
35
30
44
41
43
35
47
49
42
44
34
40
47
41
32
45
36
30
42
44
34
48
36
28
45
40
31
27
27
32
40
43
35
38
39
25
34
39
35
50
29
28
36
43
40
26
32
30
36
39
33
29
31
34
37
41
32
50
33
43
34
33
39
24
34
37
34
36
42
37
39
40
36
42
39
39
39
40
28
29
33
33
36
32
29
42
36
22
27
34
29
37
43
35
31
34
30
34
26
26
27
20
41
24
37
35
22
32
31
28
39
21
37
31
28
29
29
33
39
32
31
35
27
19
25
23
37
27
19
36
28
29
26
36
21
27
28
46
34
30
26
26
23
31
19
43
29
27
19
22
30
27
34
25
33
31
26
19
31
26
21
29
29
30
24
30
22
24
29
25
21
24
20
26
30
28
23
33
20
22
23
25
29
17
34
31
28
27
22
24
21
21
23
21
22
24
16
23
19
24
21
25
29
32
24
24
18
25
26
23
20
24
26
20
23
18
22
18
23
15
20
20
27
12
18
23
16
25
30
22
18
16
16
23
14
18
32
17
21
18
17
19
18
10
13
22
21
19
22
21
17
18
14
22
20
15
16
20
15
16
19
19
13
12
19
15
16
26
14
16
20
15
14
15
18
21
14
13
14
18
19
22
16
13
14
22
12
11
16
12
18
20
26
13
13
17
10
10
14
24
12
12
14
15
17
18
16
14
15
17
14
18
20
20
13
12
13
16
12
9
9
13
19
11
12
12
10
22
17
9
13
11
2
10
16
16
10
9
14
12
10
8
9
24
13
20
7
16
14
9
18
13
16
14
12
15
16
14
16
14
11
10
8
9
12
11
19
10
9
9
12
9
16
10
12
12
10
9
11
11
18
16
12
11
16
15
14
8
14
6
17
12
13
8
12
22
15
15
13
16
15
10
14
10
12
10
4
12
9
13
13
5
12
14
9
13
5
11
8
14
7
10
13
10
20
17
12
18
8
12
15
10
6
9
13
10
12
14
12
8
8
11
20
19
18
8
17
12
7
10
5
18
8
13
11
7
9
7
6
7
13
12
12
9
9
9
9
13
9
22
15
12
13
13
9
12
8
10
8
16
11
10
15
17
12
8
7
14
13
15
8
6
13
12
14
14
12
10
7
14
12
7
16
13
12
8
13
15
14
15
9
9
6
8
9
5
13
13
8
6
10
14
11
11
12
12
13
6
14
7
13
15
11
14
14
14
8
7
12
15
6
8
18
9
12
14
10
12
6
9
11
13
18
7
13
7
12
10
13
9
15
11
7
11
15
11
9
7
14
11
15
7
14
8
16
13
11
7
11
5
12
9
13
16
9
5
7
16
11
13
13
12
11
20
13
9
13
12
12
20
13
15
9
8
15
9
12
12
15
15
8
14
13
13
12
5
12
14
15
11
12
16
10
9
6
9
12
11
13
12
9
21
16
15
25
9
19
8
16
9
11
7
12
8
17
17
14
7
18
7
10
11
10
13
11
15
22
9
10
13
15
11
8
13
16
10
11
9
18
15
19
15
12
20
15
16
8
13
16
10
20
12
17
21
15
13
16
15
16
21
21
19
24
11
12
14
16
15
15
19
16
20
13
19
25
22
15
16
15
22
13
15
18
24
22
20
13
18
20
11
21
11
18
13
17
18
22
31
21
22
25
29
23
26
23
19
25
21
24
21
24
22
22
22
29
13
31
16
23
25
25
30
20
29
22
19
31
29
36
20
19
25
30
18
31
24
21
35
33
36
29
19
32
28
27
25
36
31
34
27
35
29
35
33
39
34
38
33
36
37
41
36
30
33
31
32
41
35
33
48
42
35
34
40
41
41
35
37
47
56
57
50
41
48
61
48
44
70
50
50
50
62
51
66
61
48
52
57
54
65
49
53
55
58
63
54
62
60
60
63
70
62
64
55
66
62
69
68
66
62
78
61
65
76
74
77
86
86
76
75
84
79
91
88
78
85
96
98
95
68
83
92
84
102
89
100
90
91
94
89
101
79
106
111
102
87
101
119
120
96
122
113
87
116
93
99
120
136
127
116
124
134
113
102
109
107
103
129
126
138
117
137
126
142
138
151
130
140
148
137
129
128
151
134
135
147
145
157
157
163
138
127
143
168
158
147
161
141
155
148
176
156
175
154
168
173
178
157
173
150
177
147
156
171
159
200
174
161
181
174
161
153
169
169
181
184
192
188
182
172
156
196
177
185
158
196
187
177
193
200
177
169
178
165
174
180
186
188
178
176
204
195
192
184
151
187
168
177
182
187
160
182
176
167
197
169
205
161
169
179
165
157
176
164
189
179
191
173
168
180
173
149
165
163
148
170
156
189
176
152
154
163
182
149
176
156
136
149
158
146
162
165
162
163
169
158
127
125
133
154
135
135
130
125
161
127
126
150
121
133
134
128
126
134
98
126
128
125
112
130
122
119
117
125
106
119
101
114
102
111
112
122
99
93
104
105
87
101
110
105
97
99
106
99
92
101
74
80
82
86
87
101
68
72
72
70
81
78
72
67
69
70
63
74
68
59
59
50
54
61
68
60
49
54
57
49
61
44
56
62
57
39
59
50
53
60
29
47
46
46
40
44
38
43
51
31
44
39
43
37
27
31
35
28
28
32
27
26
35
31
24
23
17
20
30
25
17
17
25
21
30
19
20
20
31
24
18
20
23
26
17
21
8
19
14
15
14
17
16
12
6
13
16
15
5
15
9
12
9
8
8
8
5
14
12
10
9
9
8
9
9
12
13
7
5
9
4
9
9
7
5
7
9
4
7
6
7
5
7
5
4
7
2
6
4
10
3
5
6
4
4
8
3
9
5
5
4
3
1
4
5
5
2
4
4
4
2
5
3
1
0
1
1
2
3
1
2
2
4
4
3
3
0
5
0
0
3
2
1
1
1
3
3
1
0
2
4
0
2
3
2
2
2
1
3
5
2
2
1
3
2
1
2
2
1
1
1
1
4
0
4
1
1
3
1
1
2
0
4
5
0
0
0
5
1
1
1
2
0
0
0
0
2
1
2
2
3
1
1
1
0
0
1
1
1
2
1
1
2
0
0
0
0
1
0
1
1
2
2
1
0
1
2
0
1
0
3
3
1
4
3
2
0
3
0
5
1
1
0
1
0
1
0
1
0
0
1
1
0
1
0
0
1
0
0
1
1
2
1
2
1
1
1
3
1
1
0
1
1
0
2
1
0
0
3
0
0
0
1
1
0
0
1
3
0
1
0
1
1
1
1
3
0
2
1
0
0
1
1
3
0
1
2
0
0
1
1
1
0
2
0
1
4
2
1
1
0
0
0
1
3
2
2
1
1
1
0
1
1
1
1
0
3
2
1
1
1
0
0
1
1
2
3
1
1
2
1
1
0
0
2
2
1
0
0
1
1
4
2
0
2
1
2
0
0
0
0
1
0
1
1
1
2
0
1
1
1
0
1
0
0
2
1
2
1
1
0
0
3
1
2
1
1
2
1
0
0
0
1
0
1
1
0
1
1
2
0
2
0
1
0
2
1
1
2
2
1
1
0
0
4
0
1
0
2
1
1
2
0
0
2
1
2
1
0
2
0
2
1
1
1
1
0
1
0
0
1
0
1
2
0
1
1
1
2
2
2
1
0
0
2
1
2
2
0
0
2
1
1
0
0
0
2
1
2
2
1
1
0
1
2
1
2
1
1
1
1
2
0
1
2
0
0
0
0
1
0
1
0
2
1
2
1
0
1
1
1
2
0
0
1
0
1
2
1
1
2
1
0
2
0
1
0
1
1
0
2
0
0
0
0
0
1
1
0
1
0
2
2
0
0
1
1
0
0
0
3
0
1
0
1
0
1
1
1
1
1
1
1
0
0
1
2
0
1
2
0
1
3
0
1
0
0
0
1
0
1
1
0
2
1
3
0
0
2
0
1
1
0
2
1
0
1
1
2
1
3
0
1
0
0
0
0
1
0
0
0
0
1
2
0
1
0
0
0
1
2
0
1
0
1
0
0
0
1
0
2
0
1
0
0
1
1
1
2
2
0
0
0
0
2
1
2
2
0
0
1
1
1
0
0
0
0
0
2
3
0
1
0
0
1
1
0
3
2
1
0
1
2
0
2
0
0
0
0
1
0
1
0
0
2
2
2
1
0
2
1
0
2
2
1
2
1
0
0
2
2
3
0
2
1
1
0
0
0
0
0
0
1
0
0
1
0
1
2
1
1
0
2
1
0
1
0
0
2
1
0
0
0
1
2
1
2
1
0
0
1
0
0
1
0
0
1
0
1
0
1
3
0
0
1
1
2
0
1
0
2
0
0
1
0
0
1
1
1
1
2
1
1
0
0
0
1
1
1
2
2
1
0
2
1
0
1
1
2
1
0
1
0
1
0
0
0
0
2
0
0
0
2
0
0
1
0
2
1
0
1
1
0
0
0
2
1
1
0
1
1
1
1
0
0
0
1
0
1
1
1
2
1
0
0
1
1
0
0
0
1
0
2
3
1
2
2
0
1
1
0
0
1
0
1
2
1
2
3
0
0
2
0
0
0
2
1
2
0
0
1
1
0
0
1
1
1
1
1
2
0
3
2
2
0
0
1
6
0
1
1
1
0
0
1
2
0
0
1
0
0
2
1
1
0
0
1
4
1
2
0
1
0
2
2
2
3
0
1
0
1
0
0
1
0
1
1
0
2
1
0
2
0
0
1
0
1
2
1
0
1
0
2
0
0
2
0
1
1
0
1
0
4
2
0
1
0
1
0
0
1
2
0
2
0
1
1
1
0
1
0
1
0
1
1
0
1
1
0
1
0
0
0
0
1
1
0
0
0
2
0
1
0
2
0
0
0
1
1
2
1
1
1
1
1
1
1
0
0
2
1
0
0
0
0
1
2
1
2
1
1
0
0
1
0
0
2
1
1
2
0
0
0
1
2
0
0
1
0
1
0
0
0
1
0
0
1
1
1
0
0
1
1
1
0
2
1
0
0
0
1
0
1
1
0
0
1
1
0
0
0
0
2
2
1
0
0
0
1
0
0
2
0
1
1
1
0
0
0
0
0
2
0
2
0
1
1
0
0
0
0
1
2
0
0
3
1
0
1
1
0
1
0
0
0
1
0
2
0
0
0
0
0
1
2
0
1
1
0
1
1
1
2
1
0
0
0
0
1
0
1
0
1
1
1
2
1
3
1
0
0
0
0
0
0
1
1
1
0
0
1
0
0
1
0
1
1
0
2
1
0
0
0
1
0
1
0
0
2
0
0
0
1
0
0
0
0
0
0
1
1
0
1
0
0
0
0
3
0
2
0
0
2
1
2
2
0
1
0
0
0
0
0
2
0
0
0
0
0
2
1
0
1
1
0
1
2
1
0
0
1
0
1
2
1
0
1
1
0
1
0
1
0
0
1
0
0
1
0
1
1
0
0
0
0
1
1
0
1
1
0
0
2
2
0
0
1
0
1
0
0
0
2
0
1
0
1
1
0
0
0
1
1
1
0
0
0
0
1
1
1
0
0
0
0
1
1
0
1
0
1
1
2
1
1
1
0
0
1
1
1
0
0
1
0
0
0
2
0
0
0
2
1
0
0
4
0
0
0
0
1
1
1
0
0
1
1
0
0
0
0
0
1
0
1
0
0
1
1
0
0
1
0
1
1
1
0
0
2
0
0
0
2
0
0
1
1
0
1
0
1
1
2
1
1
0
1
3
0
0
0
1
0
1
2
0
0
2
0
0
1
0
0
1
0
0
0
1
0
0
0
1
0
1
0
1
1
0
0
1
0
1
0
0
1
2
0
0
0
0
2
0
0
1
1
0
0
0
1
1
0
0
0
0
2
1
0
1
0
1
0
1
0
0
0
2
0
1
2
0
0
0
0
1
0
0
2
2
1
1
1
1
0
0
0
0
2
0
0
0
0
0
0
0
0
1
0
0
0
0
0
0
1
0
0
0
2
4
0
0
0
0
0
1
1
1
0
2
0
0
3
0
0
0
0
2
1
1
1
0
1
0
0
0
0
1
1
1
0
0
0
0
0
0
0
0
0
0
1
1
1
0
0
1
0
0
1
0
2
0
0
0
0
0
1
0
0
1
1
0
1
0
0
0
1
0
0
0
1
0
0
0
0
0
1
1
1
0
0
1
0
0
2
0
2
0
2
0
0
0
3
0
1
1
0
0
0
1
0
1
0
1
1
0
1
1
1
0
0
0
0
0
2
1
0
1
0
0
1
0
0
0
0
1
0
0
0
2
2
0
2
3
0
0
0
0
1
0
0
1
1
1
1
0
0
0
0
0
0
0
0
1
0
0
0
2
0
0
0
1
0
0
1
0
0
0
0
0
0
0
1
0
1
0
0
1
0
1
0
1
1
1
2
0
0
1
1
2
0
1
1
1
2
1
0
0
0
1
0
1
0
0
0
1
0
0
1
1
0
0
0
0
0
1
1
0
1
0
0
1
1
0
0
1
2
1
2
0
0
1
1
0
0
0
1
1
0
0
0
0
2
0
0
1
0
0
0
0
0
0
0
0
1
0
1
0
0
0
0
0
1
0
0
1
0
0
0
1
1
0
1
0
1
0
0
1
0
2
0
1
0
0
0
0
0
0
1
0
1
0
0
2
0
0
0
1
0
2
0
0
0
1
0
1
0
1
1
0
1
0
2
0
0
0
0
0
2
1
1
2
3
2
1
0
1
0
1
1
1
0
1
0
1
0
1
3
0
0
2
0
0
2
1
0
0
0
1
0
0
0
0
1
0
0
1
1
0
2
1
2
0
0
0
0
1
0
1
0
1
1
0
1
3
0
0
1
3
0
1
1
0
1
0
0
0
1
0
1
0
0
0
1
2
0
1
0
1
1
0
0
0
3
0
0
1
2
1
2
1
1
1
1
1
0
2
0
1
0
0
1
0
2
0
0
2
0
3
0
0
0
1
0
0
0
0
0
1
0
0
1
4
0
1
0
1
0
0
0
0
1
0
0
0
1
0
0
0
2
1
0
1
0
0
2
0
0
1
1
0
0
1
0
1
1
0
1
0
1
1
0
2
1
1
1
0
1
0
0
0
0
1
1
0
0
2
0
0
0
0
1
0
1
3
2
0
0
0
0
3
0
1
0
1
0
1
1
0
1
2
1
0
0
0
1
1
0
0
2
0
1
2
2
0
0
2
2
1
1
0
0
0
0
1
0
0
0
0
0
2
0
0
1
0
0
0
1
1
3
0
2
1
1
0
0
0
0
0
1
0
0
0
0
0
1
0
0
2
1
1
0
0
2
0
1
1
1
1
0
0
2
1
0
3
2
0
0
1
2
0
0
0
0
2
1
1
0
0
0
0
2
0
0
0
0
0
0
2
0
0
0
1
0
0
0
1
0
0
0
0
0
0
0
0
1
1
0
0
1
0
1
0
0
0
1
0
0
0
0
1
0
0
0
0
0
0
0
1
1
1
2
0
0
2
0
0
0
0
0
0
1
0
0
0
1
0
0
0
0
0
0
0
0
0
1
0
0
0
1
0
0
2
1
2
0
0
0
0
0
0
0
0
0
0
0
2
1
0
0
0
0
0
1
2
0
0
1
1
0
1
0
0
1
0
0
0
1
0
3
0
0
1
0
0
1
0
1
1
0
0
0
0
0
1
0
0
0
0
1
1
0
0
0
0
0
0
1
0
0
0
0
0
1
0
1
0
0
0
0
1
1
0
0
0
1
0
0
0
1
0
1
0
0
0
0
0
0
0
0
0
0
0
0
2
0
2
0
0
0
0
0
1
0
1
1
0
0
1
0
0
0
0
0
0
0
0
0
0
0
0
0
0
0
0
0
2
1
0
0
0
0
0
0
1
1
0
0
0
0
0
1
0
1
0
0
0
0
0
1
0
0
0
0
0
0
1
0
1
0
0
0
0
0
1
0
0
0
0
0
0
0
0
0
0
1
0
0
1
0
1
1
0
0
0
0
0
0
0
0
0
0
0
1
0
0
0
1
0
0
0
0
1
0
0
1
0
0
0
1
0
0
0
1
0
0
0
0
0
0
0
0
0
0
0
0
0
0
0
0
0
0
0
0
1
0
1
0
0
0
0
0
1
1
0
0
1
0
0
0
0
0
0
1
0
0
0
0
0
0
0
0
0
0
0
0
2
2
0
1
0
2
0
0
0
0
1
0
1
0
0
0
0
1
0
1
0
0
0
0
1
0
0
0
0
2
0
0
0
0
1
1
0
1
0
1
0
0
2
0
0
1
0
0
1
1
0
1
0
0
1
0
0
1
0
2
0
0
0
1
1
0
1
0
0
1
0
0
0
0
0
1
1
0
0
0
0
0
1
0
0
1
0
1
1
0
0
1
0
0
0
0
0
2
0
0
0
0
1
0
1
0
1
0
0
0
0
1
0
1
0
0
0
0
0
0
0
0
0
1
1
0
0
0
0
0
0
1
0
0
0
1
0
0
2
2
0
2
1
0
1
1
2
0
0
0
0
0
0
2
0
0
0
1
0
0
1
0
0
0
0
0
1
1
0
0
0
0
0
0
0
1
0
0
3
0
1
0
0
0
0
1
0
1
0
1
0
0
0
0
0
2
1
1
0
0
1
0
0
1
0
0
0
0
0
0
2
0
0
0
0
0
0
0
0
1
0
0
2
0
0
0
0
0
0
1
0
0
0
1
0
0
0
0
0
1
0
0
0
0
1
0
1
0
0
0
2
0
0
1
0
0
0
2
0
1
0
0
1
0
1
0
1
0
1
0
1
1
0
1
0
0
0
0
0
0
0
0
0
0
0
1
0
0
0
0
0
1
0
1
0
0
0
0
1
1
0
0
0
1
0
1
2
0
0
1
2
0
0
1
0
1
1
0
1
0
0
1
0
0
0
0
0
0
0
1
1
0
1
0
0
1
0
0
0
0
0
1
0
0
0
1
0
1
1
0
0
0
1
1
0
0
0
0
1
0
0
1
0
0
1
1
0
0
0
0
0
0
1
0
0
0
0
1
1
0
0
0
2
0
1
0
0
0
0
1
0
2
1
0
1
0
0
1
0
0
1
0
0
0
1
0
1
0
0
0
0
2
1
1
1
0
0
1
0
1
0
0
0
0
0
2
0
1
0
0
0
1
0
0
0
0
1
0
0
1
1
1
0
0
1
0
0
1
0
0
0
0
0
0
0
0
0
0
0
1
1
1
0
1
0
0
0
0
0
0
0
0
0
0
0
0
1
0
0
0
0
0
0
0
0
1
1
0
1
0
0
1
0
0
0
0
1
0
2
0
0
0
1
0
1
1
0
0
1
1
0
0
0
0
1
0
0
0
0
1
0
1
0
0
0
0
1
0
1
0
0
0
0
0
0
3
0
1
0
0
0
0
0
0
0
1
1
0
3
0
1
0
0
0
0
0
0
0
0
0
2
0
1
1
0
0
0
0
0
1
1
0
0
0
1
0
0
0
1
1
0
0
0
0
0
0
0
0
1
0
0
1
0
1
1
0
0
2
0
0
0
0
1
0
0
1
0
0
0
1
0
1
1
0
1
1
1
0
0
0
0
0
0
0
0
0
1
0
3
0
1
0
0
0
1
0
0
0
2
0
0
1
0
1
0
0
0
1
0
2
0
0
0
0
1
1
0
1
0
0
0
0
0
1
0
1
0
0
1
0
1
0
0
1
0
2
0
1
2
0
1
1
0
1
1
0
2
0
0
2
0
0
0
1
1
0
2
0
0
1
0
0
0
0
1
0
0
0
1
0
1
1
0
0
0
0
0
2
0
0
2
1
1
2
1
0
0
1
1
0
0
0
0
1
0
0
0
0
0
2
0
1
1
2
1
0
0
1
0
0
0
1
1
0
0
0
0
0
0
0
0
0
0
2
0
0
0
0
0
0
0
0
0
1
0
0
0
0
1
0
0
1
0
0
0
0
1
0
0
0
0
0
0
0
1
1
0
0
1
0
0
0
1
0
0
1
0
0
0
0
0
1
1
2
0
0
0
1
0
1
0
0
0
0
1
1
0
0
3
0
1
0
1
0
1
2
0
0
0
0
0
0
0
0
0
0
0
0
0
1
1
0
0
0
0
0
0
1
0
0
0
0
1
0
1
0
0
0
0
0
0
0
3
1
0
1
0
0
0
0
0
0
0
0
0
0
0
0
0
0
0
0
0
0
1
0
0
0
0
0
0
0
1
0
0
0
2
0
0
0
0
0
0
1
0
0
1
0
0
0
0
0
0
0
0
0
0
0
0
0
0
0
1
1
0
0
1
0
0
0
0
0
0
0
0
0
0
0
0
0
1
1
0
0
0
0
0
0
0
0
0
0
0
0
0
1
0
0
0
0
0
0
0
0
0
0
0
0
0
1
0
0
1
0
0
0
0
0
0
0
0
0
0
0
0
0
0
0
0
0
1
0
0
0
0
0
0
1
0
0
0
1
0
0
0
0
0
0
1
0
0
0
0
0
1
0
0
0
0
0
0
0
0
0
0
0
0
0
1
0
0
0
0
1
0
0
0
0
0
0
0
0
0
0
0
0
1
0
0
0
0
2
0
0
0
0
0
0
0
0
0
0
0
1
0
0
0
0
0
0
0
0
1
0
0
1
0
0
0
0
1
0
0
0
0
0
0
0
0
0
0
0
0
0
0
0
1
1
0
0
0
0
0
0
0
1
0
0
0
0
0
0
0
0
0
0
0
0
0
0
0
0
0
1
0
0
0
0
0
0
0
0
0
0
0
0
0
0
1
1
0
0
0
0
0
1
0
0
0
0
0
0
0
0
0
0
0
1
1
0
0
0
0
0
0
0
0
0
0
0
0
0
0
0
0
0
0
0
1
0
0
0
0
0
1
0
0
0
0
0
0
0
0
0
0
0
0
0
0
0
0
0
0
0
0
0
0
0
0
0
0
0
0
0
0
0
1
0
1
0
0
0
0
0
0
0
0
0
0
0
0
0
0
0
0
0
0
0
0
0
0
0
0
0
0
0
1
0
0
0
0
0
0
0
0
0
0
0
0
0
0
0
0
1
1
0
0
0
0
0
0
0
0
0
0
0
0
0
0
0
0
0
0
0
0
0
0
0
0
0
0
0
1
0
0
0
0
0
0
0
0
0
0
0
0
0
0
0
0
0
0
0
0
1
0
0
0
0
0
0
0
0
0
0
0
0
0
0
0
0
0
0
0
0
0
0
0
0
0
1
0
0
1
0
1
0
0
0
0
0
1
0
2
1
4
4
2
2
4
1
2
6
3
3
3
5
9
3
4
3
3
1
6
5
3
5
5
6
5
8
11
11
10
8
5
10
6
8
1
1
1
0
1
0
2
0
1
1
1
1
1
1
5
2
8
20
27
9
6
3
0
0
0
0
0
0
0
0
0
0
0
0
0
0
0
0
0
0
0
0
0
1
0
0
0
0
0
0
0
0
0
0
0
0
0
0
0
0
0
0
0
0
0
0
0
0
0
0
0
0
0
0
0
0
0
0
0
0
0
0
0
0
0
0
0
0
0
0
0
0
0
0
0
0
0
0
0
0
0
0
0
0
0
0
0
0
0
0
0
0
0
0
0
0
0
0
0
0
0
0
0
0
0
0
0
0
0
0
0
0
0
0
0
0
0
0
0
0
0
0
0
0
0
0
0
0
0
0
0
0
0
0
0
0
0
0
0
0
0
0
0
0
0
0
0
0
0
0
0
0
0
0
0
0
0
0
0
0
0
0
0
0
0
0
0
0
0
0
0
0
0
0
0
0
0
0
0
0
0
0
0
0
0
0
0
0
0
0
0
0
0
0
0
0
0
0
0
0
0
0
0
0
0
0
1
0
0
0
0
0
0
0
0
0
0
0
0
0
0
0
0
0
0
0
0
0
0
0
0
0
0
0
0
0
0
0
0
0
0
0
0
0
0
0
0
0
0
0
0
0
0
0
0
0
0
0
0
0
0
0
0
0
0
0
0
0
0
0
0
0
0
0
0
0
0
0
0
0
0
0
0
0
0
0
0
0
0
0
0
0
0
0
0
0
0
0
0
0
0
0
0
0
0
0
0
0
0
0
0
0
0
0
0
0
0
0
0
0
0
0
0
0
0
0
0
0
0
0
0
0
0
0
0
0
0
0
0
0
0
0
0
0
0
0
0
0
0
0
0
0
0
0
0
0
0
0
0
0
0
0
0
0
0
0
0
0
0
0
0
0
0
0
0
0
0
0
0
0
0
0
0
0
0
0
0
0
0
0
0
0
0
0
0
0
0
0
0
0
0
0
0
0
0
0
0
0
0
0
0
0
0
0
0
0
0
0
0
0
0
0
0
0
0
0
0
0
0
0
0
0
0
0
0
0
0
0
0
0
0
0
0
0
0
0
0
0
0
0
0
0
0
0
0
0
0
0
0
0
0
0
0
0
0
0
0
0
0
0
0
0
0
0
0
0
0
0
0
0
0
0
0
0
0
0
0
0
0
0
0
0
0
0
0
0
0
0
0
0
0
0
0
0
0
0
0
0
0
0
0
0
0
0
0
0
0
0
0
0
0
0
0
0
0
0
0
0
0
0
0
0
0
0
0
0
0
0
0
0
0
0
0
0
0
0
0
0
0
0
0
0
0
0
0
0
0
0
0
0
0
0
0
0
0
0
0
0
0
0
0
0
0
0
0
0
0
0
0
0
0
0
0
0
0
0
0
0
0
0
0
0
0
0
0
0
0
0
0
0
0
0
0
0
0
0
0
0
0
0
0
0
0
0
0
0
0
0
0
0
0
0
0
0
0
0
0
0
0
0
0
0
0
0
0
0
0
0
0
0
0
0
0
0
0
0
0
0
0
0
0
0
0
0
0
0
0
0
0
0
0
0
0
0
0
0
0
0
0
0
0
0
0
0
0
0
0
0
0
0
0
0
0
0
0
0
0
0
0
0
0
0
0
0
0
0
0
0
0
0
0
0
0
0
0
0
0
0
0
0
0
0
0
0
0
0
0
0
0
0
0
0
0
0
0
0
0
0
0
0
0
0
0
0
0
0
0
0
0
0
0
0
0
0
0
0
0
0
0
0
0
0
0
0
0
0
0
0
0
0
0
0
0
0
0
0
0
0
0
0
0
0
0
0
0
0
0
0
0
0
0
0
0
0
0
0
0
0
0
0
0
0
0
0
0
0
0
0
0
0
0
0
0
0
0
0
0
0
0
0
0
0
0
0
0
0
0
0
0
0
0
0
0
0
0
0
0
0
0
0
0
0
0
0
0
0
0
0
0
0
0
0
0
0
0
0
0
0
0
0
0
0
0
0
0
0
0
0
0
0
0
0
0
0
0
0
0
0
0
0
0
0
0
0
0
0
0
0
0
0
0
0
0
0
0
0
0
0
0
0
0
0
0
0
0
0
0
0
0
0
0
0
0
0
0
0
0
0
0
0
0
0
0
0
0
0
0
0
0
0
0
0
0
0
0
0
0
0
0
0
0
0
0
0
0
0
0
0
0
0
0
0
0
0
0
0
0
0
0
0
0
0
0
0
0
0
0
0
0
0
0
0
0
0
0
0
0
0
0
0
0
0
0
0
0
0
0
0
0
0
0
0
0
0
0
0
0
0
0
0
0
0
0
0
0
0
0
0
0
0
0
0
0
0
0
0
0
0
0
0
0
0
0
0
0
0
0
0
0
0
0
0
0
0
0
0
0
0
0
0
0
0
0
0
0
0
0
0
0
0
0
0
0
0
0
0
0
0
0
0
0
0
0
0
0
0
0
0
0
0
0
0
0
0
0
0
0
0
0
0
0
0
0
0
0
0
0
0
0
0
0
0
0
0
0
0
0
0
0
0
0
0
0
0
0
0
0
0
0
0
0
0
0
0
0
0
0
0
0
0
0
0
0
0
0
0
0
0
0
0
0
0
0
0
0
0
0
0
0
0
0
0
0
0
0
0
0
0
0
0
0
0
0
0
0
0
0
0
0
0
0
0
0
0
0
0
0
0
0
0
0
0
0
0
0
0
0
0
0
0
0
0
0
0
0
0
0
0
0
0
0
0
0
0
0
0
0
0
0
0
0
0
0
0
0
0
0
0
0
0
1
0
0
0
1
0
0
0
0
0
0
0
0
0
0
0
0
0
0
0
0
0
0
0
0
0
1
0
0
0
0
0
0
0
0
0
0
0
0
0
0
0
0
0
0
0
0
0
0
0
0
0
0
0
0
0
0
0
0
0
0
0
0
1
0
1
0
0
0
0
0
0
0
0
0
0
0
0
0
0
0
0
0
0
0
0
0
1
0
0
0
1
0
0
0
0
0
1
0
0
0
0
0
1
0
0
0
0
0
0
0
0
0
0
0
0
1
0
1
1
4
1
1
9
10
