7
6
9
28
36
38
56
66
74
92
88
84
92
102
86
96
82
84
75
92
84
80
75
89
99
81
88
90
74
84
100
91
80
73
96
80
87
79
87
82
84
83
83
86
97
78
85
85
75
89
90
80
86
93
75
79
99
85
91
90
94
97
69
98
85
93
99
87
104
81
76
78
109
86
103
88
91
80
81
84
98
111
84
101
96
90
88
93
95
91
88
88
79
82
83
79
104
95
87
93
110
75
97
81
83
110
94
84
89
104
92
99
87
77
86
101
94
80
84
102
86
100
115
96
95
95
96
80
78
92
102
96
75
83
81
114
86
90
84
99
88
95
86
86
96
109
98
94
81
100
105
102
89
99
99
94
106
79
116
75
84
82
113
91
97
94
102
81
95
94
89
93
96
89
98
98
103
111
99
115
93
91
101
94
104
82
97
99
93
89
107
95
111
97
103
98
103
118
101
100
88
104
116
98
100
130
111
112
98
93
96
92
103
115
124
92
91
93
111
97
106
105
101
118
96
104
80
77
107
104
103
122
117
129
109
92
99
99
133
106
90
109
98
99
116
135
113
112
119
102
102
116
124
117
100
110
109
102
112
103
101
118
124
105
117
141
111
117
131
129
101
118
116
117
119
102
115
112
126
109
115
120
113
117
107
111
107
112
112
130
122
104
113
113
132
105
114
121
123
109
98
112
118
109
132
103
108
113
123
110
106
112
102
119
102
120
113
120
101
112
118
118
111
113
96
87
124
122
97
156
114
109
109
121
99
103
103
114
115
118
121
113
134
115
98
107
119
113
110
141
101
114
112
121
121
98
135
110
107
136
133
105
104
94
110
121
132
95
124
98
104
111
135
110
137
95
123
111
101
129
96
104
135
120
118
108
115
113
113
138
115
106
101
120
125
103
119
112
115
123
109
112
123
106
115
119
116
103
127
95
106
133
113
121
113
94
113
107
112
120
119
127
108
118
117
118
134
103
139
102
117
110
118
115
113
104
109
110
108
108
104
117
116
92
96
109
102
115
98
128
114
112
110
114
99
121
127
112
115
108
106
104
102
109
110
116
113
104
117
128
107
128
124
116
118
119
118
117
118
116
111
102
125
114
117
109
121
134
122
122
111
109
109
92
102
122
125
125
123
129
119
113
109
128
111
119
105
116
115
106
108
98
120
128
123
125
111
98
120
94
138
125
124
110
97
102
119
122
119
125
116
115
111
119
118
114
126
127
94
141
115
135
118
119
118
123
110
118
113
117
117
123
138
117
118
110
129
124
116
78
105
125
133
110
93
121
115
113
112
116
120
99
111
102
133
111
128
129
120
106
121
122
117
112
113
119
90
133
122
128
118
107
103
109
119
106
110
106
126
115
111
124
127
123
120
131
112
108
122
132
123
132
107
111
135
109
130
98
105
134
106
116
128
117
135
113
102
102
132
115
107
121
124
119
128
114
113
111
103
124
112
116
128
115
108
113
114
132
119
119
101
109
117
131
121
113
126
98
115
130
112
97
134
132
150
122
124
115
122
120
114
139
116
127
123
125
119
119
102
126
136
119
126
110
118
120
114
120
143
135
129
106
117
113
142
100
122
114
127
119
127
118
110
125
117
129
121
101
112
124
123
125
139
138
122
134
121
124
104
142
125
141
130
109
134
141
127
119
125
114
129
131
147
146
126
126
123
128
120
113
157
137
113
118
120
124
153
109
132
115
124
119
131
137
119
121
120
129
134
135
132
123
143
142
126
133
139
123
127
133
149
144
137
141
139
129
145
142
135
148
126
150
128
116
112
137
156
132
113
132
140
157
156
145
133
149
125
133
146
136
123
143
115
160
132
141
117
145
149
139
150
125
98
125
165
133
149
113
159
163
144
150
126
130
129
151
128
162
150
145
144
163
148
149
131
120
155
133
130
167
125
157
132
145
157
143
113
139
161
143
134
141
132
137
163
164
155
156
136
156
168
169
149
156
155
141
144
152
143
134
136
154
142
156
152
138
155
135
138
150
153
146
154
164
177
139
112
162
129
143
140
127
162
154
151
140
151
146
116
144
130
149
143
153
135
150
149
141
142
132
137
157
155
152
121
148
131
139
144
150
177
128
133
130
138
160
152
135
115
141
149
149
132
149
124
124
156
124
152
147
131
141
132
130
152
146
148
138
159
154
147
143
141
131
149
137
115
139
142
126
145
147
130
125
147
146
135
131
152
146
131
142
120
134
136
137
124
121
137
125
137
138
132
132
131
109
152
134
135
134
127
103
133
128
114
125
114
125
122
134
107
138
114
119
101
114
128
125
117
134
142
121
114
124
116
127
130
142
154
122
141
130
111
132
133
126
117
138
136
121
127
129
119
132
128
133
130
121
138
120
119
139
111
128
110
129
113
131
118
121
114
127
130
108
141
120
133
118
143
116
113
112
130
137
148
109
130
115
118
116
117
129
102
117
110
127
133
121
127
128
106
119
113
134
110
154
122
112
120
124
117
130
124
113
112
126
119
121
106
121
129
119
113
97
111
135
106
120
132
121
121
118
120
112
123
144
110
128
118
102
126
114
114
126
119
100
119
133
96
104
125
108
119
120
126
123
130
122
126
129
120
127
104
110
110
99
119
136
112
97
116
126
114
98
112
127
115
116
112
119
112
138
113
124
114
126
129
123
104
112
131
123
119
111
124
112
129
137
117
105
116
120
122
118
136
92
116
111
114
107
113
123
114
123
117
124
105
124
123
131
99
110
119
114
114
94
119
113
123
103
120
108
130
115
112
128
124
107
120
123
115
111
105
120
112
112
104
129
102
108
125
104
108
101
112
117
105
97
111
116
103
117
94
90
128
128
101
115
102
127
101
109
101
104
112
99
108
108
115
106
106
113
106
114
121
109
94
117
113
106
91
124
90
99
126
98
114
103
114
98
101
110
96
105
106
105
108
109
110
99
102
117
114
112
100
119
111
108
101
89
97
100
115
103
106
106
86
82
96
91
95
100
121
121
114
113
95
107
103
118
107
97
103
100
103
94
99
89
93
102
107
116
102
102
95
102
102
116
116
104
93
89
93
114
119
101
95
109
87
93
111
109
114
107
97
123
116
100
103
123
79
108
93
90
97
102
91
111
109
95
108
99
100
109
81
98
97
118
106
85
114
96
104
102
119
102
95
120
107
112
100
121
112
96
98
86
118
103
104
99
103
108
107
117
110
112
93
95
102
94
101
120
93
124
95
102
116
106
98
78
82
103
108
93
104
125
78
114
117
98
103
98
97
108
86
96
122
86
97
104
106
111
97
99
105
89
100
96
118
86
103
99
99
89
88
95
84
98
110
111
83
92
92
95
103
97
91
95
81
98
93
85
97
92
102
108
100
103
82
93
109
115
97
109
102
96
89
88
91
107
93
84
109
95
99
108
94
96
107
96
101
99
87
78
90
114
92
102
75
102
113
90
108
103
96
110
91
104
108
95
92
92
102
98
90
96
104
87
100
73
91
108
100
113
103
92
91
90
104
105
89
103
94
100
85
123
91
101
103
105
109
103
109
100
99
92
91
95
112
106
99
103
123
93
116
91
91
71
106
93
83
94
93
111
77
118
111
88
98
107
130
103
95
95
97
99
100
85
111
101
103
84
85
110
118
101
100
107
92
92
78
92
97
83
88
95
91
99
92
113
95
90
84
87
93
109
79
104
102
83
98
106
101
100
77
113
96
88
93
98
89
102
92
97
104
79
107
103
112
112
96
116
100
89
93
106
99
100
92
84
84
96
94
98
97
103
100
91
106
107
83
98
79
87
86
85
96
81
82
91
98
81
90
99
84
94
98
97
108
94
81
87
98
82
101
91
83
98
85
99
84
100
91
98
104
93
95
94
91
92
96
110
87
103
99
107
79
96
106
90
89
89
102
81
92
76
102
91
129
99
105
92
87
74
98
88
92
91
80
90
106
96
88
102
114
84
93
92
108
108
92
107
109
86
83
95
83
99
104
90
87
99
91
73
89
108
94
86
97
84
91
99
87
80
84
77
110
99
85
90
77
113
80
92
84
78
88
99
95
96
88
82
86
79
86
85
91
101
97
89
84
100
84
86
95
99
95
88
84
113
94
104
82
96
82
77
90
91
91
88
84
78
98
81
109
95
81
95
94
107
98
99
83
89
83
84
107
94
106
88
84
91
105
92
107
87
102
81
109
90
96
86
95
87
101
78
81
91
85
91
77
108
107
92
72
90
94
98
98
89
86
95
93
96
89
71
85
96
68
101
98
112
85
92
95
96
92
95
94
99
93
84
91
90
104
90
103
77
83
104
104
91
97
101
120
68
88
65
81
86
87
97
85
99
80
84
98
102
99
96
99
111
84
112
93
82
74
74
100
93
96
94
105
99
90
99
86
85
87
107
86
97
98
102
107
107
92
90
80
92
102
110
88
68
89
83
98
96
104
83
92
77
82
100
88
83
98
107
85
97
72
87
95
100
88
100
92
95
86
91
73
85
85
78
74
76
102
81
105
95
87
82
91
92
79
93
96
85
92
86
95
114
83
97
99
93
80
86
103
99
81
98
97
85
92
96
94
95
104
89
84
86
95
95
97
104
85
89
98
80
94
85
90
101
69
80
92
87
98
99
91
83
79
94
97
86
101
84
95
97
106
90
77
95
92
85
103
91
104
88
101
102
93
105
84
97
100
90
93
90
89
97
84
91
89
101
79
99
90
89
101
118
89
92
79
98
91
108
88
95
94
88
97
91
89
81
72
78
102
97
82
98
92
76
83
88
92
94
90
92
93
74
93
91
82
99
106
86
80
103
85
100
100
89
93
91
98
93
94
82
71
93
81
90
85
91
87
96
88
85
91
93
90
100
99
87
70
77
97
99
83
99
88
82
91
82
95
99
89
97
112
91
75
91
84
84
92
92
91
104
80
80
87
91
80
108
94
107
112
92
88
89
89
88
92
95
93
94
89
77
78
93
87
95
79
97
107
76
88
116
76
87
84
101
87
87
103
90
90
97
76
84
92
89
98
79
78
92
92
91
101
72
92
102
77
94
98
102
102
90
102
93
87
85
95
87
104
84
100
79
104
90
85
90
92
89
88
93
101
83
97
97
90
81
94
94
94
87
88
85
96
79
104
77
82
99
94
89
83
93
74
88
96
83
87
86
103
89
101
62
92
95
89
100
78
82
75
95
88
82
103
87
100
95
87
96
70
101
94
95
95
103
87
81
85
88
76
100
111
79
114
92
98
81
82
87
102
85
89
89
102
98
92
78
89
102
91
97
71
85
92
90
72
97
97
97
96
78
100
87
100
80
90
93
96
96
81
99
90
82
80
98
92
85
77
101
94
94
100
94
109
98
94
84
99
102
94
96
96
85
78
93
83
75
95
78
84
98
81
83
101
92
83
95
85
96
85
85
87
90
86
92
111
99
88
90
75
88
96
81
84
93
92
86
95
106
97
94
87
86
88
91
87
103
100
77
86
90
108
95
88
81
93
95
90
89
114
96
101
77
98
96
101
93
107
101
96
102
93
95
82
88
92
67
108
91
94
85
114
104
89
88
104
96
74
90
92
91
93
87
103
101
87
94
94
97
95
80
111
84
96
89
90
83
92
99
105
103
105
101
94
85
84
96
103
92
101
87
85
83
83
90
104
92
85
93
105
116
79
92
95
92
93
92
95
119
82
93
92
98
95
95
85
101
102
96
99
103
85
89
98
94
89
86
80
75
100
86
94
91
76
95
99
98
90
85
107
102
89
97
96
109
84
91
81
93
109
93
85
97
94
109
88
84
103
96
110
69
95
101
81
90
82
75
85
90
101
84
90
86
98
112
99
108
92
95
104
97
94
75
103
89
93
86
94
103
82
96
80
94
82
83
97
96
86
83
119
86
87
102
80
99
105
107
93
104
86
101
90
88
82
89
94
96
92
102
90
94
100
81
123
90
77
104
95
88
95
87
86
90
95
101
81
95
90
107
92
95
97
91
99
114
111
109
98
98
92
86
101
93
103
95
87
91
90
83
103
108
94
90
93
82
96
91
107
92
96
85
92
73
88
89
83
90
90
98
86
90
98
95
90
97
117
85
101
91
88
88
97
88
98
96
89
90
103
106
99
78
90
100
89
90
102
97
109
103
107
104
87
88
87
85
98
93
101
86
88
102
95
92
96
88
67
115
81
95
98
103
83
89
79
100
77
99
94
125
90
106
89
107
99
92
103
99
92
87
102
107
113
93
93
106
107
92
109
110
78
83
102
93
79
112
97
88
77
96
105
104
82
87
103
101
88
119
95
104
94
87
89
105
104
96
108
109
91
120
103
87
92
88
91
94
81
91
101
100
91
96
102
112
87
84
80
113
91
85
107
98
107
107
113
99
97
85
105
85
94
98
93
87
101
101
100
80
100
102
91
86
128
84
103
95
97
102
99
91
99
82
77
77
109
92
80
110
86
97
116
93
100
88
92
99
86
113
111
100
105
95
86
99
102
81
83
102
107
90
95
101
110
93
92
108
105
93
91
100
102
95
102
82
89
95
103
101
97
73
101
103
101
91
76
86
114
103
114
95
107
86
92
100
99
78
95
108
116
116
91
99
111
114
91
119
101
96
109
99
111
105
71
102
118
88
85
99
93
79
97
95
103
105
114
104
91
111
93
96
94
91
94
104
93
99
98
93
89
89
113
93
88
85
98
128
105
75
104
102
88
80
129
91
96
67
107
87
107
102
99
105
99
109
106
89
99
84
89
103
97
103
86
109
102
102
86
85
107
113
79
97
103
90
102
96
97
110
86
120
107
118
97
115
91
110
95
89
98
100
98
106
92
98
97
98
97
105
97
92
104
101
109
119
87
115
88
87
118
113
105
79
97
106
100
129
130
89
99
101
96
107
114
99
99
98
95
114
95
109
109
101
85
101
85
83
111
98
99
103
106
98
108
113
102
113
86
111
100
103
115
114
92
113
109
106
104
113
94
101
102
122
122
109
84
89
89
120
90
90
84
115
117
116
93
99
97
97
92
105
93
100
107
92
114
92
101
89
95
139
73
101
115
112
98
115
116
126
122
115
108
106
91
96
100
106
94
107
109
111
99
101
98
111
101
121
107
117
112
111
110
111
96
107
107
120
86
114
91
114
120
114
116
96
96
89
117
113
117
119
120
108
106
96
102
120
97
88
101
104
128
92
87
98
114
109
96
78
115
122
113
106
103
105
116
118
110
104
99
105
135
102
101
102
128
118
112
95
113
115
107
110
121
120
116
126
105
122
117
105
110
118
110
101
124
103
129
118
93
116
101
104
104
104
112
117
107
114
119
113
119
107
124
107
102
111
105
106
97
90
115
114
107
102
94
114
121
86
128
126
124
108
97
97
126
116
124
108
119
118
117
124
119
124
120
102
101
111
108
123
113
109
119
96
148
124
103
106
106
98
129
116
94
112
106
117
92
106
107
98
127
103
106
105
114
106
108
108
128
125
93
113
112
116
114
114
113
106
115
90
99
95
90
104
129
121
113
122
127
100
110
102
112
114
120
111
98
131
113
102
119
117
113
94
101
120
102
128
121
106
120
107
134
117
110
96
112
94
116
109
120
107
114
115
112
124
104
111
114
110
107
102
115
101
113
120
113
130
117
128
97
123
117
118
114
119
110
114
121
112
111
106
105
105
106
123
100
116
109
115
87
107
102
125
106
106
118
119
123
116
108
113
105
115
131
111
97
118
102
107
118
113
97
115
100
116
121
111
124
99
110
116
101
119
117
114
117
112
102
110
110
127
124
135
118
120
94
111
122
107
105
110
104
114
117
116
139
102
102
101
123
108
103
108
127
96
112
105
130
123
110
101
119
119
96
120
118
88
125
95
116
106
111
125
127
115
114
123
105
112
117
99
95
103
115
109
127
107
120
115
108
99
125
107
119
98
102
93
120
92
114
92
88
131
101
112
111
125
109
119
111
107
97
88
101
115
113
111
101
96
94
90
107
96
111
121
95
109
110
106
101
102
101
113
98
104
112
116
99
105
96
95
132
109
91
108
100
116
122
86
108
112
89
125
121
124
111
97
92
112
108
99
103
93
101
103
103
97
122
120
94
100
117
112
92
100
104
106
103
102
95
115
104
99
109
118
110
114
104
101
124
106
92
109
90
94
109
104
92
102
87
104
111
96
92
85
74
101
89
103
93
101
98
104
95
103
86
105
102
79
94
111
113
92
119
113
86
97
110
100
87
98
97
118
107
68
116
93
128
84
102
81
101
102
84
89
106
94
94
74
111
98
105
91
78
101
103
84
107
94
76
94
105
80
87
84
91
91
88
72
96
99
93
93
88
107
81
87
78
90
82
98
101
81
90
90
95
102
91
92
88
88
74
76
101
92
74
98
75
79
73
105
79
91
95
99
67
91
110
88
73
98
99
82
94
94
101
88
84
91
95
77
95
76
94
98
69
99
68
83
77
82
83
93
94
80
99
94
82
90
77
70
78
80
81
84
67
75
90
78
79
96
89
102
85
77
71
80
101
86
90
78
74
74
84
89
87
90
70
79
83
86
72
86
86
74
83
84
78
85
73
85
86
79
95
75
76
71
94
70
85
85
77
94
75
79
85
68
57
78
91
89
75
89
77
92
80
84
95
79
88
72
79
85
71
90
75
71
81
76
77
94
76
71
76
73
78
87
88
87
83
86
83
69
65
85
69
81
76
64
85
76
85
81
64
86
78
71
75
72
84
67
72
71
72
75
84
77
81
64
80
69
71
70
84
53
64
58
68
71
78
73
73
97
62
69
81
73
86
62
80
76
76
70
79
76
62
74
65
87
81
65
83
64
70
81
81
74
81
66
81
62
73
76
58
82
78
59
77
69
78
59
73
60
80
53
70
76
82
75
59
65
62
63
66
74
82
63
86
74
81
65
62
73
68
55
71
56
69
84
82
79
73
79
81
79
72
76
68
74
70
69
79
74
78
83
70
72
58
69
66
64
67
54
46
68
51
68
78
71
75
71
78
84
54
77
92
82
72
69
74
57
79
78
70
75
56
68
72
79
82
79
62
62
81
72
59
63
70
63
83
61
61
70
67
72
59
82
70
69
70
73
75
64
72
63
58
62
85
72
65
58
72
85
81
81
72
70
84
62
67
59
69
72
76
77
70
62
67
61
64
67
67
82
69
78
76
71
61
70
61
57
55
58
70
82
59
72
72
71
60
82
83
63
59
66
55
77
63
64
65
66
71
63
68
71
65
72
69
65
58
78
61
65
59
60
76
60
67
79
77
83
62
60
67
65
69
74
66
66
65
76
49
63
67
62
71
56
75
58
56
71
73
63
60
70
63
58
72
67
71
54
67
70
49
59
55
52
63
84
75
63
65
70
66
66
89
68
55
63
58
59
63
72
51
64
70
54
62
75
71
77
65
77
67
64
86
81
73
54
81
63
60
73
68
66
61
73
70
65
73
58
60
76
71
61
65
72
61
68
63
66
66
70
77
57
54
62
77
62
65
66
77
81
70
79
72
60
56
75
64
82
68
48
92
76
56
68
76
72
64
58
87
79
88
63
82
71
79
65
78
73
82
64
78
57
62
66
71
78
73
75
87
67
88
73
71
70
89
59
72
85
64
71
76
78
84
80
85
78
87
81
76
92
74
77
61
77
82
75
85
79
87
82
84
92
67
89
89
104
83
105
87
87
88
101
82
94
98
85
93
88
89
100
95
95
80
92
88
98
101
103
94
83
103
98
91
87
94
109
79
87
96
100
104
103
108
101
86
89
120
102
130
118
107
101
110
108
98
114
105
107
126
109
103
97
119
112
123
124
114
103
114
102
120
132
113
127
116
114
139
103
125
123
124
132
110
139
129
135
135
132
117
140
151
137
127
145
132
131
147
139
144
140
136
136
143
125
157
133
126
159
153
153
148
137
161
143
155
153
125
144
157
161
162
144
157
166
168
140
173
155
164
154
149
158
152
161
163
152
184
151
184
155
184
164
157
193
167
182
156
179
172
179
192
170
173
209
193
210
197
185
206
210
180
191
201
155
177
193
178
200
205
193
209
198
212
189
208
226
183
187
201
197
213
215
201
218
205
202
212
186
209
212
190
212
200
201
214
208
241
227
224
194
220
234
191
242
216
197
212
218
237
228
220
229
266
242
223
225
214
223
240
243
223
231
231
227
241
218
238
198
226
233
228
247
215
244
208
227
217
242
196
265
233
254
202
214
249
234
205
203
236
222
198
224
231
248
254
206
239
248
234
239
237
234
254
219
224
213
224
204
257
219
215
230
252
257
223
226
228
257
225
253
225
198
220
203
214
215
205
220
208
192
246
215
256
228
236
207
201
234
204
240
202
233
204
206
210
178
226
225
205
228
211
188
217
236
208
193
191
191
201
161
187
201
195
204
195
218
199
181
156
186
187
190
184
175
209
177
203
192
210
162
159
181
160
178
150
176
155
191
160
170
185
164
169
162
169
155
159
144
147
149
174
157
159
155
144
158
152
141
131
170
146
152
137
136
161
150
142
140
138
131
121
127
130
130
129
135
130
116
111
139
125
119
122
131
117
123
114
102
115
115
113
107
113
117
109
105
110
99
131
90
100
114
125
87
86
86
108
96
101
93
121
84
91
96
92
90
85
86
76
75
88
76
81
84
90
77
78
91
74
68
83
74
75
84
85
73
76
54
59
83
60
70
86
69
65
67
65
78
62
60
68
71
61
88
64
63
52
59
51
49
57
52
55
52
50
65
60
52
55
56
45
52
52
50
60
55
68
52
55
51
42
40
46
43
44
54
44
48
46
45
49
56
42
53
39
42
46
44
27
67
43
48
40
44
36
31
55
31
56
48
55
44
30
36
63
35
49
46
33
49
41
34
32
43
38
46
42
51
51
31
29
45
59
30
43
30
45
44
34
47
41
48
47
41
36
41
48
55
46
44
40
46
48
31
44
45
59
55
39
52
54
37
44
57
57
50
59
59
53
45
54
43
41
52
44
61
59
55
51
71
39
51
60
57
52
47
57
47
55
66
56
47
56
68
64
49
63
60
51
64
56
62
62
58
48
60
55
68
60
52
63
73
71
68
65
66
69
60
67
92
79
78
60
72
61
72
65
59
86
70
77
77
76
98
74
82
71
81
77
73
79
80
86
94
65
82
89
70
70
78
84
97
91
103
78
99
99
82
89
96
107
91
91
96
66
97
91
96
82
92
97
101
111
104
103
111
104
93
93
93
131
103
111
107
113
98
111
95
96
91
104
106
107
118
102
101
124
118
113
134
132
122
131
122
125
121
139
134
113
132
114
108
107
132
135
108
121
130
142
117
122
128
127
128
137
126
138
143
139
149
140
133
141
124
133
127
112
120
132
150
140
177
127
131
127
148
161
173
152
153
154
154
149
169
178
162
151
138
145
152
156
170
161
155
176
166
176
147
169
177
146
166
189
160
151
165
182
162
157
167
174
164
161
201
167
186
176
172
148
155
205
194
191
159
174
184
160
192
198
202
167
180
187
190
173
177
188
199
172
178
184
203
190
185
171
199
197
189
158
192
164
199
187
182
185
178
195
172
190
202
177
204
215
211
186
175
192
210
187
178
199
180
164
153
228
194
177
160
162
173
169
178
191
177
170
188
178
188
187
196
174
151
180
166
182
188
170
184
189
161
183
159
141
164
170
158
170
188
174
199
163
155
173
193
171
174
156
146
177
170
181
160
179
133
147
177
164
172
158
168
135
161
165
153
149
149
132
178
151
167
153
142
151
154
154
125
146
152
143
150
165
147
142
158
148
149
125
135
173
148
146
126
135
128
125
152
130
136
141
129
118
122
118
163
109
117
130
137
124
126
140
125
113
126
127
117
115
129
111
114
99
121
115
117
110
86
102
99
111
95
107
100
106
111
113
92
111
89
104
113
91
88
95
98
80
89
92
89
106
70
87
91
81
85
87
92
76
82
76
65
81
79
85
91
78
64
67
74
70
82
70
59
67
76
62
78
56
67
68
61
58
74
56
54
63
59
63
52
62
55
58
45
53
55
61
60
40
45
53
47
53
43
55
51
49
51
47
52
50
40
38
42
46
36
39
40
33
36
30
47
48
42
34
33
39
36
34
36
41
27
44
39
28
37
27
30
42
33
33
38
23
27
24
29
33
24
22
29
23
24
23
22
19
26
23
20
19
26
23
21
23
23
19
22
16
16
26
15
27
25
15
21
14
17
13
15
18
22
22
14
15
19
17
10
20
16
18
17
19
22
17
9
15
14
14
19
16
14
14
15
12
10
16
14
14
15
12
11
15
8
19
10
12
10
14
5
12
14
11
6
9
10
13
12
11
12
6
11
8
7
10
6
9
7
16
5
9
9
5
15
7
6
4
11
5
7
6
8
4
9
9
9
5
11
8
6
3
4
10
4
5
14
7
7
4
11
5
9
4
5
10
4
6
9
2
6
8
1
1
7
4
4
2
5
2
6
7
4
5
3
4
8
2
5
2
5
6
1
7
4
4
7
3
7
4
7
3
1
2
5
6
1
6
6
2
3
3
4
5
10
5
3
1
2
5
9
4
1
2
4
1
5
2
1
2
5
3
4
5
1
1
4
3
6
4
2
7
4
4
4
3
3
2
7
3
3
1
0
3
1
3
4
6
1
6
5
6
1
4
4
2
3
2
2
2
2
5
3
4
2
1
3
1
7
2
3
0
3
2
0
3
0
3
2
3
1
2
2
2
1
7
1
2
3
2
3
1
1
6
5
3
5
5
4
3
4
3
2
2
4
1
0
2
1
3
2
3
1
3
1
3
2
2
0
2
3
2
3
3
3
4
0
0
5
1
1
6
3
1
1
1
1
3
3
2
3
2
2
1
3
4
3
2
2
0
2
0
1
1
2
4
1
3
0
2
1
1
3
0
2
1
3
2
0
2
0
4
3
2
3
2
1
0
0
4
4
1
1
0
1
2
0
2
3
3
2
0
2
1
1
2
4
1
2
3
1
1
2
0
0
3
4
3
0
2
0
1
2
1
1
0
2
3
2
3
2
1
2
1
0
2
2
1
4
3
0
1
2
0
0
2
4
2
2
2
1
0
2
4
0
2
0
1
0
2
1
2
2
0
1
2
1
2
1
1
0
1
1
0
0
0
2
2
3
2
2
0
0
1
2
0
2
1
3
1
2
0
1
0
4
1
3
1
0
1
5
0
2
2
1
0
1
1
2
1
1
1
2
0
0
0
2
1
0
2
1
3
2
1
2
0
1
1
2
2
1
0
2
2
3
0
1
0
0
1
2
1
0
0
0
2
2
1
1
0
0
2
2
1
2
1
1
0
5
1
1
0
3
1
1
1
1
1
0
3
1
2
1
2
3
0
1
0
1
0
1
0
0
1
1
2
0
2
2
3
0
4
1
0
1
1
4
1
2
2
1
0
4
1
2
2
0
0
5
1
1
0
0
1
2
1
1
1
1
2
0
3
4
0
0
2
1
0
1
2
1
0
2
3
0
2
1
4
1
1
1
3
2
2
0
1
3
0
1
3
1
3
1
0
1
2
1
0
2
1
1
4
1
1
3
2
2
1
3
1
1
2
1
0
2
2
4
0
2
1
1
2
0
4
0
0
0
0
1
1
1
0
4
2
4
4
2
2
2
2
1
1
0
0
1
1
3
1
1
2
1
1
0
0
1
1
1
2
5
1
1
0
1
1
0
0
2
2
2
1
0
2
1
2
4
0
2
0
0
2
1
1
0
1
1
4
1
0
3
1
0
0
1
1
1
1
1
0
5
1
0
2
0
2
1
1
1
0
0
0
1
0
1
0
2
0
1
1
0
2
1
4
0
0
2
2
1
0
0
2
1
1
1
1
0
2
1
0
3
1
1
1
0
1
0
0
1
1
0
2
0
2
3
0
2
2
0
1
1
1
2
1
2
3
1
1
0
2
0
0
1
2
1
1
1
0
1
1
1
4
4
1
2
1
2
0
2
0
1
0
0
1
1
0
0
0
1
0
0
3
2
0
3
1
2
1
1
1
1
0
2
1
1
2
0
4
2
2
2
0
0
1
0
0
2
1
1
0
0
1
0
0
2
1
0
1
4
1
2
0
0
1
3
0
0
1
1
2
0
1
1
3
2
0
2
1
0
0
1
1
2
2
1
1
1
2
3
3
1
0
1
1
3
0
1
0
0
0
1
2
0
4
0
2
0
0
0
1
0
0
0
4
1
1
2
0
0
0
2
1
1
1
2
1
1
0
1
3
0
0
1
1
1
0
1
3
0
1
1
3
3
0
0
1
0
1
2
2
1
1
0
1
1
2
0
2
0
0
0
1
1
0
1
0
1
1
0
1
0
0
0
0
2
0
1
2
1
2
0
1
1
2
1
1
1
1
0
1
1
0
1
2
0
0
0
0
0
2
0
0
1
0
1
2
1
0
0
1
4
1
1
1
0
3
0
1
0
0
1
1
0
0
0
0
1
0
0
1
0
0
0
2
0
1
0
0
0
1
0
1
0
0
0
0
2
0
0
1
1
0
0
1
2
0
0
0
1
0
0
1
1
2
3
0
0
0
0
1
3
0
1
3
0
1
0
1
2
2
0
2
1
0
1
0
2
2
0
1
0
1
0
2
0
2
0
1
2
0
2
1
1
0
1
0
1
3
0
1
1
1
1
1
1
1
2
1
1
3
2
0
2
0
1
0
0
0
0
2
1
0
1
1
2
2
0
0
0
0
1
1
1
1
0
0
0
3
0
2
1
0
1
1
0
0
0
0
3
1
0
1
2
1
1
1
3
0
0
2
1
0
0
2
2
0
0
1
0
1
1
2
1
1
2
1
1
1
1
1
1
1
0
1
0
0
0
2
0
1
0
3
2
3
2
1
0
0
2
1
2
0
0
0
1
1
1
0
2
0
0
0
1
0
1
0
1
0
0
1
0
0
0
0
0
4
1
0
0
1
1
1
0
0
0
0
0
1
2
0
1
0
0
3
1
0
2
1
0
1
1
0
0
0
2
1
0
0
0
1
1
2
0
0
1
2
1
1
0
0
0
0
1
2
1
1
3
2
0
0
0
0
1
1
1
1
2
0
1
1
1
0
0
0
0
0
0
0
1
0
4
0
2
1
1
1
1
1
1
1
1
0
1
2
0
0
0
3
1
2
0
1
0
1
1
1
2
1
1
0
1
4
0
1
0
2
0
0
1
0
1
0
1
2
2
0
0
1
1
1
0
0
1
2
1
1
2
2
1
1
0
2
1
1
1
1
0
2
0
2
0
0
2
0
0
1
1
0
1
2
1
0
1
0
1
0
0
0
1
0
1
0
2
2
0
2
1
2
2
1
2
4
1
1
0
1
0
0
0
0
1
1
2
0
0
0
0
0
1
0
2
1
0
1
1
1
0
0
1
1
1
0
1
0
0
0
1
1
0
0
0
0
1
2
1
1
3
0
1
2
0
1
0
0
2
0
0
0
0
0
0
3
1
0
0
0
0
0
1
1
0
1
1
1
0
3
1
0
2
1
2
0
2
0
1
0
0
4
2
1
2
1
3
3
5
1
2
5
4
4
1
6
2
4
6
8
9
13
15
14
10
17
14
12
21
24
22
31
27
18
18
18
22
24
19
26
19
25
20
31
36
23
22
34
33
34
43
26
29
43
42
40
27
9
11
6
6
3
4
5
1
1
3
0
5
0
3
3
1
6
2
5
9
7
6
13
9
3
1
1
0
0
0
0
0
0
0
0
0
0
0
0
0
0
0
0
0
0
0
0
0
0
0
0
0
0
0
0
0
0
0
0
0
0
0
0
0
0
0
0
0
0
0
0
0
0
0
0
0
0
0
0
0
0
0
0
0
0
0
0
0
0
0
0
0
0
0
0
0
0
0
0
0
0
0
0
0
0
0
0
0
0
0
0
0
0
0
0
0
0
0
0
0
0
0
0
0
0
0
0
0
0
0
0
0
0
0
0
0
0
0
0
0
0
0
0
0
0
0
0
0
0
0
0
0
0
0
0
0
0
0
0
0
0
0
0
0
0
0
0
0
0
0
0
0
0
0
0
0
0
0
0
0
0
0
0
0
0
0
0
0
0
0
0
0
0
0
0
0
0
0
0
0
0
0
0
0
0
0
0
0
0
0
0
0
0
0
0
0
0
0
0
0
0
0
0
0
0
0
0
0
0
0
0
0
0
0
0
0
0
0
0
0
0
0
0
0
0
0
0
0
0
0
0
0
0
0
0
0
0
0
0
0
0
0
0
0
0
0
0
0
0
0
0
0
0
0
0
0
0
0
0
0
0
0
0
0
0
0
0
0
0
0
0
0
0
0
0
0
0
0
0
0
0
0
0
0
0
0
0
0
0
0
0
0
0
0
0
0
0
0
0
0
0
0
0
0
0
0
0
0
0
0
0
0
0
0
0
0
0
0
0
0
0
0
0
0
0
0
0
0
0
0
0
0
0
0
0
0
0
0
0
0
0
0
0
0
0
0
0
0
0
0
0
0
0
0
0
0
0
0
0
0
0
0
0
0
0
0
0
0
0
0
0
0
0
0
0
0
0
0
0
0
0
0
0
0
0
0
0
0
0
0
0
0
0
0
0
0
0
0
0
0
0
0
0
0
0
0
0
0
0
0
0
0
0
0
0
0
0
0
0
0
0
0
0
0
0
0
0
0
0
0
0
0
0
0
0
0
0
0
0
0
0
0
0
0
0
0
0
0
0
0
0
0
0
0
0
0
0
0
0
0
0
0
0
0
0
0
0
0
0
0
0
0
0
0
0
0
0
0
0
0
0
0
0
0
0
0
0
0
0
0
0
0
0
0
0
0
0
0
0
0
0
0
0
0
0
0
0
0
0
0
0
0
0
0
0
0
0
0
0
0
0
0
0
0
0
0
0
0
0
0
0
0
0
0
0
0
0
0
0
0
0
0
0
0
0
0
0
0
0
0
0
0
0
0
0
0
0
0
0
0
0
0
0
0
0
0
0
0
0
0
0
0
0
0
0
0
0
0
0
0
0
0
0
0
0
0
0
0
0
0
0
0
0
0
0
0
0
0
0
0
0
0
0
0
0
0
0
0
0
0
0
0
0
0
0
0
0
0
0
0
0
0
0
0
0
0
0
0
0
0
0
0
0
0
0
0
0
0
0
0
0
0
0
0
0
0
0
0
0
0
0
0
0
0
0
0
0
0
0
0
0
0
0
0
0
0
0
0
0
0
0
0
0
0
0
0
0
0
0
0
0
0
0
0
0
0
0
0
0
0
0
0
0
0
0
0
0
0
0
0
0
0
0
0
0
0
0
0
0
0
0
0
0
0
0
0
0
0
0
0
0
0
0
0
0
0
0
0
0
0
0
0
0
0
0
0
0
0
0
0
0
0
0
0
0
0
0
0
0
0
0
0
0
0
0
0
0
0
0
0
0
0
0
0
0
0
0
0
0
0
0
0
0
0
0
0
0
0
0
0
0
0
0
0
0
0
0
0
0
0
0
0
0
0
0
0
0
0
0
0
0
0
0
0
0
0
0
0
0
0
0
0
0
0
0
0
0
0
0
0
0
0
0
0
0
0
0
0
0
0
0
0
0
0
0
0
0
0
0
0
0
0
0
0
0
0
0
0
0
0
0
0
0
0
0
0
0
0
0
0
0
0
0
0
0
0
0
0
0
0
0
0
0
0
0
0
0
0
0
0
0
0
0
0
0
0
0
0
0
0
0
0
0
0
0
0
0
0
0
0
0
0
0
0
0
0
0
0
0
0
0
0
0
0
0
0
0
0
0
0
0
0
0
0
0
0
0
0
0
0
0
0
0
0
0
0
0
0
0
0
0
0
0
0
0
0
0
0
0
0
0
0
0
0
0
0
0
0
0
0
0
0
0
0
0
0
0
0
0
0
0
0
0
0
0
0
0
0
0
0
0
0
0
0
0
0
0
0
0
0
0
0
0
0
0
0
0
0
0
0
0
0
0
0
0
0
0
0
0
0
0
0
0
0
0
0
0
0
0
0
0
0
0
0
0
0
0
0
0
0
0
0
0
0
0
0
0
0
0
0
0
0
0
0
0
0
0
0
0
0
0
0
0
0
0
0
0
0
0
0
0
0
0
0
0
0
0
0
0
0
0
0
0
0
0
0
0
0
0
0
0
0
0
0
0
0
0
0
0
0
0
0
0
0
0
0
0
0
0
0
0
0
0
0
0
0
0
0
0
0
0
0
0
0
0
0
0
0
0
0
0
0
0
0
0
0
0
0
0
0
0
0
0
0
0
0
0
0
0
0
0
0
0
0
0
0
0
0
0
0
0
0
0
0
0
0
0
0
0
0
0
0
0
1
0
0
0
0
0
0
0
0
1
1
0
0
1
0
0
0
0
0
0
1
0
1
0
0
0
0
0
0
0
0
0
0
1
0
0
0
0
0
0
1
0
0
1
0
0
1
0
0
0
1
0
0
0
0
0
0
1
0
1
0
0
0
0
1
0
1
0
0
0
1
1
1
0
0
0
0
1
0
0
0
0
0
0
1
2
0
1
0
0
0
0
1
1
0
1
1
2
1
2
1
1
4
1
2
1
0
1
5
3
4
4
6
