35
48
44
70
65
63
88
100
102
103
84
95
92
85
79
85
88
89
74
95
78
83
72
93
93
85
75
97
78
94
77
87
78
82
94
91
83
87
79
88
94
103
94
103
101
82
74
88
86
84
92
95
86
96
94
84
82
83
110
81
100
97
95
77
77
94
109
69
105
92
99
85
89
87
85
97
92
96
83
87
105
90
90
96
88
80
81
100
81
87
73
94
78
76
90
88
81
77
78
94
87
87
91
93
115
73
90
82
104
81
81
90
104
90
100
98
90
91
106
87
99
94
95
78
104
90
95
88
86
75
97
95
73
95
89
98
92
96
97
97
94
101
100
119
98
92
120
94
99
105
102
99
104
95
110
77
82
114
98
97
84
92
109
98
90
93
93
94
109
94
93
98
98
111
91
103
95
97
107
82
86
81
98
95
96
108
80
98
107
114
106
91
99
89
85
108
114
128
116
106
109
96
95
88
101
100
97
96
105
107
110
97
89
96
97
90
113
103
109
68
129
99
91
113
102
114
110
109
104
93
109
99
114
116
105
116
104
111
114
97
95
101
106
106
104
106
111
94
99
85
102
105
102
103
102
92
100
126
144
96
109
125
123
109
96
137
112
107
120
121
111
116
104
119
106
104
114
124
129
125
103
115
122
114
141
129
109
109
127
132
108
113
119
132
124
124
110
125
110
109
107
123
121
127
129
127
117
99
86
112
113
96
108
114
118
105
131
113
134
107
106
109
124
133
119
114
102
102
112
99
125
102
109
92
108
108
111
107
115
125
146
124
110
105
114
113
102
126
124
101
124
136
107
122
113
119
109
116
120
106
96
123
121
127
98
111
110
109
129
112
100
118
104
119
114
116
131
118
102
125
110
106
105
99
108
117
124
112
112
112
111
115
107
120
112
123
130
109
112
114
120
127
123
133
113
116
107
117
106
118
107
99
113
133
122
117
129
107
86
110
124
116
116
110
98
113
108
118
128
124
123
112
118
103
111
126
127
102
113
123
118
104
122
105
104
111
121
125
138
107
103
97
123
117
109
143
112
92
112
110
105
106
102
129
90
112
119
115
113
106
112
101
149
118
131
112
122
123
128
107
103
111
116
120
99
118
117
110
122
124
119
110
103
108
103
129
134
104
89
101
116
125
96
110
113
109
122
92
108
116
98
119
122
123
106
112
105
126
100
118
117
110
113
104
121
123
106
128
118
108
119
122
137
109
106
111
120
110
110
131
122
134
112
120
128
112
107
122
101
139
119
107
136
138
110
96
127
124
106
122
96
101
117
110
122
126
125
137
112
136
126
116
113
122
114
105
112
108
109
115
115
113
120
108
118
120
114
132
117
112
125
120
142
129
132
112
117
131
111
127
100
111
140
130
120
119
109
134
120
104
120
108
116
116
129
120
115
127
127
122
123
117
119
115
115
110
115
124
119
114
123
113
120
109
136
120
118
116
121
114
114
117
125
127
105
133
106
110
117
111
113
122
125
108
129
120
141
107
106
121
89
113
115
117
120
126
104
105
94
125
120
129
119
123
103
131
128
122
110
110
121
125
107
117
115
100
107
96
123
116
112
122
121
128
118
141
103
116
106
85
108
112
104
136
122
110
127
118
125
108
124
122
107
116
129
114
124
141
127
118
128
127
111
138
136
115
102
135
120
121
115
124
125
123
114
112
117
122
115
107
108
97
97
130
123
125
113
102
102
115
118
120
141
127
116
123
119
131
123
116
111
123
132
130
117
112
111
135
129
109
121
128
122
125
133
107
140
116
124
155
115
120
111
131
137
112
132
124
122
132
135
137
129
128
123
127
134
137
135
131
114
115
117
131
126
128
115
137
139
143
137
132
124
141
139
132
130
136
122
145
137
138
127
138
138
127
112
128
127
138
133
126
150
154
111
161
151
134
145
118
126
159
130
150
135
143
123
132
122
119
132
154
150
159
152
151
130
144
134
134
147
129
149
122
160
150
164
157
143
131
147
156
138
141
159
152
142
146
157
149
159
160
180
166
143
157
127
134
141
163
138
125
149
138
163
155
136
169
146
150
148
155
161
154
135
138
159
153
171
161
147
151
154
151
155
142
132
163
150
152
157
141
156
136
153
162
159
169
138
140
135
162
140
147
172
128
150
127
115
154
164
168
147
148
150
146
134
144
141
156
160
153
128
164
143
127
129
144
143
170
138
157
123
135
115
129
152
152
142
138
154
131
141
129
163
137
137
144
135
127
124
148
131
129
128
131
140
138
148
145
117
135
150
128
116
112
152
148
161
153
134
129
128
136
120
140
127
133
134
141
121
133
141
136
120
138
159
132
130
125
141
114
113
133
137
130
145
124
137
144
138
130
114
113
123
147
134
134
101
124
105
121
116
114
126
129
146
131
114
138
107
129
151
117
119
119
141
119
133
119
133
131
116
94
135
116
146
150
117
122
134
132
128
131
129
130
149
140
125
129
112
100
126
123
127
117
126
122
116
120
104
133
113
126
123
133
112
125
100
101
116
118
127
134
114
122
128
126
130
121
109
144
113
113
126
118
112
146
109
132
146
122
114
138
128
111
124
109
120
143
120
105
101
113
102
105
112
107
128
117
134
100
106
106
116
126
125
119
102
117
137
116
120
109
124
125
104
137
97
129
97
110
108
114
126
102
130
98
118
118
115
114
115
127
108
123
140
119
91
99
110
118
101
102
106
102
128
103
113
137
101
101
110
109
122
114
146
127
125
119
109
108
111
125
106
99
107
107
108
107
96
123
103
110
98
109
118
108
130
92
118
111
111
111
115
121
103
121
115
107
126
122
99
131
93
110
115
114
110
104
113
114
124
122
100
108
105
120
115
106
125
133
110
118
109
114
128
117
118
98
119
123
111
99
119
96
105
112
100
99
101
98
144
92
118
104
103
119
122
95
120
106
95
122
114
125
110
110
116
118
107
100
116
103
100
103
109
117
95
100
97
121
108
113
109
96
112
118
94
98
117
106
121
107
80
112
113
96
99
113
96
105
99
104
119
96
109
109
108
112
111
103
106
95
104
113
88
100
73
126
108
93
108
104
118
103
106
87
82
115
85
89
119
101
108
95
101
114
108
95
101
101
112
115
90
104
112
113
111
110
106
103
91
111
107
100
113
112
115
105
100
98
80
104
93
104
97
106
100
109
106
117
113
86
120
107
109
103
116
105
108
96
117
108
120
86
94
110
87
92
101
104
105
94
91
74
102
80
103
109
105
91
95
85
92
106
108
88
93
94
105
110
126
87
97
99
99
81
104
105
96
96
97
100
106
106
100
76
104
93
97
101
99
95
95
105
100
103
90
91
89
99
72
106
84
100
112
94
96
88
99
92
100
113
111
92
89
94
81
109
96
100
102
102
97
91
76
117
91
86
80
104
99
100
76
106
96
91
91
101
94
85
88
88
98
125
107
94
101
104
91
93
81
100
97
122
77
74
105
90
102
86
95
97
105
102
103
81
110
84
94
101
94
82
103
117
88
101
93
88
84
99
106
98
89
104
88
83
93
76
87
87
102
85
79
90
85
104
89
111
106
102
87
111
106
99
87
102
104
99
78
92
100
102
76
89
92
107
92
100
95
86
104
116
77
104
90
77
102
101
88
110
107
81
103
71
104
105
86
99
86
80
97
105
104
104
86
92
99
102
91
96
84
103
86
107
77
93
76
107
92
88
94
93
86
114
93
83
108
84
100
108
98
105
98
78
96
92
89
91
96
90
98
105
93
92
90
98
93
93
85
103
86
92
92
102
99
96
101
89
102
85
116
69
93
91
93
96
84
108
102
102
90
80
91
99
83
94
92
79
102
86
79
83
83
101
82
89
79
100
81
94
96
74
91
120
85
96
95
86
100
84
92
92
94
112
78
100
118
93
107
115
104
73
93
97
111
81
93
96
81
90
104
83
97
96
80
87
73
101
93
101
91
90
100
74
102
96
90
92
76
97
93
86
88
83
89
78
86
73
87
75
89
86
92
82
96
101
106
87
78
96
119
81
82
74
73
87
93
104
91
88
96
99
101
86
95
92
85
92
84
97
99
73
84
116
87
104
95
95
79
92
80
94
79
95
86
94
106
96
76
92
87
80
101
79
90
98
83
94
84
90
91
83
87
97
106
89
91
98
107
89
84
90
90
106
88
91
94
92
83
89
74
95
81
88
78
101
93
96
102
87
94
90
93
85
89
94
94
107
83
82
77
102
93
93
87
100
88
92
105
86
103
78
95
90
96
104
86
86
91
99
67
89
91
109
85
89
94
102
87
73
88
91
73
74
92
100
82
93
83
82
100
95
92
98
91
94
104
91
89
84
102
92
73
104
84
89
91
97
94
82
88
87
88
86
106
94
104
95
74
78
84
91
84
100
89
85
85
79
97
87
94
92
92
85
89
88
88
79
98
92
90
78
111
86
90
87
96
87
96
105
90
98
94
71
105
108
92
102
109
97
105
90
88
82
83
80
91
98
91
93
88
103
100
89
100
100
79
89
89
85
82
84
101
104
79
76
84
90
74
75
85
89
82
86
80
92
85
82
78
77
86
86
95
91
86
100
89
73
73
90
93
98
81
95
84
75
80
89
74
105
85
103
99
84
99
88
73
80
95
88
85
92
72
93
85
88
74
89
101
94
90
75
92
73
89
83
89
93
91
74
100
84
65
87
103
107
99
87
82
92
106
101
93
90
88
97
85
86
94
96
82
87
88
89
87
93
93
104
88
83
87
81
101
76
89
75
87
95
80
81
88
95
99
91
100
80
88
81
94
87
93
80
91
97
82
89
94
72
105
93
90
95
80
85
84
93
72
79
97
88
95
68
97
93
69
86
71
78
90
74
90
81
82
87
93
92
94
70
97
82
82
90
93
92
100
83
89
72
98
89
84
97
84
84
90
95
94
94
83
91
74
83
97
85
85
79
85
95
92
91
75
91
94
95
83
89
97
75
83
86
80
84
89
78
100
90
84
101
92
80
99
81
89
76
90
55
94
79
103
76
95
81
75
91
87
85
97
107
93
82
86
78
94
92
97
89
90
94
78
75
77
103
57
85
99
94
87
74
77
93
105
98
91
88
90
89
84
82
78
94
88
95
88
84
84
77
76
79
91
90
70
100
82
83
80
75
100
95
85
78
78
85
91
93
78
92
87
79
81
88
78
97
86
97
81
90
85
91
87
97
84
76
79
88
82
87
82
99
85
91
95
89
104
115
86
93
91
93
81
72
67
79
87
79
87
78
95
84
95
78
104
75
83
90
91
89
99
91
86
78
91
81
100
80
87
93
78
107
101
75
101
92
78
89
112
60
93
96
69
76
72
86
86
90
79
79
91
88
79
82
87
84
77
84
64
83
78
85
91
77
88
83
96
81
84
78
97
79
98
98
98
77
104
88
100
77
90
102
83
72
95
86
92
90
89
88
87
89
100
91
81
82
65
90
88
94
101
85
81
102
78
77
115
88
90
84
101
78
90
84
84
76
88
79
79
97
98
95
79
83
61
70
94
94
87
101
85
89
90
104
79
92
96
88
79
94
95
77
80
108
92
80
93
84
90
72
90
78
77
92
108
86
97
93
97
98
89
76
78
97
95
93
89
92
81
82
97
74
99
81
93
83
93
77
80
95
78
109
94
98
102
92
83
83
75
94
108
99
94
86
94
99
70
84
77
87
85
82
90
76
84
92
78
87
83
85
88
83
84
102
71
74
92
99
89
81
80
86
89
83
103
94
92
98
81
86
87
94
88
90
82
96
82
93
81
87
92
87
81
86
94
83
86
89
99
89
97
106
73
86
82
89
80
87
66
101
86
88
80
81
101
82
83
104
87
97
104
94
76
103
103
88
88
90
91
99
66
105
78
99
84
79
94
90
93
88
86
97
102
91
66
97
97
86
89
72
95
77
90
91
79
103
85
77
84
79
79
87
91
91
90
85
76
87
92
94
82
86
89
78
89
85
91
77
70
88
98
79
84
95
103
78
84
82
99
101
108
81
81
77
89
95
108
87
79
84
89
87
93
99
91
83
84
69
88
99
79
97
82
84
116
95
80
85
85
82
97
97
82
97
85
101
101
112
105
96
103
104
88
78
93
87
83
95
95
92
86
89
93
87
72
89
98
83
90
88
76
93
94
100
98
84
100
91
77
92
97
69
97
113
88
76
96
64
88
72
80
87
115
97
96
95
107
82
92
85
91
84
113
81
99
78
94
94
76
85
83
94
94
90
91
90
96
105
77
101
98
87
75
83
101
85
82
105
93
76
110
95
94
81
92
98
78
97
91
86
93
84
102
89
73
85
92
94
104
89
95
86
79
91
83
83
105
95
111
82
94
88
92
74
89
97
90
91
84
86
87
102
77
97
71
92
74
100
86
81
86
99
94
96
84
84
100
78
83
84
114
91
92
81
95
83
87
93
82
109
86
83
93
100
97
83
112
102
95
88
102
89
78
82
95
90
96
98
80
83
87
78
108
92
93
112
106
70
86
106
88
109
91
107
97
97
87
90
102
87
89
82
101
99
90
93
91
106
81
95
103
82
105
89
85
87
106
85
92
89
97
85
112
97
83
100
106
89
127
76
79
100
100
84
84
91
93
86
86
95
93
107
88
100
84
90
92
101
80
101
82
98
86
86
84
92
103
98
85
81
105
95
76
98
84
94
92
88
110
118
87
89
107
105
107
78
85
108
111
118
91
108
92
92
99
86
95
107
94
92
88
94
84
102
77
102
92
102
87
93
75
103
99
109
95
122
102
81
102
72
86
83
110
88
94
97
96
95
95
95
101
101
105
96
92
102
99
96
101
103
102
97
97
100
82
101
104
98
102
91
82
94
81
92
92
100
86
113
95
90
93
87
79
98
98
99
93
103
89
86
98
96
83
118
96
112
91
88
112
108
86
90
96
105
99
106
100
96
110
95
85
87
97
114
103
103
89
94
98
94
97
82
100
100
95
85
91
112
86
80
97
97
99
95
101
100
91
89
85
99
91
85
102
97
91
94
81
100
78
94
85
94
70
107
99
100
90
96
105
90
100
83
83
96
106
93
88
84
86
91
96
114
96
125
103
85
115
91
93
96
109
94
103
98
109
93
93
91
79
109
110
109
86
106
108
92
96
99
118
102
96
101
90
105
81
85
105
104
106
100
91
101
86
107
105
124
85
97
106
88
107
117
95
98
115
123
96
98
102
101
92
96
97
93
107
102
102
104
101
94
88
129
93
102
95
95
91
92
109
103
111
92
95
98
97
98
95
102
98
103
123
114
90
114
79
93
87
108
100
98
99
115
116
87
109
103
95
95
114
99
106
92
87
85
81
105
102
96
88
101
107
90
101
114
97
103
96
115
96
105
104
92
93
102
94
94
98
91
96
117
109
112
80
112
88
92
106
95
117
89
94
97
105
85
98
91
116
114
115
107
98
87
94
79
105
111
104
97
98
101
97
115
104
104
85
98
83
103
105
116
114
105
105
112
102
108
107
100
106
95
76
114
109
114
104
96
116
89
103
92
94
81
90
101
104
100
116
103
84
93
97
97
115
98
108
91
120
103
103
111
109
89
98
108
92
104
111
79
101
95
104
97
105
92
109
109
94
118
99
100
117
112
128
125
108
107
116
110
102
100
105
120
97
99
112
114
110
108
102
107
106
114
116
99
118
113
89
89
99
105
89
115
91
107
112
135
91
122
93
110
105
111
99
109
97
92
124
108
110
102
105
111
98
98
97
102
93
100
103
98
92
116
126
96
100
122
125
119
115
96
99
101
105
115
116
99
117
94
104
112
111
112
92
121
88
106
109
94
105
109
125
125
114
99
108
107
115
96
103
128
91
93
92
98
105
115
108
96
103
101
87
104
114
102
109
95
107
107
110
138
103
109
101
97
106
115
102
119
101
97
88
94
98
104
122
100
113
108
113
109
99
112
123
112
119
94
123
105
91
100
94
106
123
118
103
104
105
104
119
98
111
108
112
86
112
115
98
112
106
96
115
102
123
110
103
120
96
100
97
103
111
116
130
107
100
119
89
91
117
90
94
116
98
105
89
119
108
110
97
92
119
112
108
110
97
103
96
107
113
96
111
111
100
116
92
126
110
105
92
106
116
88
114
98
115
97
105
112
114
115
98
97
90
121
104
113
107
101
100
118
93
88
109
107
101
109
119
107
106
104
94
98
94
112
94
95
99
110
98
102
110
127
104
97
105
102
104
116
113
101
99
100
96
102
127
110
98
113
103
117
126
108
85
109
101
132
109
132
106
126
109
104
107
98
89
122
112
100
120
101
118
80
105
101
114
99
81
115
100
114
100
106
118
93
108
111
112
115
118
108
107
92
102
114
92
122
120
105
102
111
107
100
98
104
120
99
95
90
93
112
107
115
129
111
103
102
104
113
99
98
101
99
100
110
123
109
98
102
106
96
104
93
87
99
93
98
101
112
110
99
102
106
99
108
93
86
110
112
89
100
103
96
108
98
106
93
112
121
112
104
94
98
89
93
97
84
104
113
107
108
107
97
104
112
110
89
96
90
115
100
117
97
90
97
109
98
79
108
96
117
93
102
87
94
76
86
92
91
117
86
88
93
104
80
98
108
100
99
86
94
88
100
91
88
119
85
103
98
102
79
91
103
91
84
95
91
101
101
103
103
111
105
94
87
97
88
79
105
84
89
87
113
91
113
103
87
113
101
83
80
89
85
98
99
86
99
86
97
96
87
85
82
81
81
89
100
65
82
101
92
92
90
75
89
98
84
77
95
98
70
94
91
94
75
105
74
97
93
96
88
79
82
61
90
83
106
81
93
65
70
90
77
82
91
88
82
86
80
81
66
87
73
82
80
92
88
78
85
92
83
68
79
69
80
90
85
80
81
80
87
85
91
81
85
73
74
77
89
94
72
93
96
64
77
76
95
73
84
76
83
71
79
86
63
72
80
90
85
87
79
84
86
81
83
96
79
74
69
65
73
72
85
80
85
83
65
86
94
82
81
66
79
67
78
86
77
78
70
75
82
86
83
70
79
84
81
75
72
70
77
73
69
67
80
61
84
87
76
70
68
62
64
76
62
81
79
84
81
76
65
59
70
73
84
61
77
82
80
55
83
75
84
64
62
83
76
87
77
71
84
81
69
75
75
68
73
55
77
68
77
92
79
87
68
65
63
59
82
78
66
81
85
70
72
73
73
71
93
70
66
61
58
77
68
68
83
71
76
87
64
69
75
71
72
72
63
53
91
77
67
72
76
74
75
66
79
87
68
81
74
63
70
81
70
74
72
83
75
78
68
86
60
74
68
69
76
71
68
76
52
74
74
89
79
77
61
65
62
79
67
76
68
75
71
70
69
70
78
60
69
69
69
86
61
65
55
77
78
65
69
63
54
80
67
51
63
69
76
61
64
77
73
73
67
67
74
86
61
60
53
75
69
56
60
69
69
74
82
66
76
68
89
66
71
79
73
63
65
65
61
56
78
65
58
74
83
79
61
76
74
71
60
77
64
61
66
72
68
71
76
80
66
62
62
69
65
57
70
61
75
82
62
66
77
57
62
52
74
77
73
69
60
65
67
70
76
76
85
77
53
62
59
75
60
73
75
63
57
75
56
77
55
71
65
69
72
70
55
64
76
63
77
62
55
71
79
64
57
67
68
71
63
65
75
60
56
65
63
72
60
52
68
55
72
64
63
72
63
64
75
64
70
70
64
64
71
55
61
66
67
78
68
59
68
71
78
67
58
61
60
85
65
68
80
55
80
73
55
66
72
48
70
72
55
74
71
74
61
64
69
66
71
52
82
60
71
69
55
71
69
58
78
61
58
53
61
70
56
65
64
66
56
62
68
74
70
62
62
65
55
57
72
61
66
58
68
57
53
69
59
57
61
83
67
66
68
58
68
69
64
75
64
62
72
70
62
54
67
61
51
54
66
57
62
54
74
88
79
61
66
75
73
75
72
67
67
61
59
65
62
87
63
52
50
63
69
70
64
70
59
63
74
71
77
64
73
65
83
60
72
63
64
73
64
61
81
62
63
66
57
65
68
74
73
85
63
74
74
75
73
79
60
77
57
73
80
66
73
69
70
68
75
64
67
81
75
81
78
81
69
67
79
76
55
75
69
71
78
69
76
81
80
79
91
72
70
90
82
74
93
72
83
77
67
86
76
73
73
86
73
89
75
84
89
96
97
88
71
88
99
76
76
96
78
99
94
81
86
79
88
78
94
89
99
81
88
82
94
83
93
85
69
84
95
83
94
99
88
102
95
69
78
104
90
111
94
82
109
96
98
81
111
104
101
119
99
112
113
85
80
96
98
104
110
113
129
141
111
111
117
89
123
120
122
135
116
112
127
121
122
128
118
136
106
116
115
134
120
119
123
123
130
116
113
120
132
105
131
121
112
113
124
142
120
130
117
132
149
166
124
143
135
120
153
128
142
140
141
140
134
155
160
164
146
135
169
165
139
141
144
147
163
174
151
169
166
149
154
160
168
155
168
185
140
199
164
180
163
171
171
162
187
160
178
170
148
156
182
189
157
188
152
189
172
163
185
173
185
168
171
192
198
153
191
174
176
181
206
213
184
189
176
189
187
197
195
196
196
179
203
188
185
221
205
198
183
213
203
216
187
210
215
216
189
195
189
187
196
198
229
196
209
232
217
185
200
196
215
222
176
169
213
225
210
205
225
187
231
230
202
186
212
190
227
214
239
208
220
219
202
219
230
220
215
218
224
226
221
194
206
227
229
228
211
205
191
231
201
219
218
214
184
202
205
233
218
221
247
243
204
197
201
206
225
218
238
204
233
211
211
214
210
221
203
212
215
218
218
220
233
200
215
222
237
205
199
224
196
195
195
216
215
195
207
204
225
186
209
193
205
208
196
175
198
183
186
170
191
183
195
179
200
175
194
171
189
165
177
196
179
171
170
192
174
178
160
197
174
173
185
163
175
184
164
172
180
162
199
133
171
170
146
167
160
170
154
160
157
157
150
151
159
167
158
146
131
178
140
139
171
128
141
135
140
166
143
115
153
126
131
139
135
133
138
155
120
136
144
143
129
139
133
113
131
121
124
132
122
120
113
105
121
121
122
109
110
109
100
95
125
108
102
111
105
104
100
110
103
88
110
100
90
85
106
96
103
94
91
96
88
71
92
97
97
98
72
88
80
94
69
78
86
84
80
75
77
88
86
82
67
78
86
77
72
73
73
58
57
80
81
73
76
65
79
59
84
61
62
88
62
72
72
74
65
59
62
68
56
55
51
52
50
72
55
60
44
53
78
53
59
69
66
45
50
66
64
50
46
37
51
52
51
60
48
44
52
50
56
48
51
46
59
51
40
42
30
45
44
45
45
45
51
53
58
50
44
41
42
55
41
50
55
48
37
35
52
53
35
35
41
51
42
50
43
32
42
33
32
31
47
49
32
44
34
30
51
49
40
32
44
49
42
33
45
42
49
37
43
41
52
38
54
55
42
35
38
32
45
41
36
31
44
50
40
31
43
46
23
49
47
41
45
36
45
42
57
39
55
50
51
51
42
42
46
44
50
61
36
53
52
47
53
53
54
58
47
50
40
58
48
54
51
37
46
60
58
52
59
50
50
44
61
55
66
65
52
71
56
58
62
49
69
69
59
55
56
59
55
58
63
71
47
61
67
69
65
57
70
66
62
59
73
61
76
69
72
75
61
74
74
64
68
71
90
89
56
72
77
78
74
74
72
73
85
93
60
81
86
78
65
69
74
80
79
99
68
75
79
99
77
87
85
81
77
73
88
111
74
88
100
83
94
86
82
95
88
101
115
85
104
104
104
110
99
106
100
103
88
88
101
108
93
111
109
122
88
113
112
103
96
114
121
105
119
119
125
120
92
107
123
125
103
118
119
137
112
116
122
136
106
143
120
113
117
138
111
125
128
131
112
138
137
134
131
132
129
144
138
145
121
132
122
141
133
121
139
145
122
137
141
148
135
139
145
151
142
143
144
141
152
154
132
156
143
150
130
162
166
143
178
145
144
165
150
157
151
155
155
165
160
160
164
132
176
144
142
174
158
171
151
157
161
144
155
167
160
145
176
186
155
179
178
183
183
150
162
170
182
166
196
172
166
162
177
183
146
146
174
174
167
158
148
164
166
182
184
167
195
184
155
170
161
156
169
159
170
159
154
156
164
176
161
175
177
177
158
170
168
173
153
169
169
174
178
186
174
152
176
175
179
171
154
160
142
158
146
157
171
161
172
182
150
160
176
162
147
164
181
179
149
158
187
146
150
163
163
142
144
166
143
166
160
163
139
158
162
149
167
139
154
165
161
155
142
148
129
153
146
165
145
153
154
146
136
158
134
134
151
146
150
136
131
150
157
141
135
128
130
161
118
132
131
127
133
138
144
124
130
133
138
141
138
139
141
141
128
139
115
111
140
101
100
117
126
123
121
111
100
136
108
123
109
127
118
118
131
108
118
114
103
119
116
117
108
111
99
116
94
97
100
96
109
111
104
92
97
94
96
92
95
102
83
93
96
96
97
80
91
81
80
98
77
112
81
82
101
87
81
75
79
84
73
93
72
76
80
79
86
68
66
78
74
64
58
75
72
84
55
65
68
78
65
72
91
71
73
65
67
68
56
58
58
57
73
45
56
46
57
62
46
50
50
45
53
57
52
63
48
52
59
59
64
35
50
42
51
40
46
37
45
49
46
43
37
54
42
46
40
51
33
41
34
48
39
31
34
27
40
29
43
33
24
32
24
37
31
27
28
26
26
27
33
27
30
28
18
30
23
31
22
24
34
15
24
24
17
14
22
25
22
23
17
22
13
22
29
23
18
13
19
16
19
13
28
32
15
19
22
22
25
10
16
18
8
15
16
25
10
19
18
13
13
11
16
13
13
16
12
11
17
12
13
11
9
17
12
10
8
12
8
11
9
10
8
10
8
13
8
11
10
13
6
10
11
9
5
10
8
14
5
9
9
8
10
6
7
5
5
13
4
6
10
5
7
9
9
10
2
6
12
7
6
10
3
9
5
8
5
5
10
5
3
6
4
4
7
3
6
5
5
4
4
11
1
9
5
2
6
8
7
5
4
6
3
9
7
5
4
1
2
8
2
11
4
4
7
5
4
2
6
3
4
4
6
2
0
4
3
5
5
4
3
8
4
5
3
3
4
2
3
7
6
1
5
3
3
1
1
0
3
3
4
5
5
4
4
3
5
1
5
3
3
5
4
5
1
4
3
3
4
2
5
4
6
4
8
5
1
3
8
3
5
6
1
1
1
0
4
1
5
8
2
3
4
4
3
1
4
1
5
4
1
2
8
1
2
2
7
2
0
1
4
7
7
2
1
4
4
5
2
2
1
0
2
0
0
1
3
1
3
0
1
1
1
3
2
1
2
4
1
1
2
4
3
0
3
2
0
3
2
0
5
2
3
3
2
3
3
2
2
2
1
3
3
1
2
3
1
3
1
4
2
4
3
2
2
3
2
3
1
2
0
3
5
0
1
2
4
0
0
4
2
1
3
2
2
2
1
3
1
1
1
7
1
1
0
2
1
1
1
1
1
2
5
1
4
3
0
0
1
2
1
2
0
1
3
2
2
3
3
1
4
0
2
1
3
3
1
1
2
1
1
1
0
3
1
1
1
0
2
1
1
2
1
3
2
1
0
5
0
1
0
1
1
3
1
1
1
1
1
3
2
1
2
1
2
2
1
1
1
1
1
1
2
1
2
3
0
2
2
3
1
2
1
2
1
1
1
2
1
1
1
1
3
1
2
2
0
2
2
1
1
3
1
2
2
0
0
1
0
0
0
1
0
0
1
0
2
1
1
1
3
0
0
0
1
1
1
4
0
0
2
2
1
0
1
0
1
0
0
1
0
1
2
0
2
2
2
1
1
2
2
1
1
0
0
1
2
1
1
1
1
0
0
1
0
2
1
1
1
0
0
1
2
1
0
0
5
2
1
0
0
2
1
0
0
1
0
0
0
3
1
0
2
1
1
0
0
0
1
1
3
0
0
2
0
0
0
0
1
1
2
1
2
0
0
2
1
0
2
1
1
0
2
0
2
1
2
1
2
1
2
2
1
1
0
0
3
2
1
0
0
1
1
2
1
0
1
1
2
0
2
2
1
0
1
1
1
0
3
1
0
1
1
1
0
1
0
2
2
1
0
1
1
1
1
0
0
0
2
0
1
2
1
1
1
1
1
0
0
0
0
1
2
1
2
0
1
2
0
0
0
4
0
2
1
2
2
0
0
0
1
1
3
0
0
2
1
1
0
0
0
2
0
0
1
3
0
2
0
0
0
0
1
0
2
2
0
2
0
0
2
2
1
0
0
0
2
0
1
2
0
0
0
1
2
2
0
2
1
0
2
0
1
0
2
1
1
0
0
2
1
2
0
0
0
0
0
2
3
0
1
0
3
1
1
1
0
2
2
1
1
0
1
1
1
1
0
1
0
1
1
2
0
4
2
0
1
2
0
0
0
1
0
2
1
1
4
1
1
1
0
2
2
1
2
0
3
0
0
2
0
1
0
0
1
2
0
2
0
2
1
1
1
2
0
0
1
0
0
0
1
0
0
1
0
0
1
2
1
1
0
2
0
0
1
0
0
1
0
0
0
2
1
0
2
1
2
3
3
0
1
2
2
0
0
1
1
0
0
0
0
1
0
1
2
2
0
0
0
1
0
2
3
0
0
1
0
0
1
1
0
0
1
2
1
1
0
2
0
1
1
1
0
1
1
0
1
1
1
2
3
0
0
1
1
0
0
0
0
1
1
1
1
0
1
0
0
0
1
2
1
0
0
1
2
0
1
0
1
0
1
1
1
1
2
1
2
1
0
0
1
0
0
1
0
0
1
1
1
0
1
1
1
0
2
0
0
0
2
1
0
0
1
0
1
0
0
3
2
0
0
0
3
0
0
0
0
2
1
2
0
1
2
0
2
1
0
1
1
2
2
2
3
0
0
1
0
2
0
1
1
0
0
2
2
0
1
0
3
0
1
1
3
2
1
1
1
0
0
0
0
1
0
3
1
1
0
1
1
2
0
0
0
1
1
1
1
1
1
0
0
1
1
0
1
0
4
2
1
1
1
0
1
1
0
0
1
0
0
0
0
0
0
0
1
0
0
0
0
0
0
3
2
1
0
0
1
1
1
0
0
1
1
0
1
1
0
0
0
0
0
0
0
0
0
0
2
2
3
0
1
1
0
0
0
1
1
1
0
0
2
1
2
1
1
0
0
1
2
0
2
1
0
2
0
1
2
2
0
1
0
3
0
3
2
2
0
4
0
0
2
2
3
0
3
2
3
4
8
1
5
2
6
3
6
5
2
5
7
12
12
15
15
18
17
18
19
26
17
24
14
15
22
22
24
22
29
25
18
28
36
36
26
26
32
36
34
50
34
30
37
46
25
42
38
22
17
15
12
14
16
4
7
3
1
0
1
2
2
2
4
7
10
6
9
14
7
10
9
7
6
6
4
1
0
1
0
0
0
0
0
0
0
0
0
0
0
1
0
0
0
0
0
0
0
0
0
0
0
0
0
0
0
0
0
0
0
0
0
0
0
0
0
0
0
0
0
0
0
0
0
0
0
0
0
0
0
0
0
0
0
0
0
0
0
0
0
0
0
0
0
0
0
0
0
0
0
0
0
0
0
0
0
0
0
0
0
0
0
0
0
0
0
0
0
0
0
0
0
0
0
0
0
0
0
0
0
0
0
0
0
0
0
0
0
0
0
0
0
0
0
0
0
0
0
0
0
0
0
0
0
0
0
0
0
0
0
0
0
0
0
0
0
0
0
0
0
0
0
0
0
0
0
0
0
0
0
0
0
0
0
0
0
0
0
0
0
0
0
0
0
0
0
0
0
0
0
0
0
0
0
0
0
0
0
0
0
0
0
0
0
0
0
0
0
0
0
0
0
0
0
0
0
1
0
0
0
0
0
0
0
0
0
0
0
0
0
0
0
0
0
0
0
0
0
0
0
0
0
0
0
0
0
0
0
0
0
0
0
0
0
0
0
0
0
0
0
0
0
0
0
0
0
0
0
0
0
0
0
0
0
0
0
0
0
0
0
0
0
0
0
0
0
0
0
0
0
0
0
0
0
0
0
0
0
0
0
0
0
0
0
0
0
0
0
0
0
0
0
0
0
0
0
0
0
0
0
0
0
0
0
0
0
0
0
0
0
0
0
0
0
0
0
0
0
0
0
0
0
0
0
0
0
0
0
0
0
0
0
0
0
0
0
0
0
0
0
0
0
0
0
0
0
0
0
0
0
0
0
0
0
0
0
0
0
0
0
0
0
0
0
0
0
0
0
0
0
0
0
0
0
0
0
0
0
0
0
0
0
0
0
0
0
0
0
0
0
0
0
0
0
0
0
0
0
0
0
0
0
0
0
0
0
0
0
0
0
0
0
0
0
0
0
0
0
0
0
0
0
0
0
0
0
0
0
0
0
0
0
0
0
0
0
0
0
0
0
0
0
0
0
0
0
0
0
0
0
0
0
0
0
0
0
0
0
0
0
0
0
0
0
0
0
0
0
0
0
0
0
0
0
0
0
0
0
0
0
0
0
0
0
0
0
0
0
0
0
0
0
0
0
0
0
0
0
0
0
0
0
0
0
0
0
0
0
0
0
0
0
0
0
0
0
0
0
0
0
0
0
0
0
0
0
0
0
0
0
0
0
0
0
0
0
0
0
0
0
0
0
0
0
0
0
0
0
0
0
0
0
0
0
0
0
0
0
0
0
0
0
0
0
0
0
0
0
0
0
0
0
0
0
0
0
0
0
0
0
0
0
0
0
0
0
0
0
0
0
0
0
0
0
0
0
0
0
0
0
0
0
0
0
0
0
0
0
0
0
0
0
0
0
0
0
0
0
0
0
0
0
0
0
0
0
0
0
0
0
0
0
0
0
0
0
0
0
0
0
0
0
0
0
0
0
0
0
0
0
0
0
0
0
0
0
0
0
0
0
0
0
0
0
0
0
0
0
0
0
0
0
0
0
0
0
0
0
0
0
0
0
0
0
0
0
0
0
0
0
0
0
0
0
0
0
0
0
0
0
0
0
0
0
0
0
0
0
0
0
0
0
0
0
0
0
0
0
0
0
0
0
0
0
0
0
0
0
0
0
0
0
0
0
0
0
0
0
0
0
0
0
0
0
0
0
0
0
0
0
0
0
0
0
0
0
0
0
0
0
0
0
0
0
0
0
0
0
0
0
0
0
0
0
0
0
0
0
0
0
0
0
0
0
0
0
0
0
0
0
0
0
0
0
0
0
0
0
0
0
0
0
0
0
0
0
0
0
0
0
0
0
0
0
0
0
0
0
0
0
0
0
0
0
0
0
0
0
0
0
0
0
0
0
0
0
0
0
0
0
0
0
0
0
0
0
0
0
0
0
0
0
0
0
0
0
0
0
0
0
0
0
0
0
0
0
0
0
0
0
0
0
0
0
0
0
0
0
0
0
0
0
0
0
0
0
0
0
0
0
0
0
0
0
0
0
0
0
0
0
0
0
0
0
0
0
0
0
0
0
0
0
0
0
0
0
0
0
0
0
0
0
0
0
0
0
0
0
0
0
0
0
0
0
0
0
0
0
0
0
0
0
0
0
0
0
0
0
0
0
0
0
0
0
0
0
0
0
0
0
0
0
0
0
0
0
0
0
0
0
0
0
0
0
0
0
0
0
0
0
0
0
0
0
0
0
0
0
0
0
0
0
0
0
0
0
0
0
0
0
0
0
0
0
0
0
0
0
0
0
0
0
0
0
0
0
0
0
0
0
0
0
0
0
0
0
0
0
0
0
0
0
0
0
0
0
0
0
0
0
0
0
0
0
0
0
0
0
0
0
0
0
0
0
0
0
0
0
0
0
0
0
0
0
0
0
0
0
0
0
0
0
0
0
0
0
0
0
0
0
0
0
0
0
0
0
0
0
0
0
0
0
0
0
0
0
0
0
0
0
0
0
0
0
0
0
0
0
0
0
0
0
0
0
0
0
0
0
0
0
0
0
0
0
0
0
0
0
0
0
0
0
0
0
0
0
0
0
0
0
0
0
0
0
0
0
0
0
0
0
0
0
0
0
0
0
0
0
0
0
0
0
0
0
0
0
0
0
0
0
0
0
0
0
0
0
0
0
0
0
0
0
0
0
0
0
0
0
0
0
0
0
0
0
0
0
0
0
0
0
0
0
0
0
0
0
0
0
0
0
0
0
0
0
0
0
0
0
0
0
0
0
0
0
0
0
0
0
0
0
0
0
0
0
0
0
0
0
0
0
0
0
0
0
0
0
0
1
0
0
0
0
0
0
0
1
0
0
0
0
0
1
0
0
1
0
0
1
0
0
0
0
0
0
0
0
0
0
0
0
0
0
0
0
0
0
0
0
0
0
0
0
0
0
0
0
0
0
0
0
0
0
0
0
0
0
0
0
1
1
0
0
0
0
1
0
0
1
0
0
1
0
0
0
0
0
0
1
0
0
0
1
1
0
1
0
0
0
0
0
0
0
1
0
0
0
2
0
1
0
0
2
3
1
0
1
4
6
2
2
5
14
10
16
19
32
