33
32
18
24
27
29
26
26
24
29
22
33
31
23
39
34
27
40
41
30
28
38
48
37
43
33
42
45
41
50
48
38
43
43
41
39
57
59
47
57
53
50
58
47
53
45
44
40
32
47
59
36
51
46
28
40
37
56
41
59
48
65
51
58
56
36
54
60
54
67
63
75
53
70
69
77
72
67
80
80
56
73
67
56
70
78
91
97
82
82
90
80
105
101
95
119
114
100
123
110
136
112
106
117
116
110
127
106
106
106
98
97
105
110
95
95
68
84
99
90
67
93
75
83
68
82
76
73
70
81
79
68
69
67
60
51
67
82
47
60
55
53
51
58
43
44
56
55
56
62
49
48
58
46
53
52
51
53
50
43
51
40
58
49
47
57
61
47
37
54
56
39
56
43
54
46
54
53
50
46
44
56
60
42
54
59
52
56
37
57
57
54
66
45
45
56
48
49
65
50
51
48
56
38
70
64
39
45
56
50
51
53
60
60
46
52
50
53
62
66
55
56
50
61
58
60
66
56
48
49
37
56
55
56
48
55
50
58
51
67
56
71
57
58
67
60
71
62
59
65
79
61
60
65
63
43
67
59
58
63
53
49
61
64
68
60
61
67
76
60
59
71
72
68
76
69
64
66
57
71
76
74
64
60
67
63
57
69
64
63
79
58
77
66
57
64
73
66
58
68
65
74
69
69
80
70
68
85
76
53
57
66
68
75
57
62
58
74
66
70
69
80
62
80
70
82
66
58
64
66
70
86
64
71
63
68
55
63
70
59
58
65
75
71
76
76
67
54
59
69
77
73
72
83
80
63
78
69
66
60
67
65
61
57
64
63
57
56
71
55
64
75
70
62
74
66
63
61
67
60
70
45
60
78
69
76
64
77
62
69
56
67
64
71
77
58
74
67
67
92
77
63
53
61
56
68
66
63
57
67
71
61
70
71
70
72
63
80
64
67
53
77
73
70
72
74
68
57
82
61
74
65
61
65
73
85
59
71
72
78
73
70
74
61
68
69
64
77
52
73
67
73
78
80
75
86
78
64
65
71
72
70
67
65
77
61
83
80
68
63
62
67
71
61
63
63
79
70
59
64
59
70
70
78
75
77
62
58
71
75
76
68
71
75
76
63
65
56
67
73
68
79
62
68
76
59
65
71
73
77
73
64
70
78
71
82
54
60
64
78
47
76
77
67
82
71
60
69
72
65
66
70
75
64
73
75
77
72
74
64
62
69
67
85
71
84
56
76
70
61
83
72
65
57
71
64
71
75
65
68
68
69
75
55
71
61
57
72
76
71
58
53
57
61
62
57
67
76
95
52
62
70
84
73
66
63
72
59
73
65
39
63
67
80
68
71
73
73
71
65
60
68
67
77
67
66
71
69
73
62
76
65
70
58
78
64
71
65
81
69
92
75
56
80
67
70
69
59
66
76
82
59
64
64
78
79
82
67
86
69
80
67
81
62
58
80
61
65
75
63
74
74
69
76
77
66
73
83
72
76
65
66
80
47
74
68
68
83
71
70
77
70
76
74
69
70
58
80
53
64
75
75
79
84
80
73
79
82
71
75
62
80
79
63
84
85
67
84
68
96
90
69
83
71
91
79
63
76
77
75
76
81
73
75
88
86
94
81
82
92
70
75
89
86
76
80
74
96
60
76
77
81
77
87
84
97
88
99
93
100
79
77
81
84
74
77
98
99
78
95
94
80
77
72
83
100
96
79
104
85
90
78
107
93
91
78
91
88
99
95
99
117
90
92
85
73
97
101
97
88
97
98
94
75
94
96
112
71
86
91
83
102
103
99
109
98
94
105
109
90
97
92
96
95
96
91
97
109
87
87
94
100
94
88
87
95
92
78
83
81
79
96
93
91
85
93
104
83
84
87
100
86
96
75
68
88
91
74
74
60
96
82
72
86
84
81
88
79
74
87
72
69
74
84
90
79
91
83
67
92
93
80
84
71
67
72
90
77
87
79
72
78
73
73
80
64
75
79
86
75
79
65
85
85
70
83
68
71
77
74
74
73
59
60
57
71
42
82
88
78
55
72
71
76
78
78
69
76
75
64
69
70
65
61
71
66
74
66
57
75
61
70
52
80
68
73
57
76
66
64
71
58
65
49
90
72
75
67
60
80
55
66
60
59
62
59
55
60
68
69
76
59
73
71
52
50
64
70
73
76
66
63
58
65
75
54
58
73
56
64
56
71
60
65
69
61
63
54
49
72
53
40
50
57
65
57
60
56
59
66
59
62
58
55
63
52
64
57
58
56
54
63
53
58
59
74
52
54
74
52
62
51
53
56
61
69
57
59
77
42
66
64
61
63
52
61
54
54
47
68
53
55
55
53
54
61
64
57
60
51
44
53
56
49
48
64
51
59
61
52
45
65
53
47
57
56
58
54
56
53
54
64
63
49
54
65
46
60
60
57
53
57
52
59
59
55
47
58
64
58
57
62
48
50
50
42
47
66
52
47
55
58
56
54
52
56
50
58
64
46
50
42
54
52
53
51
68
46
48
44
58
43
45
44
45
46
38
51
56
63
62
46
47
48
63
53
48
58
54
52
51
53
44
38
56
50
51
51
44
40
51
47
46
53
41
54
49
61
44
53
55
55
46
56
54
49
48
37
51
55
49
48
56
56
48
45
43
55
55
58
39
41
47
35
49
55
53
42
58
49
55
51
62
52
49
55
47
45
47
43
40
54
56
54
57
33
44
40
55
48
44
55
54
37
57
60
55
46
61
48
35
44
45
39
45
45
54
48
44
43
43
57
49
55
51
56
54
41
39
51
50
52
58
44
49
41
41
41
47
40
31
52
40
47
52
51
52
45
44
41
51
62
47
46
45
49
64
36
39
46
52
45
55
44
56
43
52
49
58
43
53
42
47
48
39
43
35
57
46
44
50
52
46
45
48
49
46
56
50
51
44
51
40
55
64
52
46
41
46
57
40
51
60
48
40
41
38
34
57
47
42
53
54
44
46
51
46
43
51
38
53
42
57
51
35
44
62
50
55
44
47
28
42
42
61
41
35
42
58
54
59
34
57
36
51
46
59
50
50
39
31
32
50
47
42
45
41
53
32
48
47
50
52
37
46
44
50
43
36
47
37
55
33
37
46
63
43
44
39
55
39
49
42
46
40
43
51
44
52
46
49
38
50
43
36
44
50
56
47
38
48
47
44
45
37
41
40
42
53
55
36
39
38
40
45
39
44
44
36
47
42
42
43
44
48
51
35
44
34
50
42
51
43
46
49
50
51
46
49
43
35
45
43
43
40
62
50
49
46
41
47
43
37
50
43
41
52
36
35
35
46
48
49
35
66
51
61
36
55
44
47
44
47
54
41
44
44
42
40
44
54
38
38
48
38
39
46
49
30
43
46
41
39
43
45
63
45
51
49
48
38
45
50
44
35
38
38
55
41
55
42
47
45
52
48
55
54
36
34
49
45
43
44
37
49
33
45
44
46
55
55
51
50
43
36
50
40
47
42
39
37
46
43
37
36
43
45
37
45
42
51
42
49
46
51
44
40
47
58
45
51
42
51
39
54
47
34
36
45
38
41
50
41
43
49
51
45
46
46
37
44
48
37
41
44
46
38
40
39
47
54
47
40
34
43
44
54
52
45
46
49
46
39
56
42
36
48
56
42
44
43
47
54
46
34
44
50
47
39
58
40
38
38
51
51
39
35
53
55
39
51
49
48
37
55
45
42
43
44
50
48
51
49
54
49
48
42
27
49
41
48
37
33
46
33
45
38
47
43
42
38
42
48
38
47
45
38
44
52
44
49
43
45
49
40
44
53
35
40
56
49
41
39
44
47
38
46
47
49
41
45
46
57
36
48
49
38
49
43
46
42
48
65
42
49
38
54
44
47
48
53
42
50
37
43
45
47
39
37
38
43
40
39
39
49
43
49
57
39
31
46
43
53
52
50
36
31
41
40
48
57
49
36
36
57
41
53
40
40
37
39
45
55
44
52
38
34
49
53
42
36
42
52
48
47
42
44
49
33
40
33
42
54
42
40
44
37
48
46
38
43
49
38
40
47
49
28
37
42
46
44
38
27
34
46
50
43
45
40
49
46
39
41
42
45
40
41
48
42
40
28
37
45
38
46
36
43
46
43
44
54
41
36
48
29
45
29
38
49
33
46
41
49
35
48
46
22
31
39
42
34
33
51
35
43
41
34
50
34
39
40
35
32
40
29
35
46
50
46
32
30
34
33
36
44
37
33
41
34
31
41
27
25
48
33
36
41
37
30
40
34
32
30
49
31
35
46
30
45
24
28
30
25
33
34
35
37
36
40
41
29
35
36
34
43
17
27
35
31
35
36
28
32
28
25
34
32
31
32
29
23
31
25
43
27
31
30
31
26
31
26
24
29
21
26
30
35
32
31
27
27
34
25
28
28
32
22
20
34
26
29
20
22
31
22
25
24
22
27
28
23
16
27
20
22
25
25
19
20
28
20
27
27
30
20
21
25
26
29
32
16
27
26
22
31
18
26
18
26
31
17
16
19
25
22
20
26
16
24
35
18
17
21
21
18
20
26
19
27
27
28
15
21
28
23
13
25
19
24
18
21
16
22
31
14
20
20
19
21
14
32
13
18
13
16
18
12
19
17
29
23
12
16
21
17
21
14
16
10
15
16
11
17
18
15
17
20
14
10
11
18
15
15
15
14
14
21
19
24
13
18
18
14
19
12
12
14
11
17
18
7
17
18
19
15
18
19
17
11
17
19
16
14
14
16
12
15
12
16
12
18
7
17
17
20
15
16
15
16
13
14
8
14
14
10
19
16
11
15
11
13
16
16
16
20
8
11
14
13
13
10
17
14
17
6
16
13
12
7
16
10
10
14
14
11
13
15
11
20
16
17
12
16
15
15
10
18
21
13
11
16
13
8
18
11
16
17
11
16
10
21
11
12
12
16
9
15
13
5
15
10
8
14
10
14
17
14
12
11
17
12
14
16
13
18
19
17
13
9
12
9
19
19
11
11
8
14
12
12
11
9
11
12
10
12
12
15
13
14
10
12
10
12
13
11
13
15
14
8
11
8
10
12
13
13
7
10
10
15
15
13
14
12
14
16
14
10
18
13
15
12
9
15
11
13
17
11
12
12
21
16
13
8
12
8
11
11
12
17
9
12
9
12
13
9
11
7
14
15
11
12
17
17
12
8
10
8
15
11
11
11
14
6
16
13
9
23
9
13
15
12
8
13
10
8
11
13
5
10
15
15
20
7
12
14
11
9
10
11
12
14
12
14
13
16
13
18
7
10
18
11
3
11
9
11
14
15
6
11
11
11
19
13
15
17
9
15
16
12
11
16
17
6
12
9
10
13
23
17
14
16
8
17
18
16
11
19
16
15
16
9
13
17
13
15
14
12
10
11
16
19
14
12
8
11
18
12
10
10
15
11
8
13
8
11
14
12
18
20
10
13
18
10
17
10
23
13
18
13
22
25
16
16
17
16
19
19
14
11
8
24
18
13
15
13
14
25
17
16
14
13
14
16
25
17
20
10
19
16
19
17
20
20
21
17
21
15
18
24
19
18
23
19
28
14
28
19
23
19
21
26
22
18
19
27
18
28
31
25
18
17
25
23
19
25
29
22
20
16
24
21
29
27
19
25
23
22
24
30
29
31
20
24
35
23
32
36
38
30
29
28
30
32
22
31
34
39
28
36
36
28
31
25
31
31
37
53
42
41
37
32
37
35
46
43
39
42
52
46
43
49
47
44
44
47
51
41
41
49
57
54
43
60
49
47
53
72
55
40
52
66
46
63
47
49
67
59
59
49
52
53
58
62
76
78
80
62
72
67
70
64
75
64
91
81
73
93
76
73
75
85
98
91
91
90
105
90
88
95
92
99
91
102
106
87
104
98
98
108
104
102
94
119
110
120
118
109
89
118
112
112
109
117
124
97
111
119
116
117
158
108
116
116
125
132
131
140
161
148
151
133
157
136
151
164
156
134
149
162
152
158
164
140
160
171
150
149
133
152
173
158
170
164
204
156
169
174
154
175
181
167
148
183
175
174
178
176
153
180
181
179
174
170
213
192
166
187
188
190
180
182
195
211
194
205
178
215
177
187
211
200
182
172
198
210
205
183
188
191
197
195
203
214
209
213
180
201
221
206
218
186
220
198
198
229
237
224
187
235
193
206
186
199
218
201
199
197
180
198
207
188
200
203
185
217
182
188
216
179
206
192
183
171
180
184
199
200
182
181
162
173
207
164
200
181
186
173
169
185
173
182
188
167
162
161
165
183
158
163
177
140
161
156
168
150
152
148
149
165
152
166
135
151
147
141
131
153
128
141
138
113
129
149
120
147
133
138
118
111
119
119
116
116
108
130
120
114
110
90
115
108
114
93
91
109
72
103
89
87
82
88
87
91
73
93
88
77
87
69
82
96
77
62
63
77
70
89
72
64
70
71
72
68
77
53
59
57
52
53
48
61
48
48
40
46
44
45
39
48
59
46
53
56
41
40
27
31
32
31
41
31
31
33
39
34
28
32
25
39
32
31
36
30
35
26
25
31
31
29
21
23
27
20
16
26
22
20
15
18
18
16
14
14
16
13
15
15
13
4
25
14
8
13
13
13
17
14
12
11
14
7
13
5
12
7
10
10
12
12
11
6
9
8
10
8
12
7
6
5
7
5
4
2
9
7
5
8
7
8
7
10
8
3
4
5
2
5
3
3
4
7
10
6
1
3
3
1
5
4
4
1
4
1
3
6
4
3
1
2
3
3
4
2
2
3
2
0
1
3
2
4
1
1
0
0
2
1
2
3
0
3
3
0
3
2
2
0
1
0
0
2
2
2
0
1
3
3
1
1
3
4
3
2
3
3
1
2
2
1
3
2
2
1
2
2
0
1
4
2
3
2
1
0
1
3
0
0
2
2
1
5
0
2
0
0
1
1
1
3
1
2
1
0
0
1
2
0
1
0
0
3
1
2
1
2
0
2
0
2
0
3
1
0
0
5
0
0
0
1
1
2
1
0
2
1
1
0
2
3
2
1
2
2
0
2
2
0
1
1
0
0
2
1
1
1
3
1
1
0
1
0
2
3
1
0
1
2
0
1
2
1
1
1
1
1
0
1
1
2
1
0
0
0
1
0
0
1
2
1
0
1
2
1
0
2
0
2
0
0
0
1
0
0
2
2
1
1
2
1
0
1
0
0
0
2
2
0
1
1
1
2
0
0
0
0
3
1
1
0
1
0
1
0
0
0
0
0
1
0
0
2
2
0
1
1
0
1
1
0
1
0
1
0
0
0
3
1
0
2
0
0
0
0
1
0
3
3
2
2
1
2
1
0
1
1
0
1
1
0
0
0
1
0
0
1
1
0
1
3
2
1
0
0
2
1
0
2
0
2
1
1
1
1
0
0
0
0
0
0
2
1
0
0
1
0
0
0
0
2
1
0
1
1
2
2
2
0
0
1
2
0
1
2
2
0
1
1
0
1
2
1
0
2
1
2
0
0
2
1
0
2
1
0
0
0
0
1
4
0
1
1
2
1
0
2
1
0
0
1
1
0
0
1
0
2
1
1
2
2
1
2
1
1
0
2
1
0
0
2
0
0
2
0
0
0
1
1
1
0
0
2
0
0
1
1
3
0
0
0
0
1
0
0
1
2
1
2
1
0
1
0
0
0
0
2
1
3
0
3
1
0
2
1
0
2
1
0
0
0
0
0
1
1
0
0
0
0
1
1
0
1
2
0
2
2
0
0
1
2
0
0
0
0
1
1
0
1
1
0
2
1
0
0
0
1
4
0
0
0
1
0
0
2
2
0
1
1
3
2
0
1
0
3
2
2
0
1
0
1
1
1
0
0
1
1
0
0
2
0
0
1
0
0
0
0
3
2
0
1
2
0
1
4
2
0
0
0
0
0
1
1
0
1
0
3
0
0
3
2
1
0
1
3
1
0
0
0
1
1
2
1
1
0
0
0
2
0
2
0
3
0
0
1
2
1
0
3
0
0
0
2
0
0
0
0
0
0
0
2
0
1
1
2
0
2
0
1
1
0
0
1
1
0
0
0
1
1
0
0
0
1
1
0
0
1
1
0
1
0
1
1
0
0
1
0
3
0
0
1
0
0
0
0
0
0
0
1
0
1
1
0
1
1
0
0
0
1
0
1
1
1
0
1
0
1
1
1
1
1
0
0
1
0
1
0
1
0
0
0
2
1
1
0
2
1
0
0
1
2
1
0
0
0
0
1
1
0
2
0
1
2
0
0
0
1
1
0
0
0
1
0
1
3
1
0
0
2
1
1
0
0
0
1
0
0
0
0
1
2
1
0
2
0
1
1
1
2
0
0
0
0
1
0
0
0
1
2
2
0
0
1
0
2
0
0
0
1
1
1
3
0
2
4
1
1
2
1
0
0
0
0
1
0
2
1
2
0
0
1
2
2
1
2
2
0
0
2
0
1
2
0
0
0
1
0
0
1
0
0
1
1
2
0
0
0
0
0
0
1
1
0
1
1
0
0
2
0
0
0
2
0
2
0
0
0
1
0
0
0
1
0
2
0
1
1
1
2
0
0
2
0
0
1
0
1
0
0
0
0
1
0
0
1
0
1
0
0
0
1
1
0
0
1
0
0
1
1
0
0
0
1
0
1
2
0
0
0
0
0
1
1
0
0
2
1
0
0
1
4
1
0
0
1
2
0
0
1
2
1
1
0
0
0
1
2
0
0
0
0
0
2
1
1
1
0
2
0
0
1
0
0
2
1
0
0
0
0
0
2
1
1
0
0
1
3
0
2
0
0
0
0
1
1
1
2
0
1
1
1
2
0
1
0
1
0
1
0
1
1
0
4
1
2
0
0
1
0
0
0
0
1
0
2
2
2
0
0
0
1
0
0
0
0
1
1
1
1
0
0
3
0
2
1
3
0
0
1
0
0
0
1
0
0
4
0
1
1
0
2
0
0
0
0
1
2
1
1
2
1
2
0
5
2
1
0
1
1
0
0
0
1
0
1
0
1
1
0
1
0
0
0
0
1
2
1
2
1
1
2
1
1
0
2
2
0
1
1
0
0
2
2
1
1
0
0
0
0
1
0
0
1
2
3
0
0
0
1
0
1
0
0
0
0
1
2
0
2
1
2
0
1
1
0
1
1
0
0
1
0
0
1
0
1
0
1
0
0
0
0
0
2
1
2
0
1
0
3
0
1
1
0
1
1
1
3
0
2
1
1
0
1
1
0
0
1
0
1
0
1
0
0
2
2
0
0
1
1
0
2
0
0
1
3
0
0
0
0
0
0
0
1
1
1
1
1
0
0
0
0
0
2
0
0
1
1
2
1
1
1
0
0
0
1
2
0
1
3
1
2
0
0
0
0
0
2
0
0
1
1
2
0
1
0
0
0
2
0
0
0
0
1
0
0
0
1
1
1
0
0
1
1
0
0
1
2
0
0
0
2
2
0
0
0
1
1
0
0
0
0
0
0
0
2
0
2
1
0
0
2
0
2
2
0
2
0
2
1
0
1
0
1
2
0
0
0
1
0
0
1
0
0
0
2
0
1
0
0
0
0
1
0
0
3
1
1
0
0
1
0
0
0
0
2
0
1
0
0
0
0
0
0
3
0
2
0
0
0
1
0
0
0
1
0
1
1
0
0
0
0
1
1
0
0
0
0
0
0
0
1
0
0
1
0
0
0
0
0
0
0
0
0
1
0
0
0
1
1
0
1
0
1
1
0
0
0
0
0
0
0
0
0
1
2
0
0
0
1
0
0
2
0
0
0
3
0
0
0
0
1
0
0
2
0
0
0
2
0
2
1
0
1
0
1
0
0
2
0
0
1
0
1
1
0
0
2
1
0
0
1
0
0
1
0
0
0
2
0
0
1
1
1
0
1
0
0
2
0
1
0
0
1
0
0
1
2
1
1
1
1
0
0
1
2
1
1
0
1
0
1
0
1
0
0
0
0
0
2
0
1
0
0
2
1
0
1
0
0
0
1
0
1
0
0
0
2
1
0
0
0
0
0
1
1
0
0
1
0
0
0
0
3
1
1
0
0
0
2
0
1
1
0
0
0
1
1
1
1
0
0
2
1
2
0
0
0
0
0
1
1
1
0
1
0
1
2
1
1
0
0
1
0
0
2
1
0
0
0
0
0
1
0
1
0
0
1
0
0
0
0
0
0
0
0
2
0
0
0
0
0
0
1
0
0
1
2
1
0
2
1
0
1
0
0
1
4
1
1
0
0
1
1
0
0
0
0
1
1
0
0
0
0
0
0
0
1
1
0
1
0
0
2
0
1
0
1
0
1
1
0
0
1
1
0
0
0
0
0
0
1
0
0
1
1
3
0
0
1
0
0
0
1
0
0
1
0
0
0
1
1
2
1
0
2
0
0
2
0
2
0
0
0
1
1
1
0
3
1
2
0
0
0
0
1
3
1
1
0
1
1
0
1
2
1
2
0
0
0
0
0
0
0
1
0
0
0
0
2
0
1
0
0
0
1
0
1
1
3
1
1
1
2
0
0
0
1
0
1
1
1
1
0
0
0
1
0
2
0
0
0
0
0
0
0
1
1
2
3
2
2
0
0
0
0
2
0
0
0
0
1
2
0
0
1
2
0
0
0
2
0
1
0
0
0
1
2
1
1
2
0
1
0
0
0
0
1
0
0
0
2
0
0
0
0
1
1
0
0
0
0
2
0
0
0
1
1
0
0
1
1
0
0
0
2
1
2
1
0
1
0
1
0
1
1
0
1
0
1
0
1
0
1
1
0
1
1
0
0
2
1
0
0
0
1
2
2
3
1
1
0
0
0
0
1
2
0
0
1
0
2
2
0
1
0
1
0
1
1
1
0
1
1
0
0
3
0
0
2
0
2
0
1
1
0
1
1
0
0
0
0
1
0
0
1
0
0
1
0
3
1
0
2
2
1
1
1
2
0
0
1
2
1
1
0
0
0
2
0
0
0
0
0
0
0
0
1
0
1
0
1
1
0
0
0
0
0
0
0
1
0
0
0
0
0
0
1
0
0
0
1
2
0
0
0
1
0
1
2
0
0
1
1
0
0
0
1
1
0
1
0
0
0
1
1
0
1
0
0
0
1
1
0
0
0
0
0
0
1
0
0
0
1
0
0
0
0
0
1
0
0
0
0
1
0
0
1
2
0
1
0
1
0
0
0
1
1
0
0
0
1
1
0
0
0
0
0
0
1
0
0
1
0
0
1
0
0
1
0
1
0
1
1
0
0
0
0
0
0
0
0
0
0
1
0
0
0
0
0
0
0
0
1
0
0
0
0
0
1
0
0
0
0
0
1
1
1
0
0
0
0
1
1
0
0
0
0
1
0
0
1
0
2
0
0
0
0
0
0
0
0
1
1
0
1
2
1
0
0
0
1
0
0
0
1
0
1
0
0
0
0
0
0
1
0
0
0
1
0
0
1
0
0
0
2
0
0
0
0
0
0
1
0
0
0
0
0
0
1
0
0
0
0
2
0
0
0
1
0
0
0
0
0
0
0
1
2
1
1
0
0
0
1
0
0
1
1
0
0
1
0
1
0
0
0
0
0
0
1
0
0
1
0
0
0
0
0
0
0
0
1
2
1
0
1
0
0
0
0
0
1
0
0
1
0
0
0
1
1
0
1
0
0
0
0
1
0
0
0
0
1
0
1
0
0
0
1
0
0
1
0
0
1
0
0
0
0
0
2
2
0
1
0
0
0
1
0
0
0
0
0
0
1
0
0
0
1
0
0
0
0
1
0
1
0
1
1
1
1
0
1
0
1
0
0
0
0
0
0
0
0
0
0
1
0
0
0
1
0
0
0
1
0
0
1
0
0
0
1
0
1
1
0
0
0
0
0
0
1
0
0
0
0
0
0
0
1
0
0
0
0
0
0
0
0
1
0
0
0
0
0
1
0
0
0
0
0
0
0
0
0
0
0
0
0
1
1
0
0
0
0
1
0
0
1
0
0
1
1
0
2
1
0
1
0
0
1
0
0
0
0
1
0
0
1
0
0
0
0
0
1
1
0
0
0
0
0
0
0
0
0
0
0
1
1
0
0
1
0
1
1
0
0
1
0
0
0
0
0
1
0
0
0
0
1
0
0
0
4
0
0
0
0
1
1
0
0
0
0
0
0
0
0
1
0
0
1
0
0
1
0
0
0
0
0
0
0
0
1
0
2
0
0
0
0
0
1
0
0
1
0
0
0
0
0
1
1
0
0
0
0
0
0
0
1
0
0
0
1
0
0
0
0
0
0
0
0
0
0
0
0
1
0
0
0
0
0
0
0
0
0
1
0
0
0
0
1
1
0
1
0
0
0
0
0
0
0
0
1
0
0
1
0
0
0
0
0
0
0
0
0
0
0
1
0
0
1
1
0
2
1
0
0
0
1
0
1
0
0
0
0
2
0
0
1
0
0
0
0
0
0
0
0
0
0
1
0
0
1
1
0
0
0
1
0
1
1
0
0
0
0
1
2
0
0
0
0
0
1
0
0
0
0
1
2
2
0
0
0
1
0
1
1
0
0
0
0
1
0
1
1
0
0
0
0
0
2
0
2
0
0
0
0
1
0
1
0
0
0
0
0
0
0
0
0
0
0
1
0
0
0
0
0
0
1
0
0
1
0
0
0
0
0
0
1
0
1
0
0
2
1
1
0
0
0
1
0
2
0
0
1
0
0
0
1
0
0
1
0
0
0
1
1
0
1
0
0
0
0
0
2
0
0
0
0
0
0
0
1
1
0
0
0
0
1
0
0
0
0
0
0
0
1
0
0
1
1
0
0
1
0
0
1
0
0
0
0
0
0
1
0
1
0
2
2
0
0
1
0
1
1
0
0
0
0
2
3
0
0
0
0
0
0
1
0
0
0
0
0
0
0
0
0
0
0
0
0
2
0
0
0
0
1
0
0
0
1
2
0
0
0
1
1
1
0
0
2
0
0
1
0
0
0
1
0
0
0
0
1
0
0
1
0
0
0
1
0
0
0
0
0
0
0
0
0
1
0
0
0
0
0
0
0
2
1
0
1
1
0
0
0
0
0
0
0
1
1
0
0
1
0
0
0
0
0
0
1
1
0
0
0
0
1
0
1
1
1
0
1
1
0
1
0
0
1
2
0
0
0
3
2
0
0
0
1
0
1
1
0
0
0
0
0
0
0
2
0
0
1
0
0
1
0
1
0
0
0
1
1
0
1
3
1
1
0
1
0
0
0
3
0
0
0
0
0
1
0
1
0
0
0
1
0
2
0
2
1
0
0
1
0
0
0
0
1
0
2
1
0
0
0
0
0
0
0
0
1
1
1
0
0
2
0
1
0
0
0
1
0
0
1
0
0
1
0
0
0
1
2
0
0
2
1
1
0
1
0
3
0
0
1
0
0
0
1
0
0
1
3
0
0
1
0
0
0
2
0
1
1
2
0
0
2
1
1
1
0
0
0
0
0
0
0
0
0
0
1
0
1
0
2
1
0
3
2
1
0
0
0
0
0
0
1
0
0
0
1
1
1
1
4
0
0
0
0
1
0
0
0
0
0
1
0
0
0
0
0
0
1
1
0
0
0
0
2
0
1
1
1
1
1
0
1
0
0
0
0
0
0
1
0
0
2
0
0
0
0
0
0
1
0
0
1
0
0
1
0
0
0
1
0
0
2
0
0
1
0
0
0
1
0
0
0
1
0
0
1
0
0
0
0
0
1
1
0
1
1
0
0
1
0
0
0
0
1
0
0
0
1
0
0
0
0
0
0
0
0
0
1
0
0
0
1
0
0
0
0
0
0
0
0
0
0
0
0
0
0
0
0
0
0
1
1
1
0
0
0
0
0
0
0
1
0
0
0
0
0
0
0
1
0
0
0
1
0
0
0
0
0
0
1
0
0
0
0
0
1
0
0
0
0
1
0
0
0
0
0
1
0
0
0
0
1
0
1
0
0
0
0
0
0
0
0
0
0
0
0
1
0
0
0
0
0
0
0
0
0
0
1
1
0
0
0
0
0
1
1
0
0
0
0
1
0
0
0
0
0
0
0
0
0
0
0
0
0
0
1
0
0
0
0
1
0
0
0
0
0
0
0
0
0
0
0
0
2
0
1
1
0
0
0
0
0
0
0
0
0
0
0
0
0
0
0
0
0
0
0
1
0
0
0
0
0
0
1
1
0
0
0
0
0
0
0
0
0
1
1
0
0
0
0
0
0
0
0
0
0
0
0
0
0
0
0
0
0
0
0
0
0
0
0
0
0
0
0
1
0
0
0
0
0
0
0
1
0
1
0
0
0
0
1
0
1
1
0
0
0
0
0
0
2
0
0
0
0
0
1
0
0
0
0
0
0
0
1
0
0
0
0
0
1
0
0
0
0
0
0
0
0
0
0
0
0
0
0
0
0
0
0
0
0
0
1
0
0
0
0
0
0
0
0
0
0
0
0
0
0
0
0
0
0
0
1
0
1
0
0
0
0
0
0
0
0
0
1
0
0
0
0
0
0
0
0
0
0
0
1
0
0
0
0
0
0
0
0
0
0
0
0
0
0
0
0
0
0
0
0
1
0
0
0
0
0
0
0
0
0
0
0
0
0
0
0
1
0
1
0
0
0
0
0
0
0
1
0
0
0
0
0
0
0
0
0
0
0
0
1
0
0
0
0
0
0
0
0
0
0
0
0
0
0
0
0
0
0
1
0
0
0
0
0
0
0
0
0
0
0
0
1
0
0
0
0
0
0
1
0
0
0
0
0
0
0
0
0
0
0
0
0
0
0
0
0
0
0
0
0
0
0
0
0
0
0
0
0
0
0
0
0
0
0
0
0
0
0
0
0
0
0
0
0
0
0
0
0
0
0
0
0
0
0
0
0
0
1
0
0
0
0
0
0
0
0
0
1
0
0
0
0
1
1
0
0
0
0
0
0
0
0
0
0
0
0
0
0
0
0
0
0
0
0
0
0
0
0
0
0
1
0
0
0
0
0
0
0
0
0
0
0
0
0
0
0
0
0
0
0
0
0
0
0
0
0
0
0
0
0
0
1
0
0
0
0
0
0
0
0
0
0
0
0
0
1
2
0
0
0
0
1
0
0
0
0
0
0
0
0
0
0
0
0
0
0
0
0
0
0
0
1
0
0
1
0
0
0
2
0
0
0
0
1
3
2
3
0
1
0
3
2
3
2
1
2
7
3
6
3
3
2
1
2
4
4
2
6
5
6
14
8
7
9
10
17
8
14
8
4
7
9
2
1
1
3
1
1
1
1
3
0
0
4
5
11
5
9
11
14
11
10
12
3
2
0
0
0
0
0
0
0
0
0
0
0
0
0
0
0
0
0
0
0
0
0
0
0
0
0
0
0
0
0
0
0
0
0
0
0
0
0
0
0
0
0
0
0
0
0
0
0
0
0
0
0
0
0
0
0
0
0
0
0
0
0
0
0
0
0
0
0
0
0
0
0
0
0
0
0
0
0
0
0
0
0
0
0
0
0
0
0
0
0
0
0
0
0
0
0
0
0
0
0
0
0
0
0
0
0
0
0
0
0
0
0
0
0
0
0
0
0
0
0
0
0
0
0
0
0
0
0
0
0
0
0
0
0
0
0
0
0
0
0
0
0
0
0
0
0
0
0
0
0
0
0
0
0
0
0
0
0
0
0
0
0
0
0
0
0
0
0
0
0
0
0
0
0
0
0
0
0
0
0
0
0
0
0
0
0
0
0
0
0
0
0
0
0
0
0
0
0
0
0
0
0
0
0
0
0
0
0
0
0
0
0
0
0
0
0
0
0
0
0
0
0
0
0
0
0
0
0
0
0
0
0
0
0
0
0
0
0
0
0
0
0
0
0
0
0
0
0
0
0
0
0
0
0
0
0
0
0
0
0
0
0
0
0
0
0
0
0
0
0
0
0
0
0
0
0
0
0
0
0
0
0
0
0
0
0
0
0
0
0
0
0
0
0
0
0
0
0
0
0
0
0
0
0
0
0
0
0
0
0
0
0
0
0
0
0
0
0
0
0
0
0
0
0
0
0
0
0
0
0
0
0
0
0
0
0
0
0
0
0
0
0
0
0
0
0
0
0
0
0
0
0
0
0
0
0
0
0
0
0
0
0
0
0
0
0
0
0
0
0
0
0
0
0
0
0
0
0
0
0
0
0
0
0
0
0
0
0
0
0
0
0
0
0
0
0
0
0
0
0
0
0
0
0
0
0
0
0
0
0
0
0
0
0
0
0
0
0
0
0
0
0
0
0
0
0
0
0
0
0
0
0
0
0
0
0
0
0
0
0
0
0
0
0
0
0
0
0
0
0
0
0
0
0
0
0
0
0
0
0
0
0
0
0
0
0
0
0
0
0
0
0
0
0
0
0
0
0
0
0
0
0
0
0
0
0
0
0
0
0
0
0
0
0
0
0
0
0
0
0
0
0
0
0
0
0
0
0
0
0
0
0
0
0
0
0
0
0
0
0
0
0
0
0
0
0
0
0
0
0
0
0
0
0
0
0
0
0
0
0
0
0
0
0
0
0
0
0
0
0
0
0
0
0
0
0
0
0
0
0
0
0
0
0
0
0
0
0
0
0
0
0
0
0
0
0
0
0
0
0
0
0
0
0
0
0
0
0
0
0
0
0
0
0
0
0
0
0
0
0
0
0
0
0
0
0
0
0
0
0
0
0
0
0
0
0
0
0
0
0
0
0
0
0
0
0
0
0
0
0
0
0
0
0
0
0
0
0
0
0
0
0
0
0
0
0
0
0
0
0
0
0
0
0
0
0
0
0
0
0
0
0
0
0
0
0
0
0
0
0
0
0
0
0
0
0
0
0
0
0
0
0
0
0
0
0
0
0
0
0
0
0
0
0
0
0
0
0
0
0
0
0
0
0
0
0
0
0
0
0
0
0
0
0
0
0
0
0
0
0
0
0
0
0
0
0
0
0
0
0
0
0
0
0
0
0
0
0
0
0
0
0
0
0
0
0
0
0
0
0
0
0
0
0
0
0
0
0
0
0
0
0
0
0
0
0
0
0
0
0
0
0
0
0
0
0
0
0
0
0
0
0
0
0
0
0
0
0
0
0
0
0
0
0
0
0
0
0
0
0
0
0
0
0
0
0
0
0
0
0
0
0
0
0
0
0
0
0
0
0
0
0
0
0
0
0
0
0
0
0
0
0
0
0
0
0
0
0
0
0
0
0
0
0
0
0
0
0
0
0
0
0
0
0
0
0
0
0
0
0
0
0
0
0
0
0
0
0
0
0
0
0
0
0
0
0
0
0
0
0
0
0
0
0
0
0
0
0
0
0
0
0
0
0
0
0
0
0
0
0
0
0
0
0
0
0
0
0
0
0
0
0
0
0
0
0
0
0
0
0
0
0
0
0
0
0
0
0
0
0
0
0
0
0
0
0
0
0
0
0
0
0
0
0
0
0
0
0
0
0
0
0
0
0
0
0
0
0
0
0
0
0
0
0
0
0
0
0
0
0
0
0
0
0
0
0
0
0
0
0
0
0
0
0
0
0
0
0
0
0
0
0
0
0
0
0
0
0
0
0
0
0
0
0
0
0
0
0
0
0
0
0
0
0
0
0
0
0
0
0
0
0
0
0
0
0
0
0
0
0
0
0
0
0
0
0
0
0
0
0
0
0
0
0
0
0
0
0
0
0
0
0
0
0
0
0
0
0
0
0
0
0
0
0
0
0
0
0
0
0
0
0
0
0
0
0
0
0
0
0
0
0
0
0
0
0
0
0
0
0
0
0
0
0
0
0
0
0
0
0
0
0
0
0
0
0
0
0
0
0
0
0
0
0
0
0
0
0
0
0
0
0
0
0
0
0
0
0
0
0
0
0
0
0
0
0
0
0
0
0
0
0
0
0
0
0
0
0
0
0
0
0
0
0
0
0
0
0
0
0
0
0
0
0
0
0
0
0
0
0
0
0
0
0
0
0
0
0
0
0
0
0
0
0
0
0
0
0
0
0
0
0
0
0
0
0
0
0
0
0
0
0
0
0
0
0
0
0
0
0
0
0
0
0
0
0
0
0
0
0
0
0
0
0
0
0
0
0
0
0
0
0
0
0
0
0
0
0
0
0
0
0
0
0
0
0
0
0
0
0
0
0
0
0
0
0
0
0
0
0
0
0
0
0
0
0
0
0
0
0
0
0
0
0
0
0
0
0
0
0
0
0
0
0
0
0
0
0
0
0
0
0
0
0
0
0
0
0
0
0
0
0
0
0
0
0
0
0
0
0
0
0
0
0
0
0
0
0
0
1
0
0
0
0
0
0
0
0
0
0
0
0
0
0
0
0
0
0
0
1
0
0
0
0
0
0
0
0
0
0
0
0
0
0
0
0
0
0
0
0
0
1
0
0
0
0
0
0
0
0
0
0
0
0
0
0
0
0
0
0
0
0
0
0
1
0
0
0
0
0
0
0
0
0
0
0
0
0
0
0
0
0
0
0
0
0
0
0
0
0
0
0
0
0
0
0
0
1
0
0
0
0
0
0
0
0
0
1
0
0
0
0
0
0
0
3
12
7
9
15
7
30
20
