3128
3369
3496
3238
3750
3572
3466
3150
3635
3417
3694
3617
3580
3623
3654
3517
3684
3610
3737
3127
3291
3298
3539
3120
3922
3695
3463
4096
3301
3871
3687
3183
3497
4150
6869
3474
3387
4220
3573
3465
3620
4180
3585
3744
3324
3261
3718
3561
3437
3249
3942
3190
3332
3458
3588
3510
3511
3374
3302
6309
3148
3186
3451
3332
3988
3554
3589
3553
3551
3276
3749
4421
3522
3655
3282
3314
3580
3336
3602
3095
3485
3351
3665
3968
3574
3179
3682
3614
3426
3656
4944
3701
3943
3617
3940
3862
3119
3413
3405
3368
3180
3534
3609
3347
3551
3990
3745
3487
3690
3545
3377
3439
4014
3244
3730
3539
2986
3447
3385
3781
3381
3053
3153
3580
3237
3634
3836
3217
3729
3490
3423
3105
3438
3380
3920
3261
3788
3422
3474
3696
3910
4396
3301
3352
3304
3525
3562
3852
3868
3397
3222
3404
3477
3362
3681
4023
3660
3632
4218
3283
3532
3247
3646
3473
3286
3698
3246
2915
3691
3365
3322
3689
3947
3470
3658
3463
3571
3701
3634
3777
3725
3945
3329
3360
3503
3670
3459
3713
3849
3149
3650
3645
3369
3648
3802
3253
3453
4010
3714
3452
3681
3702
3508
3342
3230
3408
3756
4112
3620
3534
3751
3979
3528
3502
3426
3628
3597
3132
3775
3225
3212
3553
3744
3689
3381
3459
3369
3777
3484
3538
3404
3402
4294
2971
3850
3678
3651
3471
3661
3356
3760
3712
3302
3473
3514
3342
3413
3535
4081
3369
3848
3481
3438
3521
3668
3204
3285
3394
3506
3409
3312
3233
3633
3258
3302
4437
3750
3321
3471
3874
3606
3205
3174
3217
3408
3424
3543
3700
3654
3983
3591
3672
4088
3912
3785
3477
3974
3785
3533
3724
3807
3916
3492
3453
3078
3455
3953
3481
4124
3751
3573
3445
3504
3400
3838
3634
3199
3813
3925
3536
3554
3195
3635
3771
3800
3771
3356
3387
3453
3433
3634
4995
3656
3455
3365
3322
3689
6843
3382
3649
3372
3478
6747
2934
4108
4052
4852
3356
3743
3471
3325
3321
3903
3458
3434
3468
3887
3248
3512
3846
3624
3093
2958
3522
3753
4239
3164
3143
3334
3509
3448
3324
3655
3472
3361
3389
3388
3381
3621
3458
3525
3879
3398
3310
3658
2890
3126
3729
4115
3695
3456
3773
3579
3721
3230
4135
3761
3401
3326
3778
3725
3528
3893
3157
3584
2967
4016
3632
3882
4269
3501
3328
3321
3249
3920
4053
3509
3201
3504
3486
3891
3934
3718
3392
3906
3775
3588
3395
3505
3273
3859
3216
3719
3308
3426
3727
3609
3208
3258
3183
3198
3501
3453
3866
3481
3646
3775
3187
3083
3800
3465
3803
3234
3078
3305
3615
3084
3686
3241
3759
3588
3596
3878
3864
3559
3631
3709
3475
3393
3269
3456
4621
3329
3313
3553
3765
3719
3870
3484
3547
3701
3741
3540
3872
3323
3397
3237
3373
3729
3661
3341
3526
4050
3565
3764
3216
3309
3451
3703
3459
3849
3495
3747
3464
3281
3656
3534
3982
3945
3547
3284
3486
3569
3298
3693
3386
3984
3405
4008
3597
3562
3891
3607
3457
3377
3212
3370
3899
3413
3375
3540
3513
3345
3453
3825
3189
3382
3900
3712
3694
3551
3811
3354
3311
3595
3514
3752
3452
3778
3451
3482
3227
3649
3320
3257
3505
3209
3783
3839
3441
3491
3450
3338
3394
3511
3317
3580
3647
3578
3264
4066
3976
3677
3720
3132
6867
3680
3717
3501
3349
3518
3685
3596
3484
3806
3960
3166
3970
4176
3199
4096
3433
3571
3688
4157
3649
3454
3408
3600
3767
3411
3493
3282
3773
3546
3653
3485
3236
3467
3775
4162
3010
3514
3756
3599
2888
3365
3349
3470
3425
3508
3853
3742
3474
3935
6866
3178
3655
3501
3814
3327
3413
3591
3348
3489
3518
3490
3495
3759
3260
3491
3628
3512
3539
3080
3444
3140
3323
3520
3417
3387
3505
3114
3632
3900
4161
3554
3519
3201
3770
3923
3566
3972
3348
3620
3468
3680
3253
3844
3523
3158
3651
3937
3210
3991
3231
3391
3674
4031
3336
3633
3784
3461
3675
4134
4178
3180
3530
3594
3113
3251
3784
3658
3540
3319
3717
3296
3804
3734
3758
3389
3338
3495
3266
3866
3246
3409
3620
3532
3495
3645
2880
3731
3767
3511
3284
3763
3282
3350
3475
3794
3567
3288
4526
3472
3399
3492
3545
3552
3583
3388
3502
3757
3398
3218
4151
3430
3538
3461
3253
3499
3520
3749
6867
3696
3270
3369
3536
3639
3362
3349
3312
3335
3519
3322
3575
3131
3860
3309
3937
3504
3491
3221
3471
3335
3587
3252
3586
4051
3565
3937
2943
3547
3941
3468
3416
3478
3477
3465
3335
3618
3478
3422
4137
3724
3698
4218
3457
2953
3405
4020
4102
3294
3697
3346
3349
3637
3678
3183
3285
3356
4033
3526
3436
3584
4196
3566
3296
3548
3644
3530
3958
3220
3496
3473
3764
3552
3371
3390
3980
3647
3782
3793
3407
3466
3773
3990
3679
3816
3213
3542
3558
3263
3924
3439
3639
3592
3461
3735
3460
3665
3294
3980
3148
3804
3139
3757
3190
3486
3638
3692
3894
3806
3381
3190
3389
3489
3319
3566
3496
3598
3814
3223
3440
3308
3709
4215
3228
3849
3216
3436
3791
3641
3585
4008
3481
3495
3892
3656
3330
4109
3496
3905
3535
3411
3205
3893
3536
3627
3459
2847
3364
3259
3862
3723
3696
3269
3343
3414
3381
3002
3535
3420
3838
3528
3459
4297
3465
3509
3636
3450
4069
3695
3170
3354
3412
3375
4214
4197
3691
3706
3466
3808
3611
3682
3475
3473
3297
3275
3702
3851
3299
3802
3426
3451
3426
3464
3407
3067
3581
3583
3288
3442
3757
3539
3907
3560
3457
3842
3674
4204
3442
3557
3646
3148
3415
3425
3435
3728
3483
3690
3738
3260
3250
3571
3798
3631
3639
3056
3557
3102
3327
3771
3708
3705
3488
3422
3488
2929
3732
3685
3678
3713
3614
3577
3478
3510
3774
3443
3966
3219
3420
3636
3534
4088
3604
3642
3047
3998
6862
3336
3632
3385
3528
3711
3375
3126
3781
4111
3999
3822
3426
3192
3786
3775
3392
3602
4024
3278
3372
3432
3596
3671
3574
3867
3721
3435
3431
3172
3066
3205
3267
3428
3663
3990
3479
3519
3973
3526
3423
3612
3510
3783
3873
3525
3497
3278
4002
3813
3917
3843
3326
3903
6843
3350
3901
5962
3313
3642
3571
3817
3450
3488
3457
3649
3404
3612
3929
3630
4085
3917
3596
3220
3459
4010
3423
3329
3580
3532
3635
3843
3603
3431
3463
3724
3579
3617
3402
3509
3791
4020
4044
3750
3650
3524
3597
3830
3643
4097
3502
3415
3397
3883
3488
4088
3714
3561
3395
3548
3373
3375
3961
4145
3228
3314
3669
3788
3410
3542
3359
3093
3830
3655
3429
3233
3606
3579
3670
3437
3537
3336
3348
4219
3661
3488
3763
3704
3749
3567
3464
3704
3455
3557
3570
3532
3541
3221
3614
3264
3363
3100
4214
3645
3430
3597
3403
3716
3415
3909
3470
6841
3487
3324
3916
3511
3438
3248
3596
3752
3149
3739
3074
3352
3492
3571
3742
3145
3535
3521
3580
3342
3764
3914
3653
3781
3682
3711
3582
3444
3816
3990
3531
5478
3535
3469
3598
3091
3487
6847
3888
3527
3252
3761
3891
3818
3132
3347
3953
3886
3704
3593
3890
4314
3806
3500
3221
3684
3839
3848
3197
3572
3743
3586
3199
3553
3442
3470
3171
3358
3662
3382
3860
3457
3084
3809
3723
4060
3424
4108
3581
3796
4072
3482
3850
4152
3581
3627
3558
4219
3539
3406
3310
3679
3403
3467
3292
3659
4055
3284
3045
4096
3535
3167
3481
3493
3500
3437
3049
3830
3513
3890
3916
3440
3749
3879
4021
3595
3398
3580
4414
3494
3557
3612
3449
4113
3845
3563
3628
3409
3188
3826
3111
3236
3464
3591
3832
3516
3305
3754
3375
3369
3431
3505
3822
3469
3467
3486
4266
3241
3302
3469
3559
3629
3216
3082
3376
3257
3724
3589
3414
3712
3435
3946
3758
3441
3435
3460
6573
3106
4419
3491
3503
3284
3508
3554
3211
3565
3471
3614
3642
4043
3147
3410
3472
3422
3310
3657
3431
3491
4084
3890
3412
3422
3538
3650
3666
3718
3973
3608
3402
4062
3280
3346
3778
3294
3159
3523
3353
3765
3594
3118
3950
3873
3336
4146
3252
3403
3596
3323
3562
3618
3841
3364
4045
3683
3396
3455
3618
3619
3375
3119
3285
3417
3789
3394
3166
3633
4072
3236
2806
3661
3477
3716
3775
3144
3889
3158
3989
3860
3423
3309
3540
3531
4281
3408
3778
3759
3588
3664
3227
3511
3413
3461
3525
3610
3408
3607
3805
3606
3138
3587
3681
3262
3317
3824
3464
4120
3180
3511
3391
3315
3672
3595
3698
3478
3660
3057
4009
3546
3622
6849
3403
6849
3659
3534
3600
3869
3733
3518
3284
3937
3436
3526
3645
3451
3604
3809
3155
2854
3582
3426
4482
3378
3619
3291
3550
3896
4016
3301
3486
3442
3750
3637
3459
4261
3485
3378
3347
3206
3426
4186
3487
3470
3172
3263
3806
3394
3979
3942
3527
3269
3170
3519
2924
3394
3559
3899
3811
3232
3798
3683
3439
3968
3971
3596
3280
3790
3967
3689
5806
3998
3464
3202
3517
4122
3542
4121
3712
3446
3256
3526
4081
3437
3181
3361
3143
3306
3426
3778
3912
3654
3559
5547
4170
3300
3279
3332
3512
3641
3841
3427
3555
3814
3311
3917
3251
4397
3612
3784
3648
3470
3426
3363
3531
3564
3747
3604
3311
3298
3351
2974
3835
3845
3620
3429
3571
3061
3890
3830
4206
3628
3835
3630
3336
3655
3611
3377
3470
3590
4036
3752
4277
3243
3541
3526
3770
3433
3236
3682
3636
3298
3655
3338
3549
3270
3706
2898
3741
3175
3170
3666
3429
3901
3378
3450
3599
3754
4513
3770
3521
3806
3761
3843
3169
3475
3474
3216
3654
3624
3381
3076
3716
4029
3419
3616
3011
3942
3837
3935
3579
3289
3634
3278
3300
3898
3643
3723
3787
3744
3507
3290
3775
3324
3897
3353
3571
3765
3896
3528
3489
6869
3419
3365
3346
3835
3378
3170
4028
3902
3238
3318
3425
3199
3771
3646
3334
4088
3307
3665
3267
3608
3655
3407
3426
3151
3415
3377
3792
3372
3245
3217
3605
3538
3373
3732
3439
3336
3769
3268
3495
3187
4133
3373
3500
3826
3760
3515
3710
3517
3679
3477
3443
3701
3312
3402
3682
3814
3560
3677
3680
3789
3285
4553
3210
3600
3769
3224
3716
3655
3475
3899
3276
3282
3729
3460
3921
3792
3715
3542
3088
3382
3280
3914
3255
3418
3114
3468
3191
3178
4424
4036
3914
4021
3203
3174
3148
3082
3974
3108
3499
3388
3839
3538
3320
3721
3784
3591
3556
3716
3256
3676
3221
3098
3450
3360
3309
3484
3614
4938
4160
3330
3541
3732
2989
3489
3386
3206
3330
3392
3682
3472
3993
3514
3645
3749
3101
3630
3506
3503
3723
3560
3238
3685
3724
3447
3207
3300
3558
4000
3864
3575
3502
3870
3666
3352
3995
3631
3521
3322
3186
3191
3341
3663
3295
3365
3830
3527
3739
3572
3832
3495
3557
3521
4228
3913
3762
3580
3664
3563
3094
3340
3538
3020
3417
3547
3582
3464
3253
3430
3553
3856
3297
3236
3552
3285
3456
3812
3806
3566
3619
3688
3352
3691
3522
3827
3218
3940
3327
3306
3257
3832
3416
3447
3167
3550
3615
3288
3489
3311
3410
3686
3246
3381
3410
3115
3887
3422
3229
3579
3697
3546
3283
3926
3293
3692
3833
3490
3521
3103
3181
3637
3460
3320
3303
3489
3720
3967
3337
3492
3710
3442
3410
3422
3385
3376
3244
4006
3353
3611
4222
3214
3209
3732
4078
4229
3754
3722
4082
3587
3877
3581
3507
3944
3125
3735
3366
3799
3923
3800
3717
3668
3513
3201
4012
3613
3396
3578
3416
3724
3484
3366
3730
3765
3282
4077
3009
3637
3679
3448
3639
3607
3858
4187
3515
3251
3970
3373
3846
3270
3374
2921
3218
3493
3393
3623
3853
3737
3820
3609
3459
3662
3406
3702
3214
3217
3604
3609
3346
3981
3558
3527
3443
3258
3914
3834
3580
3662
3418
3384
3166
3694
4015
3680
3331
3856
3478
3357
4190
3894
3544
3793
3236
4767
3546
3668
3336
3335
3759
3613
3945
4111
3805
4043
3651
3181
3338
4070
3981
3486
3847
3879
3417
3600
2990
3714
3211
3418
3543
3803
3750
3845
3423
3318
3918
3828
3542
3224
3353
3631
4626
3780
3560
3508
3397
3387
3509
3902
3521
3148
3606
3841
3565
3593
3993
3181
3372
3714
3527
3519
3822
3207
3727
3683
3748
4013
3141
3304
3667
3668
3981
3494
3833
3854
3560
3602
3328
3554
3538
3081
3759
3598
3201
3673
3573
3657
3935
3367
3434
3557
3637
3367
3601
3915
3920
4118
3270
3720
4060
3655
3789
3524
3444
3819
3398
3384
3368
3822
4122
3386
3235
3572
4017
3921
3278
3269
3249
3782
3324
4127
3729
3394
3070
3906
3052
4714
3582
2829
3279
3509
3845
3362
3723
3555
3598
3470
3737
3731
3678
3617
3502
3816
3527
4899
3697
3380
3309
3612
4558
3311
3580
3706
3523
3833
3431
3474
3502
3802
3713
3906
3466
3424
3568
3944
4263
3435
3351
3408
3474
3422
3376
3342
3712
3475
3960
3381
3793
4090
3657
3653
3821
3686
3493
3660
3601
3605
3588
3335
3740
3878
3361
3825
3889
3326
3372
3637
3334
3568
3140
4048
3047
3711
3480
3973
3648
2842
3354
3629
3630
3719
3491
4236
3581
3022
3753
3321
3707
3308
3869
4006
3665
3358
3344
3596
3356
3763
3201
3518
3437
3508
3095
3429
3319
3475
3876
3759
3412
3530
3515
3515
3250
3124
3700
3809
3661
3597
3627
3308
3392
3532
6869
3496
3330
3388
3888
4001
3454
3764
3281
3402
3784
3221
3387
3226
3306
3462
3635
4109
3741
3728
3162
3474
3548
3221
3749
3200
3808
3820
3391
3418
3824
3123
3564
4224
3892
4063
3798
3173
3450
3147
2972
3092
3205
3723
3231
3676
3648
3596
4290
3836
4114
3632
3025
3502
3276
3344
3451
3627
3427
3779
3635
3323
3495
3744
3641
3363
4585
3403
3690
3587
3708
3300
3973
3862
2719
3791
3587
3619
3574
3308
3341
4153
3764
3524
3684
3509
3378
3492
3335
3341
3663
3713
3591
3385
3351
3366
3313
3757
3393
3464
3810
3505
3583
3875
3534
3476
3181
3896
3520
3858
3568
3585
3758
3409
3120
3791
3321
3586
3800
3148
3475
3120
3647
3227
4982
2991
3324
4132
3270
3675
3438
3341
3383
3590
3310
3470
3605
3793
3587
3829
4351
3639
3770
3393
4048
3632
3855
3581
3603
4185
3393
3218
3327
3556
3443
3756
3514
3803
3780
3146
3968
3532
3994
3866
3175
3842
3359
3853
3497
3596
3720
3352
3433
4049
3399
3388
3919
3803
3536
3449
3833
3345
3454
3955
3772
3402
3944
3686
3833
3422
3599
3854
3574
3458
3679
3710
3585
3281
3221
3591
3658
3583
3280
3667
3242
3668
3890
3483
3692
3523
3682
3252
3227
3613
3173
3542
3247
3441
3871
3275
3039
3923
3672
3747
3526
3665
3345
3292
3602
3656
3716
3513
3941
3827
3693
3364
3339
3596
3629
3258
3390
3861
3338
3584
3648
3653
3886
3597
3342
3413
3315
3546
3333
3253
3332
3218
3737
3692
3350
3556
3314
3625
3614
3966
3526
3570
3466
3854
3358
3533
3670
3454
2960
4145
3286
3813
3308
3491
3081
3415
5127
3819
3503
3468
3387
3587
3428
3136
3864
3730
3529
3769
3518
3251
3611
3364
4121
3765
3449
3880
3226
3293
3817
3190
3551
3116
3606
3487
3402
3511
3903
3630
3503
3671
3674
3787
3417
3846
3334
3660
3838
3499
3586
3178
3479
3325
3593
3244
3409
3462
3579
3989
3664
3527
3416
3574
3969
3582
3120
3626
3548
3650
3870
3686
3669
3557
3291
3571
3671
3941
3356
3310
3771
3546
3199
3410
3623
3650
3211
3502
3965
3672
3250
3503
6950
3470
3181
3637
3792
3843
6870
3771
3545
3696
3869
4075
3663
3364
3487
3633
3786
3282
3292
3722
3750
3586
3248
3884
3521
3732
3497
3695
3510
3704
3217
3674
3597
3733
3644
3318
3594
3655
3886
4204
3711
3454
3339
3503
3762
3689
3167
3214
3458
3341
3660
3601
3198
3832
3521
3536
3363
3216
3923
3559
3457
3531
3125
3595
3430
3509
3102
3743
3328
3721
3772
3752
3601
3576
3773
2874
3684
3553
3779
3649
3282
3354
3337
6869
4215
3983
3077
3196
3522
3751
3252
3680
3512
3296
3439
3423
3125
3573
3171
3651
6849
3162
3736
3857
3387
3261
3583
3587
3394
3413
3470
3421
3716
3133
3862
3720
3283
3449
3487
3903
3678
3709
3577
3328
3380
3509
3352
3427
4099
3172
3773
3410
4920
3429
3029
3587
3344
3797
3114
3465
3506
3438
3290
3749
3331
3802
3768
3368
3573
3302
3787
3554
3253
3875
3525
3392
3836
3511
4553
2897
3346
4110
3253
3760
3402
3537
3265
3602
3626
3897
3566
3259
3865
3924
3410
3445
3328
3559
3495
3768
3403
3532
3980
3150
3428
3503
3609
3674
3504
3368
3710
3539
3363
3320
3695
3406
3673
3464
3271
3246
3617
3713
3146
5626
3402
3508
3367
3558
3568
3261
3227
3321
2845
3947
3385
3072
3748
3821
3267
3712
3947
3638
3665
3633
3522
3625
3666
3383
3715
3596
3781
3292
3649
3661
3049
2985
3195
3551
3330
3358
3535
3662
3471
4070
3602
3420
3608
3844
3848
3540
3519
3607
3589
3539
3376
3359
3746
3667
3700
3822
3664
3303
4007
3672
3868
3391
3385
3399
3657
3838
3233
3584
3707
3174
3758
3367
3625
3204
3031
3208
3565
3277
3809
3818
3603
3694
3849
3585
3487
3976
2957
3722
3405
6867
3656
3387
3297
3089
3599
3354
3370
3614
3498
3406
3496
3270
3915
3288
3659
3459
3681
3868
3184
3973
3871
3129
4012
3335
3735
4174
3471
3327
3282
3785
3733
3380
3667
3687
3529
3589
3657
3693
4093
3712
3795
3412
3681
3559
3789
3683
3656
3130
3500
3689
3066
3576
4100
3252
3348
3543
3417
3534
3768
3635
3930
3569
3681
3765
3886
3547
3618
3614
3270
3616
3984
4038
3542
3279
3339
3382
3320
3560
3244
4026
3709
3351
3264
3837
3816
3946
4159
3753
3367
3825
3643
3415
3357
2971
3921
3439
3611
3317
3595
3383
3444
3714
3356
3719
3388
3414
3701
3734
3455
3776
3591
3891
3754
3479
3506
3083
3264
3378
3445
3304
3391
3687
3610
3295
3446
3366
3660
3230
3988
3446
3993
3361
3470
3412
3600
3610
3708
3338
3764
3577
3704
3515
3462
3644
3521
3452
3369
3723
3447
3501
3197
3963
3517
3311
3656
3583
3644
3783
3484
3610
3408
3504
3134
3352
3855
3277
3225
3630
3540
3881
3574
6851
3353
3439
3934
3380
3422
3605
3628
3477
3453
3517
4035
3750
4006
3646
3553
3509
3472
4066
3803
3311
2996
3699
3552
4073
3709
4005
3861
3700
3706
6867
3411
3922
3258
3939
3869
3429
3764
4791
3485
3400
3583
3608
3618
3464
3763
3574
3585
3546
3367
4062
3537
3638
3492
4373
3506
3649
3597
3454
3613
3830
3725
3401
3936
3774
3408
3907
3806
3529
3510
3679
3475
3339
3681
2985
3528
3759
3811
3493
3473
3880
3327
3602
3606
3290
3618
3416
3501
3503
3437
3604
3429
3463
3661
3540
3826
3652
3372
3353
3432
3330
3552
3889
3407
3835
3389
5677
3722
3777
3353
3582
3738
3141
3831
3648
3557
3275
3235
3495
3676
3522
3755
3300
4312
3556
3681
3450
3603
3416
3430
6869
4038
3235
3456
3510
3233
3359
3426
3512
3687
3478
3743
3353
3940
3707
3682
3421
3408
3641
3375
3502
3929
3943
3396
4152
3459
3476
4184
3451
3270
3671
3339
3838
3892
3623
3883
3371
3216
3421
3654
3422
3373
3365
3852
3706
3365
3464
3178
3827
3545
3679
4229
3725
3537
3572
3925
3081
3502
3135
3614
3715
3301
3589
3138
3447
3581
3538
3662
3801
3446
3077
3957
3673
3196
3936
3503
3393
3164
4120
3356
3488
3679
6870
4059
3408
4074
3492
3428
3589
3751
3482
3398
3423
3885
3678
3866
3165
3627
3607
3553
3380
3520
3293
4114
3253
3699
3115
3986
3404
3138
3657
3379
3309
3087
4177
3569
3447
3367
3605
3459
4030
3279
4139
3502
3557
3778
3471
3330
3597
3686
3322
3885
3779
3469
3635
3352
3421
3670
3856
3299
3597
3417
3133
3635
3344
3533
3556
3509
3954
3514
3747
3253
3604
3305
3869
3266
3655
3870
3670
4376
3503
3547
4684
4084
3300
3387
3762
4004
3605
3385
2948
3519
3349
3672
3412
3593
3785
3740
2939
3141
3558
4256
3682
3413
3367
3738
3522
4120
3811
3498
3396
3805
3819
3406
3567
3974
3164
3670
3510
3553
3983
3557
2853
3691
3566
3319
3290
3273
4043
3850
3705
3535
3386
3388
3567
3187
3667
3679
3167
3749
4285
3475
2980
3468
3585
3663
3684
3524
3620
3590
3677
3704
3419
3380
3870
3990
4068
3353
3647
3547
3944
3553
2948
3648
3374
3302
3708
3400
3709
3420
3388
3331
3452
3801
3772
3252
3372
3146
3607
3445
3405
3207
3585
3842
3367
3780
3783
3214
3841
3196
3657
2889
4082
3697
3389
3318
3607
3391
3503
3755
3258
4053
3459
3614
2971
3280
3427
3843
3471
3427
3257
3817
3443
3896
3186
3949
3157
3333
3117
3515
4350
3542
3593
3428
3456
3595
3812
3603
4004
3685
3430
3806
3273
3929
3678
3871
3692
3574
3216
3724
3174
3169
3986
3743
3732
3926
3751
3340
3739
3664
3383
3658
3658
3516
3853
3576
3487
3539
3811
3495
3441
3656
3497
3415
3206
3314
3185
3564
4167
3475
3484
3395
3416
3092
3354
3465
3203
3320
3463
3431
3237
3667
3530
3569
3635
3270
3145
3774
3472
3501
4769
3791
3742
3402
3547
3643
3360
3327
3274
3394
3504
3233
3216
3844
3222
3417
3469
3904
3647
3187
3523
3814
3521
3562
3241
3959
3555
3684
3546
4071
3202
3779
6869
3821
3428
3932
3863
3774
3275
3789
3448
3533
3606
3368
3361
3527
3646
4377
3614
3857
3498
3919
3842
3559
3612
3286
6823
3428
2889
3935
3472
3221
3672
3192
3328
3295
3294
3549
3425
3791
3853
3467
3829
3774
3253
3451
3933
3778
3289
3318
3375
3809
3587
4431
3280
3544
2988
3349
3559
3763
3626
3280
3667
4033
3437
3815
3743
3897
3406
3490
3335
3193
3794
3179
3545
3413
3501
3634
4008
3474
6830
3467
3657
3889
3446
4022
3543
3739
3353
4228
3643
3175
4284
3609
3010
3862
3230
3231
3241
3455
3675
3213
4094
3565
3396
4392
3220
3498
3686
3141
3459
3084
3691
3608
3200
3620
3479
3960
3600
3676
3461
3590
3820
3537
3428
3905
3572
3354
3619
4013
3154
3259
3227
3381
3419
3634
3594
4127
3468
3955
3193
3410
3454
3756
3624
3261
3452
3439
3437
3710
3801
3639
3679
3670
3375
3359
3685
4056
3757
3658
3184
3346
3467
3342
3880
3286
3300
3382
3963
3425
3655
3680
3616
3629
3614
3561
3509
3422
3476
3615
3320
3537
3689
3823
3362
3817
3623
3844
3094
3868
3290
3123
3278
4100
3743
3576
3704
3483
3385
3540
3438
3568
3912
3242
3319
3584
3568
3456
3534
3753
3865
3547
3505
3522
3280
3225
3372
3332
3743
3592
3411
3509
3421
3934
3543
3568
3634
3308
3589
3720
3913
3765
3628
3367
3943
3650
3181
3535
3364
3390
3709
3488
3373
3744
3731
3404
3549
3721
3614
4093
3550
3308
3338
3516
3510
3197
3731
3497
3546
3656
3532
3236
3046
3371
3447
3396
3455
3480
3693
3935
3763
3579
3324
3271
3203
3446
3454
3385
3869
3280
3428
3097
3827
3097
3049
3843
3786
3305
3953
3407
3253
3241
3246
3440
3862
3634
3445
3167
3668
3662
3686
3536
3736
3460
3885
3347
3820
3443
3486
3692
3306
3615
3636
3291
3297
3914
3413
3624
3626
3214
3471
3311
3339
3088
3499
3805
3686
4042
3913
4077
3374
3230
3564
3516
3344
3664
3154
3589
3570
3955
3439
3282
3757
3198
3626
3470
3411
3241
3223
3507
3363
3180
6865
3270
3348
3886
3173
3153
3496
3414
3357
3818
3529
3448
3638
3949
3714
3414
3555
3508
3519
3341
3670
3575
3228
3601
3629
3591
3302
4133
3513
3623
3565
3660
3617
3711
3359
3748
3712
3467
3901
3163
3413
3141
3475
3355
3206
3391
3334
3628
3833
3553
3627
3764
3335
3645
3914
3235
3693
3435
3548
3740
3426
3483
3805
3863
3841
3831
3272
3292
3450
3637
3413
3801
3468
3157
3589
3452
3852
3499
3744
3868
3625
3641
3084
3084
3383
3255
3620
3364
3420
3823
3095
3015
3695
3327
3346
3466
6974
3846
3885
4019
3523
3600
3585
3316
3715
3531
3546
3188
3289
3148
3656
3482
3335
3834
3755
3952
3934
3326
3902
3540
3380
3128
3421
3502
3549
3384
3222
3783
3644
3231
3032
3606
3000
3890
3642
3727
3401
4206
2966
3496
3353
3446
3379
3420
4150
3536
3526
3320
3896
3393
3363
3497
3663
3474
3544
3681
3774
3074
3443
3841
3220
3211
3432
3457
3944
4013
3229
3926
3238
3461
3589
5491
3457
3360
3676
3265
3614
3415
3545
3630
3735
3587
3909
3266
3606
3740
3667
3580
4249
3963
3964
2923
3253
3779
3918
3613
4131
3863
3419
3306
3763
3906
3770
3405
3482
3871
3493
3435
3079
3482
3238
4129
3137
3186
3200
3674
4115
3699
3083
6379
4183
3498
3322
3330
3658
3533
3531
3356
3753
3731
3531
3285
3050
3859
3306
3571
4414
3829
3521
3359
3648
3550
3552
3371
3576
3563
3608
3679
3915
3644
3714
6848
3427
3029
3243
3966
4328
3528
3273
3567
3274
3271
3546
3259
3586
3301
3369
3924
3500
3365
3481
3968
3453
3275
3323
3075
3274
3770
3286
3935
3759
3644
2924
3240
3947
3476
3401
3648
3507
3260
3280
3453
3548
3876
4115
3647
3237
6832
3514
3050
3853
3505
3169
2792
3682
3760
3465
3447
3869
4455
3305
3512
3778
3350
3429
3898
3276
3925
3672
3678
3450
3831
3379
3870
3465
4145
3300
3232
3602
3509
3595
3621
3390
3645
3399
3484
3754
3631
4404
3093
3814
4073
3370
3636
3595
3329
3468
3356
4225
3256
3452
3479
3446
3544
3188
3526
3702
3698
3450
3510
3334
3671
3804
3831
3392
3737
3416
3806
3869
3523
3357
3533
3447
3481
3460
3696
3510
3711
4168
3686
3497
3410
3141
3654
3527
3653
3598
3469
3477
3551
3468
3349
3631
3356
4892
3221
3830
3718
3143
3331
3362
3422
3948
3167
3431
3712
3365
3435
3246
3330
3542
3783
3693
4548
3495
3372
3312
3539
3782
3302
3405
3506
3591
3259
3697
3641
3691
3303
3297
5556
3736
3751
3235
3449
3516
3344
3401
3160
3529
3188
3263
3537
3363
3361
3859
3254
3737
3477
3420
3422
3858
3698
3650
3391
3301
3423
3771
3613
3206
3653
3383
3425
3354
3233
3568
3313
3741
3322
3372
3443
3643
3470
6844
3182
3807
3825
3459
3751
3839
3711
3472
3189
3521
4069
3433
3978
3254
3902
3635
3062
3600
3552
3154
3555
3727
3343
3286
3928
3337
3448
3743
3550
3329
3475
3387
3819
3634
3405
3449
3909
4050
3294
3524
3273
3738
3302
3518
3791
3744
5402
3560
3429
3465
3349
3735
3653
3188
5611
3607
3592
3119
3796
3557
3307
3361
3405
4127
3685
3636
3708
3706
3262
4141
3502
3302
3538
3513
3740
4396
3240
3723
3403
3589
3565
3816
3384
3649
3611
3380
3425
3789
3396
3800
3555
2960
3469
3605
3770
3357
3218
3607
3149
3648
3042
3856
3288
4147
3281
3525
3319
3424
3476
3409
3265
3742
3547
3643
3463
3372
3696
3700
3777
3304
3707
3460
3933
3455
3310
3506
3442
3607
3248
3812
3444
3207
3487
3907
3713
3436
3017
3730
3933
3279
3837
4017
3334
3161
3333
3398
3258
3706
4017
4074
3514
3376
3369
3501
3224
4030
3413
3563
4162
3846
3577
3655
3642
6856
3693
3484
3592
3636
3564
3750
3729
3642
3478
3877
3690
3538
3903
3094
3439
4020
3369
3866
3444
3727
3330
3534
4039
3465
3393
3169
3454
3437
3618
3436
3747
3174
3560
3726
3965
3592
4127
3770
4120
3178
3465
3646
3687
3383
3563
4025
3400
3302
3607
4373
4267
3253
4061
3819
3422
3246
3527
3562
3228
3707
3487
3746
3806
3449
3691
3698
3818
4295
3776
3475
3817
4261
3635
4097
3784
3657
3610
3732
3193
4154
3804
3300
3482
3281
4744
3271
3589
3287
3425
3745
3263
3413
3677
3680
3673
3086
3582
3615
3740
3659
3439
3466
3986
3278
3567
3819
3331
3841
3606
3598
3945
3750
3267
3611
3341
3929
3661
3638
3555
3596
3688
3978
3864
3614
3637
3468
3513
3745
3480
3620
3486
3063
3362
3584
3765
3631
3341
3315
3461
3355
4124
3676
3354
3432
3646
3567
3864
3195
3732
3471
3442
2964
3366
3389
3862
3429
3389
3676
3247
3117
3527
3413
3485
3268
3477
3879
3607
3592
3423
3296
4375
4007
3425
3477
3351
3436
3373
3889
3429
3280
3523
3231
3960
3564
3547
3571
3308
3649
3774
3587
3667
3444
4074
3420
3244
3122
3524
3494
4134
3567
3720
3301
3490
3921
3851
3495
2975
3624
5406
3862
3164
3403
3654
3447
3501
3688
3638
3495
3676
3142
3659
3733
3747
3707
3616
3087
3442
3418
3330
6870
3878
3807
3249
3408
3177
3592
3726
3687
3527
3314
3388
3357
3662
3657
3245
3076
3330
3362
3413
3242
3761
4554
3680
3626
3382
3940
3376
3502
3370
3389
3360
3438
3737
3692
3547
3802
3915
3700
3664
3655
3966
3837
3769
3612
4497
3598
3416
4203
3429
3762
3243
3278
3717
3978
3876
3324
3605
3690
3439
3301
3884
3967
3193
3301
3139
3863
4176
3061
3389
3253
3566
3959
3467
4246
2981
4044
3556
3398
3856
3647
3425
3687
3360
4337
3591
3429
3371
3294
3850
3369
3649
2938
3564
3554
3963
3339
3560
3742
3589
3515
3589
3864
4015
3360
3579
3937
3568
3314
3322
3769
3534
3217
3805
3785
3690
3498
3760
3390
3427
3359
3561
3102
3486
3232
3395
3318
3327
2909
4128
3420
3798
3626
3562
3530
3898
3425
3375
3350
3570
3756
3488
3693
3956
3442
3695
3416
3438
3541
3414
3400
3643
3710
3548
3875
3449
3757
3646
3836
3522
3420
3675
3483
3753
3757
3469
3971
3396
3416
3483
3944
3510
3550
3574
3569
3967
3525
3787
3224
3974
3931
3255
3900
4048
3767
3537
3751
3565
3451
3410
2871
3422
4057
3638
3361
3477
3679
3602
3582
3236
5339
3397
4075
3293
3683
3064
3531
3864
3615
3505
3543
3190
3186
3548
3192
3347
3748
3895
3380
3905
3404
3369
3782
3625
3292
3413
3936
3486
3493
3562
3578
3735
3889
3786
3435
3386
3439
4278
4201
3380
3356
4016
3520
3324
3518
3686
3443
3578
3836
3726
3283
3680
3439
3646
3345
3704
3386
3367
3186
6847
3403
3576
3542
3722
3775
3508
3889
3811
3761
3256
3420
3627
4045
3413
3232
3721
3726
3540
3324
3622
3320
3413
3521
3616
3985
4095
3577
4067
3473
3878
3032
3612
3860
3763
3492
3461
3684
3767
3971
3520
3607
3713
3647
3167
3638
2870
3532
3732
3747
3844
3150
3710
3555
3658
3184
3725
3517
3807
3367
3559
3781
3705
3741
6869
3744
3888
3156
3194
3868
3876
3449
4050
3807
3549
3529
3671
2923
3351
3391
3661
3448
3612
3665
3682
3466
3384
3356
3691
3796
3311
3285
3278
3943
3438
3297
3308
3396
3438
3055
3743
3773
3398
3583
3775
3495
3863
3875
3670
2967
3880
3241
3947
3870
4047
3240
3635
3530
3563
3337
3483
3615
3408
3681
3715
3575
4047
3772
3696
3441
3234
3513
4085
3692
3725
3865
3331
3761
3413
3306
3490
3591
3906
3912
3740
3545
3774
3599
3469
3351
3399
3803
3669
3510
3543
3313
5249
3283
3742
3625
3458
3832
3585
3481
3372
4137
3757
3451
3415
3618
3514
3328
3826
3390
3574
3112
3891
4364
3879
3059
4367
3509
3546
3546
3778
4001
3808
4019
3602
3608
3681
3442
3571
3483
3348
3693
3414
3855
3902
3783
3593
4071
4564
3499
3477
3675
3318
3862
3848
3262
3510
3663
3902
3242
3909
3564
3578
3285
3645
3829
3245
3775
3333
3495
3343
3407
3741
3285
3937
3286
4062
3946
4225
3840
5129
4207
3407
3392
3500
3742
3604
3472
3509
3859
4408
3751
3219
3544
3211
3637
3325
3738
3664
4023
3724
3827
3693
3730
3597
3524
3458
3861
3683
3897
3314
3268
3501
3736
3693
4079
3687
3824
3439
3281
3651
3272
3477
3450
3351
3565
3533
3392
3689
3784
3659
3343
3174
3238
3499
3314
3617
3761
3365
3532
3688
3807
3709
3279
3260
3683
3487
4467
3599
3183
3471
3023
3726
3381
3513
3586
3657
3404
3335
3393
3374
3426
4267
3423
3708
4142
3588
3904
3361
3591
3578
3382
3710
3720
3468
3887
3032
3174
3339
3759
3636
3063
3268
3734
3385
3154
3638
3335
4183
3506
3359
3660
3411
3548
3567
3477
3326
3610
3371
3228
3323
3160
3513
3398
3529
3452
3426
3247
3641
3814
3935
3279
3932
3706
3790
3940
3808
2801
3287
3330
3706
3216
3894
3880
3683
3740
3187
3517
3560
3494
3607
3565
4176
3275
4010
3444
4109
3665
3550
3574
3899
3128
3437
3225
3423
3668
3620
3251
3377
3603
3017
4171
3174
3394
3136
3602
3508
3421
3426
3376
3618
3463
3191
3407
3769
3710
3689
3317
3362
6846
3220
3391
3324
3514
3468
3478
3718
3844
3498
3303
3374
2986
3420
3520
3346
3521
3794
3845
3964
3359
3827
3817
3731
3414
3570
3557
3592
3496
3231
3298
3868
4381
3848
3535
3847
4047
3399
3533
3536
3698
3598
3389
3535
3621
3248
3310
3255
3657
3726
3456
4612
3717
3517
3464
3376
3335
3465
3771
3393
4146
3684
3612
3461
3572
3777
3519
3540
3482
3568
3670
3531
3357
3702
3657
4098
3716
3851
3509
4358
3718
3836
3431
3453
3087
3927
3595
3806
3645
3997
3843
3802
3834
3867
3773
3270
3973
3506
3564
3316
3637
3224
3314
3346
3284
3774
3678
3516
3378
3363
3529
3630
3322
4022
3408
4120
3472
3485
3377
3519
3471
3805
3713
3567
3226
4025
7074
3508
3352
3377
3535
3484
3359
3573
3417
3453
3345
3493
3854
3354
3176
3804
3946
3537
3788
3860
3249
3485
3366
3970
3646
3337
3329
3482
3464
3420
3443
3323
3392
3219
3455
3216
3929
3305
3125
3502
3332
3220
3293
3351
3428
3652
3207
3394
3372
3592
3531
3571
3423
3769
3374
3542
3848
3317
3476
3720
3753
3960
3281
3088
3346
3423
3305
3763
3455
3399
3680
3681
3366
3520
3526
3276
3403
3974
3518
3012
3756
3872
3558
3746
3791
3706
3269
3230
3318
3328
4174
3558
3297
3316
3249
3544
3158
4552
3418
3467
3467
3688
3436
3666
3349
3166
6842
3758
3760
3406
3595
3642
3269
3455
3660
3204
3620
3317
3401
3678
3926
3299
3477
3268
3354
3257
3290
3304
3515
3852
3563
3495
4162
3825
3616
3886
3826
3214
3680
3742
3540
3508
3381
3519
3243
3716
3779
3427
3684
3438
3825
3578
3440
3433
3770
3593
4085
3341
3668
3388
3570
3686
3697
3479
3544
3523
3162
3670
3954
3750
3596
3585
4265
3363
3466
3748
3164
3822
3743
3779
3170
3356
3637
3367
3296
3878
3840
3356
3341
3571
3640
3401
3336
3310
2945
3617
3673
3813
3245
3512
3542
3442
3268
3105
3307
3669
3178
3432
3821
3771
3274
3458
3418
3539
3277
3307
3557
3666
3554
3493
3408
3158
3331
3338
3403
3548
3500
3941
3343
3635
3933
3463
3638
3106
3307
3522
3588
3357
3414
3221
3698
3456
3233
3712
3864
3196
3568
3463
3650
4030
3236
4086
4135
3893
3515
3737
3719
3440
3449
3464
3398
3394
3855
3508
3669
3636
3287
3407
3479
3343
3714
3239
3428
4149
3568
3551
3485
3747
3835
3408
3382
3821
3793
3175
3516
3694
3145
3482
3604
4030
3410
4067
3614
3761
3306
3480
3834
3348
3478
3616
3286
3811
3711
4011
3708
2872
6142
3475
3516
3778
3944
3323
3505
4061
3889
3792
3296
3220
3678
3477
3248
3623
3470
5244
3283
3801
3577
3125
3534
3703
3390
3658
3399
3333
3890
3159
3382
3185
3165
4070
3327
3702
3514
3519
3755
3793
3685
3726
3368
3465
3896
3404
3611
3797
3343
3167
3624
3407
3557
3510
3520
3725
3332
3405
3410
3452
3464
3333
3785
3805
3607
3469
3461
3906
4016
3601
3272
3942
3574
6843
3427
3285
3638
3781
4158
3409
3988
2788
3938
3544
3665
3656
3269
4623
3294
3539
3288
3629
3589
3807
3440
3371
3632
4181
3284
3237
3980
3662
3300
3228
3674
3944
3165
3528
3007
3609
4021
4022
3313
3377
3585
3490
3526
4045
3979
3552
3681
3255
3282
3575
3349
3419
3678
3370
6869
3495
3327
3398
3357
3569
3632
3191
3743
3392
3832
3382
3491
3777
3837
4402
6867
3798
3482
3643
3607
3780
3768
3363
3322
3590
3413
3751
3823
2915
3665
4044
3339
3505
3099
4011
3573
3337
4562
3175
3355
3753
4019
3566
3623
3613
3617
3419
3805
3665
3459
4072
3813
3660
3642
3545
3603
4193
3454
3179
3062
3315
3364
3485
3226
3752
3843
3521
3522
3535
3756
3936
4000
3760
2979
3531
3702
3627
3826
3616
3420
3590
3066
3876
3490
3635
3587
3552
3306
3477
3941
3746
3362
3386
3345
3538
3549
3453
3861
3585
3243
3339
3666
3171
3313
3422
3344
3950
3852
3766
3525
3522
3714
3310
3665
4091
3708
4013
3141
3471
3784
3456
3350
3843
3425
3339
3936
3278
3367
3227
3718
3792
3196
3042
3811
3442
3531
3417
3501
3508
3567
3993
3423
3514
3233
3301
3717
3634
3701
3527
3077
3436
3267
3441
3733
3497
3405
3590
3382
3438
3285
3310
3458
3536
3181
3576
6844
3200
3529
3564
3251
3615
3863
4212
3703
3808
3661
3623
3363
3195
3570
3533
3616
3600
3847
3672
3651
3426
3409
3557
3438
3334
3898
3692
3255
3153
4476
3376
3698
3677
3525
3458
3434
3607
3476
3595
3570
3377
3639
3483
3794
3336
3912
3619
3941
3730
3538
3408
3330
3778
3287
3568
3476
3258
3607
3814
3263
3612
3741
3282
3335
3600
3928
3550
3493
3209
3624
3517
3433
3393
3436
3323
3940
3669
3280
3366
3686
3702
4062
3424
3322
3606
3202
3414
3724
3359
6865
3523
3277
3149
3510
3497
3549
3367
3727
3132
3894
3145
3866
3514
3850
3531
3453
3795
3451
3595
3684
3599
3732
3471
3938
3552
3353
3239
3557
3982
3432
3630
3102
2991
3366
3686
3831
3307
3514
3686
3397
3945
3603
3544
3204
3387
3369
3573
3853
3367
3567
3616
3974
3844
3311
3635
3344
3927
3768
3676
3871
3565
3281
4034
3388
4467
3555
3564
3539
3802
3714
3883
3515
3461
3363
3622
3413
3379
3684
3730
3183
3290
3524
3454
3645
3557
3757
3692
3781
3468
3438
3661
3513
3227
3374
3866
3439
3702
3491
3177
3299
3630
3651
3244
3445
4011
3596
3774
3973
3765
3602
3665
3694
3376
3813
3298
3410
3575
3735
3419
3721
3208
3176
3600
3202
3892
3282
3674
3530
6863
3376
3693
4131
4236
3903
3766
3742
3290
3191
3293
3511
3453
3779
3498
4078
3782
3162
3165
3595
3705
3665
3954
3829
3774
3754
3645
3345
3619
4015
3502
3604
3815
3574
3555
3285
3607
3773
3644
3602
3486
3779
3384
3071
3315
3434
3643
3830
3499
3525
3989
3771
3159
3942
6846
3740
3321
3203
3604
2971
3407
3761
3798
3541
3754
3827
3220
3520
3547
3388
3076
3726
3494
3551
3820
3788
3294
3488
2914
3599
3779
3796
3286
3780
3680
3911
3672
3648
3226
3608
3351
4587
4012
3874
3553
3427
3537
3918
3540
3624
4321
3921
3410
3567
4065
3660
3141
3956
3112
3503
3470
3720
3939
3258
3159
3226
3530
3212
3398
3461
3735
3561
3443
3457
3561
3952
6853
3696
3685
3581
3505
3376
3859
3956
3546
3509
3412
3346
4009
3579
3538
3430
3553
3297
3666
3761
3151
3747
3280
3559
3168
3401
3188
3637
3645
3272
3752
3929
3600
3569
3736
3234
3166
3640
4201
3118
3329
3605
3761
4471
3177
3427
3503
3431
3738
3407
3340
3646
3359
3319
3378
3420
3523
3413
3506
4050
3300
3690
3819
3105
3914
3292
3693
3654
3112
3819
3280
4105
3596
3607
3880
3771
3173
3884
3595
3925
3339
3467
3760
3456
3444
3153
3554
3678
3847
3164
3409
3338
3285
3665
3147
3683
3241
3792
3758
3691
3402
3645
4051
3584
3481
3302
3980
3416
3464
3533
3635
3526
3252
3616
4139
3687
3431
3513
3286
3442
3403
6869
3145
3503
3676
3363
3549
3668
3883
3834
3536
3348
3618
2817
3651
3252
3937
3524
3955
3439
3755
3489
3297
3574
3314
3831
3280
4020
3982
3308
4039
3496
3950
3219
3419
4191
3918
3922
3489
3663
3857
3364
3629
3721
3858
3376
3257
3472
3482
3260
3413
3450
3440
3733
3398
3751
3699
3556
3874
3323
3313
3249
3145
3498
3414
3359
3691
3173
3626
3222
3540
3748
3741
3929
3773
3396
3267
3202
3439
4174
3553
3494
3292
3231
3481
3235
3688
3712
3966
3408
3950
3584
3078
2902
3557
3959
3739
3636
3273
3845
3702
3297
3461
3238
3255
3375
3914
3245
3440
3516
3399
3563
3916
4493
3099
3799
3542
3189
3730
3580
3640
3518
3739
3735
3701
3072
3278
3736
2866
3454
6869
3363
3469
3732
3443
3377
3605
4000
3565
4344
3316
4616
3149
6849
3498
3669
3499
3407
3711
3746
3312
3946
3462
3802
3408
3533
3270
6870
3535
3689
3588
3807
4081
3174
3373
3814
3640
3699
3645
3875
3246
3895
3544
3631
3862
3632
3729
3461
3602
3235
3617
3874
3552
3626
4070
4198
3687
3283
3693
3803
3278
3178
3306
3518
3658
3565
3211
3702
3248
3219
3265
3804
3493
3713
3190
3164
3700
3518
3577
3553
3293
3144
3379
3585
4559
3446
3500
3696
3570
3306
3737
3635
3312
3914
3785
3420
3796
3384
4212
3625
3328
3317
3834
3243
3328
3433
3829
3452
3430
3582
3512
3475
3945
3516
3944
3861
3653
3868
3702
3435
3338
3304
3613
4210
3320
4236
3657
3377
3479
3206
3511
3577
3582
3666
3529
3398
3789
3569
5919
6871
3195
3293
3453
3712
3180
3560
3634
3870
3583
3351
3564
3852
3703
3575
3814
3679
4025
3551
3686
3896
3474
3326
3397
3346
3685
3748
4157
3643
3525
3370
3455
3885
4082
3674
3362
3553
3611
3694
3560
3886
3359
3600
3471
3756
3295
3400
3582
3810
3310
3390
3953
3306
3330
3339
3736
3066
6871
3508
3032
3845
3827
3393
3531
3181
3216
3608
3600
3725
3587
3323
3319
3415
3774
4000
16
3469
3165
3225
3292
3725
3682
3612
3416
4208
3955
3733
3398
3543
3261
3669
3671
3792
3259
3620
3773
3208
3526
3105
3537
3687
3642
4050
3963
3766
3490
3417
3490
3766
3657
3566
3885
3287
3498
3500
3813
3319
3626
3681
3427
3269
3260
3379
3391
3573
3724
3590
3419
3691
3439
3689
3169
3836
4102
6871
3337
3496
3277
3331
3636
3601
3310
3535
3623
3279
3381
3808
3736
3243
3603
4941
3508
3674
3452
2991
3657
3375
3352
3792
3404
3467
2949
3156
3589
3508
3520
3649
3075
3323
3147
3221
3451
3542
3228
3596
3464
3229
3850
3259
3382
3429
3621
3528
3636
3934
3775
4142
3121
3770
3116
3248
3923
3574
3521
3715
3446
4207
3940
3840
3652
3463
3418
3504
4118
3523
3457
3404
3429
3084
3858
3686
3362
3278
3612
3737
3770
3380
3612
2916
3705
3225
3396
3285
3370
3477
3231
3452
3504
3784
4118
3607
3530
3815
3890
3476
3564
4111
3252
3648
3698
3781
3623
3088
3820
3281
3335
3726
3409
3551
3788
3248
3755
3327
4016
3157
3387
3140
3355
3201
3580
6870
3676
3684
4095
3986
3799
3323
3457
3361
3648
3267
3348
3477
3218
4142
3193
3746
3733
3819
3600
3940
3481
3509
3375
3987
3918
3385
3466
3506
3798
3983
3937
3742
3375
3788
3777
3423
3751
3059
4000
3848
3815
3849
3469
3344
3684
3256
3600
3392
3375
3548
3401
3681
3614
3365
3068
3179
3505
3469
3297
3686
3284
3564
3808
3381
3505
4128
3789
4098
3001
3727
3386
3511
3164
3290
3442
3552
3546
3659
2980
3869
3895
3968
3583
3604
3894
3975
3431
3250
3492
3633
3518
3398
3529
4235
3502
3321
3583
3646
6845
3676
3520
3680
3856
3352
3372
3905
3715
3368
3332
3271
3279
3627
3659
3811
3615
3526
3369
3713
3546
3524
3356
4327
3493
3617
3822
3398
3526
3345
3735
3719
3349
3708
3739
3649
3632
3409
3885
3468
3608
3195
3606
3316
3430
3288
3381
3559
3328
3478
3413
3956
3305
3633
3394
3627
3460
3397
4477
3700
3848
6875
3786
3595
3742
3793
3398
3457
3530
3744
3181
3035
3339
3190
3529
3733
3513
4024
3326
3426
3343
3642
3366
3871
3713
3728
3686
3250
3294
3978
3437
3806
4074
3364
3680
3362
3776
3268
3629
3486
3893
3601
4067
3983
3025
3324
3461
3508
3324
3268
3124
3384
3593
3493
3883
3310
3569
3747
3803
3682
4321
3834
3931
3724
3388
6852
3561
3735
3400
3533
3194
3252
3531
3467
3292
3909
3354
3782
3326
3478
3173
4126
3312
3551
3338
3816
3259
3543
2923
3785
3393
3671
3538
4386
3581
3510
5870
3623
3625
3250
3330
3432
3654
3682
3414
3787
3804
3316
3753
3390
3325
4022
3099
3646
3362
3287
3166
3475
3501
3713
4384
3476
3471
3303
3742
3522
3783
3741
3813
3454
3984
2895
3378
3340
3714
3368
3252
3832
3555
3441
3592
4148
3856
3346
3951
3559
3217
3570
3589
3532
3613
3638
3515
3308
3748
3814
3547
3702
3710
3372
3446
3724
3499
3602
3453
3925
3398
3216
4131
3298
3650
3571
3528
3844
3551
3224
3440
3750
3645
3534
3034
3743
4036
3493
3605
3438
3823
3347
3616
3627
3080
3860
3415
3566
3878
3480
3199
3863
3578
3538
3283
3624
3374
3394
6870
3791
3931
3469
3350
3595
3300
3910
3443
3178
4246
3567
3843
3633
3380
3444
3256
3992
3433
3552
3335
3451
3710
3230
3826
4002
3377
3624
4031
3986
3999
3437
3486
4696
3689
3316
3160
3999
3260
3163
3588
3441
3973
3553
3601
4048
3570
3658
3309
3635
3597
3424
3718
3264
3429
4141
3506
3649
3435
3179
3212
3736
3413
4077
3219
3422
3367
3110
3650
3397
3355
3787
3475
3189
3457
3879
3883
3305
3343
3254
3621
3903
3231
3247
3527
3334
3571
3482
3374
3511
3522
3780
3595
3433
3165
3733
3433
3460
3642
3668
3399
3545
3298
3375
4093
4078
3553
3501
2988
3972
3704
3161
4027
3581
3206
3335
3330
3506
3543
3403
3582
3565
3534
3224
3948
3437
3415
3404
4489
3667
3270
3402
3730
3328
3696
3535
3606
3896
3766
3818
3683
3579
3441
3569
4029
3530
3821
4212
4072
3459
3394
3396
3476
3780
3423
3749
3845
3560
3539
3599
6870
3281
3772
3235
3953
6851
3211
3442
3512
3393
2946
3639
3645
3489
3830
3553
3468
3614
3796
3939
3801
3461
3998
3533
3601
3864
3213
3916
3625
3674
3711
3628
2996
3390
3289
3666
3709
3284
3575
4624
3767
3610
3813
3824
3407
3563
3732
3121
3231
3494
4201
3885
4072
7043
3379
3869
3692
3177
3013
3448
3471
3611
3438
3335
3459
3634
3248
3603
3578
3777
4006
2718
3136
3300
4152
3769
3510
3459
3466
3261
3843
3695
3604
3773
3680
3868
3251
3217
3481
5220
3542
3801
3719
3865
3744
3573
3919
3545
3831
3369
3360
3703
3259
3929
3394
3553
3464
3357
3884
3274
3957
3654
3406
6870
3697
3911
3492
3746
3986
3445
3418
3698
3666
3135
3346
3672
3490
3340
3680
3346
3595
3588
3791
4155
3487
3726
3554
3264
3627
4170
3626
3271
3597
3393
3340
3401
3347
3793
3566
3417
3380
4969
3583
3592
3619
3614
3470
3718
3518
3543
4195
3159
3438
3606
3216
3495
3613
3424
3512
3508
4164
3938
3537
3960
3981
3436
3580
3501
3393
3140
3348
4036
3544
3135
3585
3689
3879
3661
3352
3351
3648
3990
3421
3275
3325
3812
3167
3849
3394
4002
3226
3327
3558
3915
3701
3948
3743
3554
3659
4007
3361
3636
3886
3847
3796
4043
3128
5305
3615
4060
3464
3374
3464
3532
3782
3525
4083
3135
3793
3354
3103
3054
3452
3543
3690
3576
3342
3503
3639
3263
3849
3524
3454
3275
3462
3217
3451
3581
3463
3269
4076
3964
3347
2817
3426
3125
3667
3638
3493
3005
3132
3597
3364
3708
3689
3262
3427
3209
3205
3721
3795
3412
3673
3339
3479
4113
3967
3060
3603
3817
3637
3304
3510
4023
3147
3586
3190
3301
3571
3793
3698
3353
3916
3576
3805
3779
3335
3483
3861
3561
3840
3507
3462
3968
3726
3294
3299
3863
4130
3424
3555
3548
3329
4182
3688
3540
3735
3659
3431
3202
3257
3243
3666
3462
3392
3279
4079
4063
3571
3566
3268
3916
3627
3544
6016
4023
3507
3177
3308
3468
3637
3594
3685
3538
3406
2868
3802
3422
3484
3512
3380
3636
3415
3569
3571
3563
3275
6968
3581
3856
3708
3655
3356
3567
3096
3137
3657
3501
3843
3628
3604
3697
3682
3161
3833
3934
3673
3534
3547
3490
3560
3646
3848
3437
3062
3585
3160
3656
3299
3590
3468
3356
3422
3392
3466
3497
3867
3399
6870
3337
3809
3520
3825
3597
3685
3736
3400
3784
3571
3915
3097
3474
3216
3367
3447
3333
3998
3866
3762
3307
3359
3105
3509
3890
3544
3608
3641
3521
3403
3641
3626
3558
3498
3278
3608
3302
3234
3178
3898
3912
3457
3263
3618
3827
3410
4025
3386
3452
4037
3491
3418
3475
3412
3605
3960
2944
3629
3456
3430
3349
3646
3397
6870
3701
3530
3606
4083
3842
3318
3537
3344
3909
3702
3466
3378
3576
3461
3323
3907
4086
3477
3389
3909
3579
3603
3226
3806
3216
3409
3217
3436
3727
3824
3475
3231
3314
3314
3464
3608
3292
3339
3362
3346
3859
3694
4051
3874
3557
3116
3478
3860
3914
3410
3369
3411
3776
3428
3254
3155
3238
3339
3531
3302
3297
3896
3273
3531
3344
3508
3756
3841
3655
3185
3672
3961
3587
3572
4168
3540
3906
3804
3446
3413
3564
4011
3969
3863
3888
3722
3444
3538
6873
3503
3370
3674
3315
3393
3223
4156
3736
3309
3571
3412
4121
3500
3770
3368
3726
3618
3077
3381
3982
3443
3978
3486
3592
3761
3138
3441
3446
3550
3650
3238
3667
3668
3851
3485
3915
3387
3750
3508
3289
3496
3607
3407
3701
3606
3659
3325
3357
3525
3958
3631
3456
3742
3777
3684
3278
3674
3563
3148
3144
3356
3243
3629
3648
3623
3825
3620
3435
3703
3351
3533
3370
3747
3287
3473
3417
3741
3587
3543
3469
3418
3435
3575
3198
3518
3422
3571
3612
3990
3523
3223
3558
3526
3641
3514
3285
3834
3510
3306
3387
3254
4012
3923
3654
3804
3845
2928
3882
4011
3119
3532
3350
4091
4124
3510
3303
3496
3748
3704
3550
3644
2880
3428
3159
3889
3185
3447
3486
3562
3317
3437
3843
3215
3472
3950
3279
3400
3746
3384
3411
3146
3353
3710
3553
3642
3396
3691
3909
3254
3433
3120
3380
3290
3534
3611
3832
3899
3365
3499
3359
3286
3609
3511
3411
3475
3212
3740
3692
4328
3640
3493
3137
3294
3739
3647
3864
3533
3804
3662
3718
3655
3648
3640
3217
3504
3218
3373
3768
3524
3581
3730
3686
3215
3662
3125
3558
3908
3994
3339
3441
3589
3477
6871
3521
3160
3145
4172
3561
3291
3346
3691
3648
3372
3430
3497
3599
3461
3601
3707
3423
3288
3662
3587
3289
3679
3755
3505
3584
3516
3692
3257
3648
3379
4312
3788
3545
3547
3312
3841
3153
3882
3344
3415
3223
3897
3330
4871
3855
3523
3759
3567
3352
3795
3644
3462
3487
3422
3604
3450
4099
3329
4145
3393
4148
3785
2981
3897
3864
3364
3269
3268
3662
3517
3448
3759
3449
3373
3571
3796
3516
3967
3792
3521
3257
3769
3578
3550
3381
3452
3779
3521
3833
3548
3673
3624
3365
4025
3528
3466
3303
3842
3778
3510
3460
3846
3177
3307
3498
3255
3403
3523
3491
3630
3221
3308
3295
3916
3346
3494
3557
3745
3194
3606
3472
3443
3351
3966
3505
3570
3301
3537
3896
3387
3529
3273
3246
3278
3780
3361
3692
3770
3762
3682
3677
3255
3729
3477
3389
3628
3753
3409
3720
3801
3624
3304
3388
3298
3478
3857
3510
3337
3262
3293
3168
4142
3641
3747
3478
3805
3643
2949
3611
4018
3306
4341
3821
3326
3261
3425
3468
3499
3578
3264
3565
3888
3313
3675
3472
3400
3379
3315
3571
3826
3382
3401
3577
3229
3391
3336
3234
3091
3635
3557
3661
3095
3410
3564
3954
3246
3375
3848
3169
3474
3328
3469
3841
3814
4054
3969
3740
3405
3163
3143
3843
3668
3316
3674
3452
3385
3290
3144
4078
3469
3459
3704
3361
3288
3491
3955
3901
3504
3665
3896
3511
3855
3198
3318
3478
3764
3919
3504
3622
3509
3433
3244
3684
3408
3733
3506
3314
3502
3537
3613
3714
3344
3633
3528
3864
4004
3111
3545
3365
3779
3840
3903
3368
4064
3946
4190
3362
3742
3387
3980
3608
3758
3739
3668
3031
3827
3325
3408
3236
3345
3998
3435
4019
3474
3505
3280
3756
3510
3562
3387
3184
3257
4024
3801
3080
3760
3531
3314
3488
3427
3540
3591
3225
3831
3556
3521
3285
3305
3248
3518
3914
3761
4047
3912
3317
3397
6870
3544
3525
6853
3562
3782
3224
3830
3185
3869
3893
3341
3491
3429
3486
3168
3751
3793
3457
3696
3849
3532
3740
3066
3190
3480
3490
3463
3640
3417
3427
3595
3422
3937
3820
3403
3614
3676
3392
3338
3719
3826
3847
3751
3684
3564
3408
3462
3465
3200
3540
3217
3291
3716
3758
3329
3185
3365
3382
3593
3552
3880
3573
3852
3556
3382
3441
3269
3508
3413
3430
3361
3367
3255
3364
3580
3803
3573
3819
3576
3556
3483
3801
3468
3165
3714
6852
3592
3336
3958
3632
3328
4174
3906
3506
3733
3520
3806
3821
3438
3582
3383
4064
3473
3567
3451
3695
3751
3655
3486
3903
3346
3055
3731
3429
3393
3579
3261
3697
3118
3750
3970
3620
3406
3633
3683
3432
3877
3853
3281
3081
3965
3914
4094
2887
3290
3684
3825
3455
3668
3387
3232
4106
3588
3325
3328
3581
3688
3766
3632
3370
3508
3717
3903
3276
4034
3802
3878
3512
3230
3470
3645
3497
3339
3390
3530
3883
3698
3874
3389
2643
3705
3564
3912
3639
3242
3713
3937
3434
3618
3497
3788
3224
4683
3921
3405
3550
3407
3624
3546
3387
3433
3326
3381
3254
3461
3463
3460
3756
3196
3757
3959
3716
3465
3615
3638
3462
3328
3331
3704
3380
3472
3675
3467
3574
3490
3547
3408
4087
4174
3318
3017
3444
3697
3936
3414
3573
3181
3602
3421
3629
3468
3382
3338
4247
3395
3334
3640
3657
3678
3440
3466
3643
3124
3992
3386
3114
3598
3110
3435
3988
3344
3640
3634
3787
3926
3363
6828
3547
3530
3404
3777
3595
3434
3373
3363
3554
3330
3815
3447
3570
3595
3975
3623
3523
3387
3414
3668
3331
3203
3330
3651
3738
3760
3302
3832
5777
3510
3711
3341
3689
3886
3568
6871
3742
3269
3394
3357
3392
3240
3194
3315
4112
3476
3691
3653
3707
3695
3646
3795
3141
3403
3810
3469
3169
3564
3840
3544
3446
3690
3371
3635
3685
3788
3483
3665
3573
3367
4162
3600
3634
3684
3493
4066
3614
3382
3361
3353
3432
3755
3466
3436
3912
3942
3546
3651
3647
3819
3671
3326
4011
3560
3278
3567
3252
4073
3879
3638
3544
3744
3437
3331
3780
2613
3373
3736
3180
3383
3885
3222
3850
3488
3362
3222
3403
3433
3157
3622
3399
3617
3433
3440
3852
3338
3582
3211
3669
3373
3261
3247
3290
3549
3775
3455
4064
3935
3368
3858
3185
3607
3780
3820
3771
3751
3378
3487
2928
3714
3244
3847
3494
3743
3806
3729
4226
3336
3638
3721
3581
3264
3881
4129
3553
3789
3242
3202
3658
3698
3430
3428
3757
3806
3497
3489
3481
3370
3844
3930
3693
3567
3505
3456
3553
4345
3385
3595
3457
4102
3590
3774
3864
4144
3715
3109
3915
3058
6842
3556
3442
3117
3694
3593
3428
3674
3711
3763
3687
3874
3396
3549
3245
3466
3526
3287
3513
3323
3571
3333
3927
4247
3844
3720
3454
3946
2886
4083
3826
3922
3306
3364
4079
3594
3585
3326
3942
3522
3652
3418
2978
3337
3308
3154
3442
3449
3900
2988
3679
3802
3676
3287
3331
3762
3528
3498
3770
3377
3386
3706
3792
3300
3987
3175
3732
3514
3653
3399
4193
3138
3619
3786
3524
3706
3605
3815
3189
3403
3238
3560
3460
3479
3963
3653
3348
3856
3488
3541
3171
4001
3307
3807
3765
3716
3568
4011
3685
3523
3239
3303
3819
3274
3382
4055
3397
3363
3890
3382
6868
3346
3364
3402
3879
3698
3414
3604
3746
3242
3605
3349
3508
3339
3270
3441
3711
3149
2829
3699
3864
3225
3577
3472
4159
3150
3324
3596
3468
3220
3460
3512
3555
3777
3364
3202
3780
3609
3516
3796
3464
3612
3063
3713
3190
3390
3418
3215
3502
3443
3939
3620
4127
3608
3807
4147
3611
3718
3800
3535
3815
3495
3329
3456
3233
3401
3621
3694
3726
2962
3245
3338
3713
3525
3382
3945
3848
3434
3217
3351
3251
3496
3650
4404
3805
3472
4240
3410
3495
4036
3388
3700
4003
3872
3322
3501
3561
3126
3968
3528
3266
4031
4415
3477
3349
3541
3498
3287
3409
3808
3519
3411
3711
3095
3372
3873
3241
3579
3512
3812
3594
3521
3276
3511
3064
3621
3408
3627
4046
3850
3485
3186
4182
3696
3588
3593
3693
3856
4004
3217
3366
3600
3782
4349
3461
3531
3352
3340
3899
3653
3587
3735
3245
3207
3421
3184
3694
3337
3185
3590
3719
3832
3231
3836
3476
3796
3400
3677
3288
3767
3899
3578
3498
3219
3491
3747
4067
3647
3893
4018
3702
3455
3279
4447
3871
3213
3824
3488
4067
3372
3264
4155
3511
3704
3543
3561
3727
3676
3536
3776
3914
3426
3535
3578
3367
3542
3393
3519
3324
4017
5640
3257
3995
3310
3701
3380
3793
3200
3629
3410
3081
3398
3599
3077
3794
3636
3894
3432
3955
3287
3865
3713
3909
3591
3658
3862
4056
3902
4157
3634
3234
3746
3584
3445
3687
3827
3507
3263
3961
4046
4052
3256
3993
3486
3801
3356
3567
3250
3572
3789
3375
3321
3367
3648
3755
3299
3338
3559
3779
3590
3600
3455
3248
3586
3669
3322
3206
3495
3876
3525
3604
3234
3712
3595
3673
3506
4191
3452
3990
3667
3532
3869
3795
3924
3587
3771
3747
3582
3433
3470
3515
3921
3869
3705
3587
3717
3992
3408
3378
3742
3640
3524
3808
3872
3327
3502
3850
3373
3547
3856
3504
3675
3912
3853
3985
3201
3305
3516
3741
3980
3119
3568
3937
3378
3597
3610
3563
3309
2945
3473
3299
3535
3819
3743
3394
3571
3629
3342
3330
3502
3282
3968
4282
3580
3676
3371
3750
3592
3705
3464
3974
3634
3479
3178
3833
3346
3961
3740
4105
3355
3835
3713
3492
3680
4225
3417
3400
3864
3469
3361
3467
3465
3238
3736
3895
3410
3550
3776
3414
3542
4098
3721
3463
3635
3458
3927
3576
3484
6851
3679
3464
3684
3242
3936
3648
3305
3352
3551
3555
4917
3376
3537
3307
3951
3251
3833
3366
3107
3744
3755
3353
3304
3828
3685
3664
3940
3430
4422
3799
3550
3120
3072
3651
3430
3669
3344
4047
3466
3343
3304
3420
3438
3398
3794
3872
4008
3935
3211
3758
3793
3456
3583
3902
3703
3356
3433
4121
3265
3907
3463
3759
3495
3150
2859
3580
3472
3532
3840
3369
3884
3965
3654
3637
3631
3665
3330
3677
3929
3950
3246
6844
3520
3412
3413
3625
3645
3732
3990
3251
3467
3524
3426
3637
3417
3459
3403
3662
3403
3365
3346
3528
3576
3935
2845
3518
3486
3148
3347
3349
3879
3561
3410
3498
6230
3967
3386
3604
3805
3806
3690
3188
3598
3380
3148
3436
3437
3591
3464
4048
3314
3378
3655
3608
3366
3652
3502
3550
3319
3573
3553
3555
3854
3945
3434
3956
3598
3945
3748
3882
3467
3107
3513
3776
3213
3321
3888
